elapsed
4.080000000000000071e+00
