"","X","x.1","x.2","x.3","x.4","x.5","x.6","x.7","x.8","y","yp","yv","ysd","ysd0","zscore"
"1",1,0.00025,0.16925,0.39875,0.37625,0.21025,0.51025,0.18425,0.19025,-0.420199534610014,-0.307407493493678,0.000260304826524966,0.0161339649970169,0.0161339649970169,6.99096850260867
"2",2,0.00075,0.87175,0.35375,0.34775,0.32775,0.01875,0.95875,0.09575,-0.412741025920644,-0.318232888533198,0.000523332836563081,0.0228764690580317,0.0228764690580317,4.13123796105523
"3",3,0.00125,0.41125,0.53725,0.58525,0.74075,0.29975,0.64525,0.01125,-0.393055029759927,-0.331951093057049,0.000263056369187016,0.0162190125836013,0.0162190125836013,3.76742643165953
"4",4,0.00175,0.73925,0.82125,0.49425,0.23675,0.21375,0.38025,0.43325,-0.357330827685611,-0.277495182190042,9.26555665100018e-05,0.00962577615104371,0.00962577615104371,8.29394370311765
"5",5,0.00225,0.19225,0.86825,0.80275,0.81425,0.58625,0.68225,0.25025,-0.376907643789923,-0.330425090911626,0.000236170882589945,0.0153678522438871,0.0153678522438871,3.02466162093577
"6",6,0.00275,0.14125,0.87175,0.21425,0.50875,0.17975,0.74075,0.34575,-0.381679996359256,-0.349930842756294,0.00027033817804937,0.0164419639352898,0.0164419639352898,1.93098304605924
"7",7,0.00325,0.00325,0.27975,0.91075,0.89075,0.83475,0.82075,0.71175,-0.368668929520302,-0.322121919087683,0.000536492097336174,0.0231622990511774,0.0231622990511774,2.00960234257285
"8",8,0.00375,0.77475,0.81825,0.68375,0.17175,0.30425,0.10325,0.64575,-0.291920909116418,-0.218181377421743,0.000148666635643504,0.0121928928332658,0.0121928928332658,6.04774705256917
"9",9,0.00425,0.81575,0.53975,0.16275,0.86075,0.09575,0.62175,0.03475,-0.371374975310472,-0.331014297438701,0.000513106909444281,0.0226518632665015,0.0226518632665015,1.78178180739145
"10",10,0.00475,0.56625,0.85125,0.27475,0.29075,0.61475,0.26175,0.31975,-0.363967030102469,-0.330532365016612,0.000172387906864153,0.0131296575303453,0.0131296575303453,2.54649940476991
"11",11,0.00525,0.76025,0.24425,0.54175,0.08075,0.45725,0.09175,0.57525,-0.303997792456515,-0.249030345768042,0.000111088923573706,0.0105398730340411,0.0105398730340411,5.21519059204434
"12",12,0.00575,0.99075,0.93525,0.69025,0.63575,0.40275,0.64325,0.46775,-0.3350111598408,-0.286021001903844,0.000171441270987074,0.0130935583775792,0.0130935583775792,3.74154653183083
"13",13,0.00625,0.42925,0.97975,0.31875,0.17875,0.84125,0.28475,0.97675,-0.351713540504275,-0.332708027816042,0.000187171675474292,0.013681069968182,0.013681069968182,1.38918320953215
"14",14,0.00675,0.55925,0.07625,0.55075,0.58675,0.09725,0.67275,0.88025,-0.303928049396466,-0.25206814934046,0.00052363117420564,0.0228829887515954,0.0228829887515954,2.26630798183608
"15",15,0.00725,0.54725,0.80725,0.50875,0.75325,0.03425,0.58225,0.87475,-0.292082738397251,-0.25538732911171,0.000378605127621904,0.019457778075153,0.019457778075153,1.88589926063552
"16",16,0.00775,0.09575,0.40475,0.18225,0.38875,0.86725,0.24225,0.76475,-0.362512541850898,-0.355586224746867,0.000264687940537499,0.0162692329425053,0.0162692329425053,0.425731018082306
"17",17,0.00825,0.27925,0.48425,0.07575,0.54125,0.56025,0.63925,0.82975,-0.366846797903095,-0.364961541644703,8.75396425106657e-05,0.00935626220831084,0.00935626220831084,0.201496731966038
"18",18,0.00875,0.76325,0.01575,0.02525,0.68675,0.28725,0.50725,0.63325,-0.345583534939283,-0.317192920700445,0.000328113280314418,0.0181138974357927,0.0181138974357927,1.56733879826098
"19",19,0.00925,0.29225,0.44575,0.61975,0.49925,0.86275,0.87925,0.96325,-0.35486941498818,-0.334712864955866,0.000317316461616602,0.0178133787254581,0.0178133787254581,1.1315399702083
"20",20,0.00975,0.13525,0.32775,0.13925,0.08525,0.18375,0.49725,0.39825,-0.332566991931296,-0.309265593738725,6.26690122637388e-05,0.00791637620782002,0.00791637620782002,2.94344250208236
"21",21,0.01025,0.58475,0.11575,0.61275,0.65775,0.96075,0.60225,0.51725,-0.357030224720947,-0.33677549845597,0.000151174610217698,0.0122953084637067,0.0122953084637067,1.64735405579819
"22",22,0.01075,0.07725,0.92775,0.34975,0.84775,0.74975,0.03225,0.71675,-0.308033274578309,-0.29253761417388,0.000349125383495953,0.0186848972032482,0.0186848972032482,0.829314725998877
"23",23,0.01125,0.89825,0.05525,0.49975,0.61275,0.33675,0.88425,0.70675,-0.327178391435248,-0.281795315574997,0.000502618917040486,0.0224191640575755,0.0224191640575755,2.02429830763096
"24",24,0.01175,0.97725,0.60825,0.15525,0.70225,0.26825,0.64575,0.91275,-0.323345845359242,-0.30137793689047,0.000196833065412413,0.0140297207888259,0.0140297207888259,1.56581223528472
"25",25,0.01225,0.22025,0.39525,0.71075,0.47775,0.68075,0.90725,0.85425,-0.330187523298576,-0.31290821082864,0.000394596285415143,0.0198644477752376,0.0198644477752376,0.869861204572514
"26",26,0.01275,0.70275,0.55375,0.09425,0.50175,0.07975,0.30425,0.35275,-0.3034319993872,-0.283867493276586,0.000296409259830839,0.0172165402979472,0.0172165402979472,1.13637849254457
"27",27,0.01325,0.79625,0.75525,0.59075,0.04775,0.60825,0.14575,0.64325,-0.275856791401578,-0.252085050559837,0.000146905910562422,0.0121204748488837,0.0121204748488837,1.96128791471651
"28",28,0.01375,0.31525,0.23775,0.96125,0.26625,0.91525,0.07975,0.88775,-0.247584739098207,-0.216500921344978,0.000327282729370019,0.018090957115919,0.018090957115919,1.71819642012622
"29",29,0.01425,0.10625,0.19625,0.92875,0.53925,0.73825,0.50425,0.84625,-0.27983341920711,-0.25607926543839,0.000269863197850095,0.016427513440874,0.016427513440874,1.44599813320598
"30",30,0.01475,0.57375,0.09625,0.74525,0.70825,0.44675,0.97675,0.62075,-0.316274173341261,-0.285537800075427,0.000648881149855713,0.0254731456607878,0.0254731456607878,1.20661867502089
"31",31,0.01525,0.10125,0.03225,0.36325,0.36875,0.55675,0.49575,0.23725,-0.334325967409899,-0.33113748769292,0.00022831537195551,0.015110108270807,0.015110108270807,0.211016338191249
"32",32,0.01575,0.74325,0.74775,0.37225,0.89225,0.68625,0.69225,0.38275,-0.350652629500801,-0.347146416019964,4.52551419769235e-05,0.0067271942128144,0.0067271942128144,0.521199978760558
"33",33,0.01625,0.79275,0.12425,0.34675,0.15825,0.06175,0.61925,0.42025,-0.295100645159433,-0.268683697070093,0.000194733777597869,0.0139547044969741,0.0139547044969741,1.89304962316244
"34",34,0.01675,0.21425,0.40375,0.93525,0.51075,0.47225,0.22075,0.45875,-0.234552671232447,-0.210268502164659,0.000176952565612497,0.0133023518827498,0.0133023518827498,1.8255545547009
"35",35,0.01725,0.34825,0.15275,0.70625,0.75925,0.76775,0.45675,0.66475,-0.297749521106523,-0.288439294215604,0.000155793457562845,0.012481724943406,0.012481724943406,0.745908673130752
"36",36,0.01775,0.03125,0.02875,0.83275,0.98575,0.74825,0.95825,0.73225,-0.319674523188549,-0.312689090473114,0.000848088088520658,0.029121952003955,0.029121952003955,0.239868286112357
"37",37,0.01825,0.92475,0.85925,0.78175,0.83975,0.68525,0.16975,0.22475,-0.272232255950175,-0.251017162480792,0.000134839625372884,0.0116120465626385,0.0116120465626385,1.82699004477317
"38",38,0.01875,0.00925,0.77525,0.41725,0.51825,0.48025,0.02075,0.80525,-0.239373189401631,-0.232351495893551,0.000232606592462425,0.0152514455859904,0.0152514455859904,0.46039527653234
"39",39,0.01925,0.69825,0.52275,0.38875,0.89825,0.07425,0.67325,0.29175,-0.295398463032773,-0.28831200516432,0.000299705376774568,0.0173120009465852,0.0173120009465852,0.409337885916118
"40",40,0.01975,0.90325,0.85975,0.95025,0.10125,0.22175,0.99225,0.71375,-0.268159147314473,-0.234888555468766,0.00120124471310747,0.0346589773811558,0.0346589773811558,0.959941532025591
"41",41,0.02025,0.83175,0.40675,0.19425,0.22825,0.35425,0.59825,0.97425,-0.299822515229892,-0.292791570107898,0.000190829943953871,0.013814121179209,0.013814121179209,0.508967963345792
"42",42,0.02075,0.53675,0.60575,0.81525,0.28175,0.80025,0.68525,0.08775,-0.325925205342904,-0.322839864681727,7.26112496138301e-05,0.00852122348104016,0.00852122348104016,0.362077190915356
"43",43,0.02125,0.43775,0.91925,0.69275,0.91775,0.78075,0.61525,0.55175,-0.309201571839112,-0.308417108129742,9.14622085499268e-05,0.00956358764010279,0.00956358764010279,0.0820260909285282
"44",44,0.02175,0.26625,0.98225,0.46375,0.31325,0.84875,0.57775,0.54325,-0.332405609471238,-0.341788244614655,6.88607069314633e-05,0.00829823516968899,0.00829823516968899,-1.13067838541007
"45",45,0.02225,0.62325,0.68675,0.31225,0.14625,0.99375,0.84575,0.58825,-0.371887307647945,-0.374274383730847,0.000144894793251247,0.0120372253136363,0.0120372253136363,-0.198307834297811
"46",46,0.02275,0.01825,0.53025,0.99275,0.37325,0.53125,0.65025,0.92625,-0.24170601293173,-0.227571226449035,0.000312211572894952,0.017669509695941,0.017669509695941,0.799953520268987
"47",47,0.02325,0.84525,0.42625,0.78775,0.79625,0.63125,0.23675,0.14325,-0.266240092323128,-0.255974594811343,0.000124514824310572,0.0111586210756783,0.0111586210756783,0.919961117253102
"48",48,0.02375,0.34225,0.64775,0.55525,0.27425,0.16625,0.94525,0.53675,-0.290592677410878,-0.287816486485696,0.000581599417265269,0.0241163723902512,0.0241163723902512,0.11511643958128
"49",49,0.02425,0.57175,0.73575,0.85425,0.10075,0.33075,0.46025,0.13975,-0.254725278769422,-0.242131652002416,9.77848082467771e-05,0.00988862013866328,0.00988862013866328,1.27354743032008
"50",50,0.02475,0.82125,0.13375,0.82925,0.62725,0.30575,0.58475,0.81675,-0.229803630895245,-0.208550941979854,0.000312499011678861,0.0176776415756984,0.0176776415756984,1.20223553715487
"51",51,0.02525,0.94925,0.28825,0.48475,0.75625,0.25925,0.99675,0.43675,-0.308846341920643,-0.284349795991535,0.000473250517361149,0.0217543218088073,0.0217543218088073,1.12605422243917
"52",52,0.02575,0.53575,0.03725,0.39175,0.06075,0.34825,0.04825,0.20975,-0.246395680524457,-0.231004849753882,0.00020555687747652,0.0143372548793875,0.0143372548793875,1.07348518946275
"53",53,0.02625,0.62925,0.84975,0.39075,0.87525,0.64725,0.91725,0.96875,-0.32167740622039,-0.318909906255507,0.000312145563646208,0.0176676417115077,0.0176676417115077,0.156642296129447
"54",54,0.02675,0.55825,0.71475,0.61475,0.75725,0.92275,0.81625,0.70425,-0.328270783499159,-0.326761155493762,9.52850757895884e-05,0.00976140746970376,0.00976140746970376,0.154652698402602
"55",55,0.02725,0.32175,0.73925,0.92775,0.66525,0.66675,0.92025,0.14475,-0.310079478188937,-0.320601914870401,0.000228834298659274,0.0151272700332636,0.0151272700332636,-0.695593894888242
"56",56,0.02775,0.15375,0.29025,0.76675,0.37525,0.97025,0.56725,0.67675,-0.299604209917934,-0.300689406134798,0.000127794384325489,0.0113046178319079,0.0113046178319079,-0.0959958340034244
"57",57,0.02825,0.03475,0.94075,0.05525,0.40175,0.51175,0.04125,0.58425,-0.278542178735807,-0.278903756499961,0.000344806186403385,0.0185689576014214,0.0185689576014214,-0.0194721627306824
"58",58,0.02875,0.94825,0.39225,0.45825,0.67725,0.06225,0.32125,0.31375,-0.231471861068743,-0.227145757729869,0.000199352147967792,0.0141192120165324,0.0141192120165324,0.306398355220427
"59",59,0.02925,0.20525,0.24675,0.71475,0.39325,0.12025,0.93225,0.29875,-0.274481687149084,-0.272428079629653,0.000633422039424039,0.0251678771338395,0.0251678771338395,0.081596374160212
"60",60,0.02975,0.68225,0.77325,0.31125,0.03475,0.69675,0.49875,0.32675,-0.323104231702222,-0.326475049134447,9.87244868804009e-05,0.00993601966988798,0.00993601966988798,-0.339252290576736
"61",61,0.03025,0.63475,0.51825,0.33725,0.92375,0.36175,0.70475,0.35575,-0.303928953024792,-0.310179930824581,0.000129964109703112,0.0114001802487115,0.0114001802487115,-0.548322716256659
"62",62,0.03075,0.48175,0.59875,0.99075,0.27925,0.22725,0.03525,0.97125,-0.0940541237809093,-0.0967922774893548,0.000183581181120222,0.0135492133026321,0.0135492133026321,-0.202089497544008
"63",63,0.03125,0.63725,0.37925,0.36025,0.25325,0.87325,0.00075,0.34125,-0.287446586360581,-0.284017171447008,9.88913905873624e-05,0.00994441504500704,0.00994441504500704,0.344858385138991
"64",64,0.03175,0.64625,0.46325,0.45875,0.17275,0.71825,0.42625,0.14375,-0.310278157958559,-0.311256920552631,0.000126640226309042,0.0112534539724052,0.0112534539724052,-0.0869744166077386
"65",65,0.03225,0.55675,0.99925,0.52975,0.07325,0.26075,0.82925,0.76375,-0.266443893818062,-0.269778411870833,0.000379271231035469,0.0194748871892874,0.0194748871892874,-0.171221430982422
"66",66,0.03275,0.02175,0.89575,0.87825,0.40375,0.71075,0.72375,0.51775,-0.277186066650366,-0.284713475790301,0.000161618288321612,0.0127129181670304,0.0127129181670304,-0.592107102479156
"67",67,0.03325,0.25125,0.31375,0.90475,0.25125,0.47575,0.96125,0.07025,-0.294957204467344,-0.30093119221861,0.000407807890334983,0.0201942538939913,0.0201942538939913,-0.295826118787359
"68",68,0.03375,0.34425,0.74325,0.46325,0.94325,0.30325,0.75425,0.19625,-0.2941009705275,-0.311927303780638,0.000239777580339471,0.0154847531572018,0.0154847531572018,-1.1512184322323
"69",69,0.03425,0.26525,0.62625,0.12575,0.44975,0.83875,0.22525,0.38225,-0.326679564886963,-0.336170685003122,0.000189749981942456,0.0137749766585086,0.0137749766585086,-0.689011702266408
"70",70,0.03475,0.61525,0.03475,0.78725,0.99875,0.64525,0.78425,0.34875,-0.289624403923422,-0.288267270420281,0.000264906554385363,0.0162759501837946,0.0162759501837946,0.0833827511030499
"71",71,0.03525,0.84825,0.57275,0.29925,0.51875,0.54325,0.44925,0.24625,-0.301596682526808,-0.304666462969678,0.000112979386769017,0.0106291762036866,0.0106291762036866,-0.288806995391164
"72",72,0.03575,0.05725,0.28875,0.98025,0.72375,0.76375,0.09875,0.80575,-0.176465684896091,-0.176942259988241,0.000281682676337111,0.0167834047897651,0.0167834047897651,-0.0283956144846511
"73",73,0.03625,0.84325,0.13875,0.44875,0.79975,0.41125,0.48825,0.23025,-0.277048679386055,-0.277636758615113,0.000178792068106034,0.0133713151225313,0.0133713151225313,-0.0439806573750605
"74",74,0.03675,0.24475,0.61075,0.03175,0.64175,0.98875,0.07925,0.46075,-0.336956999800534,-0.344117668699156,0.000350153917932477,0.0187124001114896,0.0187124001114896,-0.382669719328269
"75",75,0.03725,0.87225,0.79575,0.56425,0.69375,0.12075,0.06025,0.00625,-0.194239128615866,-0.194534537826245,0.000359286999127683,0.018954867425748,0.018954867425748,-0.0155848734651507
"76",76,0.03775,0.83825,0.01225,0.35475,0.52975,0.29375,0.43075,0.48375,-0.253836299275254,-0.250714798246628,0.000132302784432189,0.0115022947463621,0.0115022947463621,0.2713807198875
"77",77,0.03825,0.79775,0.23475,0.67075,0.34225,0.60275,0.41575,0.56025,-0.246779121461091,-0.242841374677886,7.00360483064781e-05,0.0083687542864203,0.0083687542864203,0.470529621068532
"78",78,0.03875,0.55275,0.50275,0.92475,0.43625,0.17775,0.29875,0.77725,-0.1396189686448,-0.138988678214615,9.09814885657156e-05,0.00953842170202784,0.00953842170202784,0.0660791113954425
"79",79,0.03925,0.95075,0.35025,0.82675,0.96925,0.97875,0.38225,0.84275,-0.251700659926208,-0.236156943666983,0.000200098530617334,0.0141456187781706,0.0141456187781706,1.09883607800967
"80",80,0.03975,0.61425,0.04675,0.83525,0.17725,0.95775,0.20875,0.61475,-0.239150183219805,-0.233169692537026,0.000189528877570356,0.0137669487385679,0.0137669487385679,0.434409308580103
"81",81,0.04025,0.27125,0.15025,0.29975,0.49425,0.29125,0.17475,0.16925,-0.243642619137031,-0.241886058919585,0.000193084545673031,0.0138954865216383,0.0138954865216383,0.126412286083733
"82",82,0.04075,0.06425,0.91525,0.77725,0.82275,0.46625,0.79575,0.81375,-0.243908653063004,-0.256652588889127,0.000391523878200218,0.0197869623287714,0.0197869623287714,-0.644057213753957
"83",83,0.04125,0.68725,0.99825,0.87225,0.90275,0.23575,0.09025,0.97325,-0.0962525149790533,-0.109274144998748,0.000330035596429551,0.0181668818576428,0.0181668818576428,-0.716778483051373
"84",84,0.04175,0.16075,0.27325,0.95925,0.67125,0.95825,0.08575,0.95575,-0.182915348515066,-0.186404319969937,0.000306677809565982,0.0175122188647236,0.0175122188647236,-0.199230690400926
"85",85,0.04225,0.61325,0.39375,0.62125,0.80875,0.81325,0.75925,0.34075,-0.309425477497611,-0.316590175458811,3.08561841438192e-05,0.00555483430390315,0.00555483430390315,-1.28981308338318
"86",86,0.04275,0.92725,0.89675,0.36525,0.44225,0.04875,0.42475,0.93575,-0.191839233300176,-0.203708145008424,0.000223868985499322,0.0149622520196434,0.0149622520196434,-0.793257037287283
"87",87,0.04325,0.64475,0.05125,0.91625,0.68875,0.82325,0.50675,0.56125,-0.246867838157165,-0.241481933437724,0.00018591809898551,0.0136351787295037,0.0136351787295037,0.395000668952511
"88",88,0.04375,0.22225,0.38325,0.67275,0.18375,0.80275,0.55625,0.24075,-0.290127195498219,-0.29893068170921,0.000112842063615902,0.0106227145125859,0.0106227145125859,-0.828741674320675
"89",89,0.04425,0.82075,0.22525,0.38075,0.04475,0.52025,0.15025,0.40525,-0.2392777486368,-0.238465213692434,8.95280077170007e-05,0.0094619241022638,0.0094619241022638,0.0858741769204824
"90",90,0.04475,0.80875,0.19725,0.33325,0.80825,0.05025,0.96225,0.43825,-0.275043571253976,-0.262444507093481,0.000494704473829683,0.0222419530129367,0.0222419530129367,0.566454940048068
"91",91,0.04525,0.73075,0.34825,0.33525,0.14925,0.93825,0.56975,0.40775,-0.330132916649289,-0.332564910272784,0.00012706407757307,0.0112722702936485,0.0112722702936485,-0.215750116005055
"92",92,0.04575,0.93375,0.84875,0.88725,0.29525,0.83825,0.60275,0.51925,-0.260584914528738,-0.248929670952216,9.43162720824526e-05,0.00971165650558403,0.00971165650558403,1.20012930541978
"93",93,0.04625,0.84025,0.93075,0.31625,0.00025,0.68725,0.27525,0.26825,-0.285299829157917,-0.28465704169968,0.000191604065845885,0.0138421120442614,0.0138421120442614,0.0464370940057172
"94",94,0.04675,0.97175,0.66975,0.49925,0.48075,0.89475,0.85625,0.98125,-0.306479534063573,-0.291660719959947,0.000181667291659249,0.0134784009310915,0.0134784009310915,1.09944897613503
"95",95,0.04725,0.00825,0.56375,0.49275,0.81325,0.32775,0.45525,0.32575,-0.241223149604319,-0.256457671767942,0.000169775023509705,0.0130297744995723,0.0130297744995723,-1.16920842829038
"96",96,0.04775,0.17775,0.34225,0.02625,0.17575,0.48875,0.49125,0.26075,-0.313300904173171,-0.321225332095623,6.31701499489553e-05,0.00794796514517743,0.00794796514517743,-0.997038585059756
"97",97,0.04825,0.87025,0.40025,0.22075,0.77525,0.90275,0.91275,0.56575,-0.351616360364854,-0.343656388250054,7.75401480635031e-05,0.00880568839236905,0.00880568839236905,0.903957959913508
"98",98,0.04875,0.61875,0.99375,0.90275,0.24725,0.91925,0.92425,0.58575,-0.288521396788536,-0.284231093500405,0.000225457608129212,0.0150152458564358,0.0150152458564358,0.285729806168449
"99",99,0.04925,0.61775,0.74875,0.78225,0.68625,0.62975,0.21725,0.80175,-0.180968923273665,-0.185030594810901,6.0200265170333e-05,0.00775888298470424,0.00775888298470424,-0.523486633996559
"100",100,0.04975,0.13725,0.36525,0.79875,0.35175,0.20425,0.99575,0.47275,-0.242458520918651,-0.2471902142451,0.000673856494919837,0.0259587460197876,0.0259587460197876,-0.182277422909495
"101",101,0.05025,0.44175,0.59675,0.58725,0.32675,0.98275,0.22325,0.87875,-0.248140676812755,-0.253490212838794,6.1999801650548e-05,0.00787399527879894,0.00787399527879894,-0.679392841451514
"102",102,0.05075,0.27475,0.65925,0.03475,0.68825,0.48525,0.57175,0.12925,-0.32120461155765,-0.339378575617424,0.000178096459775402,0.01334527855743,0.01334527855743,-1.36182725460276
"103",103,0.05125,0.29975,0.42875,0.13725,0.16575,0.18725,0.07625,0.88825,-0.17853905502266,-0.188975608052941,0.000112660236277421,0.0106141526405748,0.0106141526405748,-0.983267660047127
"104",104,0.05175,0.45175,0.87675,0.13475,0.46425,0.37925,0.41175,0.32825,-0.276007742060016,-0.286576917148337,0.000110047891465592,0.0104903713692887,0.0104903713692887,-1.00751200470014
"105",105,0.05225,0.31375,0.99225,0.74225,0.58175,0.40725,0.85125,0.17075,-0.26659294398995,-0.285174015656574,0.00019627414627557,0.0140097875171457,0.0140097875171457,-1.32629218279605
"106",106,0.05275,0.39425,0.22025,0.97875,0.92175,0.94275,0.13575,0.34775,-0.207662956076843,-0.21239930102764,0.000204553651884059,0.014302225417188,0.014302225417188,-0.33116139710013
"107",107,0.05325,0.48425,0.72625,0.97375,0.93775,0.38175,0.08625,0.18025,-0.14160867756968,-0.147137747676557,0.0002030804832439,0.0142506309770445,0.0142506309770445,-0.387987740036454
"108",108,0.05375,0.05975,0.31575,0.30475,0.30575,0.19675,0.19225,0.25125,-0.211824699082179,-0.206782416941306,0.000109796162966184,0.0104783664264133,0.0104783664264133,0.481208800654525
"109",109,0.05425,0.93525,0.27475,0.51025,0.70975,0.85275,0.86925,0.98675,-0.294788829728341,-0.276071402525476,0.000209961724711912,0.0144900560631045,0.0144900560631045,1.29174291123169
"110",110,0.05475,0.20925,0.57425,0.09575,0.69875,0.02375,0.60675,0.95025,-0.225426006312934,-0.24220175936528,0.000298646347330426,0.0172813873091956,0.0172813873091956,-0.970741107307944
"111",111,0.05525,0.58525,0.99425,0.94875,0.73675,0.07375,0.77375,0.99775,-0.151200541802586,-0.15280089050259,0.000800938318488614,0.0283008536706689,0.0283008536706689,-0.0565477182641528
"112",112,0.05575,0.69375,0.13475,0.24625,0.25625,0.91075,0.22475,0.41075,-0.299209404954089,-0.301073088470654,0.000113892210749528,0.0106720293641616,0.0106720293641616,-0.174632532667458
"113",113,0.05625,0.43225,0.59325,0.91425,0.59925,0.29575,0.18725,0.45125,-0.130552309385246,-0.135337744376016,6.00511741286634e-05,0.00774926926417346,0.00774926926417346,-0.61753370900326
"114",114,0.05675,0.06575,0.11025,0.75425,0.36225,0.91875,0.17325,0.95375,-0.19825672917293,-0.206808497827925,0.000213326195678112,0.0146056905238373,0.0146056905238373,-0.585509369860879
"115",115,0.05725,0.09825,0.47975,0.35975,0.40475,0.83125,0.82975,0.63175,-0.316806178433525,-0.338274150553233,9.15519365692347e-05,0.00956827761769247,0.00956827761769247,-2.2436610827441
"116",116,0.05775,0.83425,0.83675,0.05875,0.37975,0.12225,0.14925,0.52975,-0.205373190290211,-0.213365981778305,0.000379216508992714,0.0194734821999743,0.0194734821999743,-0.410444901739482
"117",117,0.05825,0.09675,0.23375,0.36625,0.55825,0.75475,0.20175,0.24325,-0.26861064689989,-0.277439847673628,0.000216962154462895,0.0147296352454124,0.0147296352454124,-0.599417475493012
"118",118,0.05875,0.45975,0.35325,0.34075,0.98425,0.82025,0.39375,0.23925,-0.298255105877306,-0.313613924582164,0.000154272245138021,0.012420637871624,0.012420637871624,-1.23655635592972
"119",119,0.05925,0.23175,0.37775,0.36125,0.52775,0.98625,0.62475,0.79975,-0.310266674386532,-0.327246257231505,0.000106251120414246,0.0103078184119748,0.0103078184119748,-1.64725281008516
"120",120,0.05975,0.10425,0.75625,0.57375,0.64325,0.01675,0.33725,0.25875,-0.171577599821967,-0.176448006334466,0.000199675618779232,0.0141306623616599,0.0141306623616599,-0.344669371317913
"121",121,0.06025,0.00725,0.43225,0.88075,0.15575,0.40975,0.50825,0.18425,-0.208619493518473,-0.210345659965435,0.000194537569769235,0.0139476725574282,0.0139476725574282,-0.123760178614365
"122",122,0.06075,0.72325,0.21275,0.75175,0.72275,0.32625,0.61675,0.21525,-0.223482260956351,-0.229152525053259,0.000145447736003889,0.0120601714748958,0.0120601714748958,-0.47016446728897
"123",123,0.06125,0.05525,0.82875,0.34475,0.40525,0.09175,0.04025,0.35125,-0.153205483855293,-0.14791115455125,0.000251571414278406,0.0158610029404955,0.0158610029404955,0.333795367411842
"124",124,0.06175,0.37575,0.85175,0.27825,0.86425,0.44325,0.42975,0.89925,-0.229212798329839,-0.247196600245849,7.72084550160139e-05,0.00878683418621371,0.00878683418621371,-2.04667591704713
"125",125,0.06225,0.30675,0.63075,0.28675,0.51975,0.83575,0.72325,0.84575,-0.305271632162737,-0.322808999867682,5.2176288485475e-05,0.00722331561580103,0.00722331561580103,-2.42788334855284
"126",126,0.06275,0.45725,0.15875,0.95225,0.04925,0.11725,0.15725,0.63075,-0.072475257568096,-0.0756465364492902,0.000213875877740667,0.014624495811503,0.014624495811503,-0.216847057298195
"127",127,0.06325,0.35025,0.74375,0.65025,0.76775,0.38825,0.31675,0.97275,-0.15174314206072,-0.164907796586127,6.02404228860379e-05,0.00776147040747034,0.00776147040747034,-1.69615470191526
"128",128,0.06375,0.53025,0.42475,0.48875,0.03625,0.61425,0.32275,0.25225,-0.245756719833334,-0.246709490437901,7.85518317017213e-05,0.00886294712280973,0.00886294712280973,-0.107500427494929
"129",129,0.06425,0.50825,0.55725,0.39325,0.99625,0.69525,0.38075,0.11375,-0.27882528872372,-0.293090536352162,0.000146757655901107,0.0121143574283206,0.0121143574283206,-1.17754884754293
"130",130,0.06475,0.57275,0.11375,0.93925,0.89975,0.03925,0.78025,0.88625,-0.144057309092134,-0.140531074149641,0.000840746583003007,0.0289956304122364,0.0289956304122364,0.121612632398739
"131",131,0.06525,0.90025,0.05275,0.47175,0.58725,0.89425,0.36475,0.55925,-0.268536192338994,-0.267516050792322,9.07252888931689e-05,0.00952498235658045,0.00952498235658045,0.107101673103598
"132",132,0.06575,0.02825,0.17275,0.89925,0.19425,0.41525,0.76875,0.43525,-0.215593231833438,-0.219661077236776,0.000267957790043574,0.0163694163012483,0.0163694163012483,-0.248502776670649
"133",133,0.06625,0.28325,0.93775,0.50575,0.71125,0.74325,0.69675,0.82625,-0.265329747327716,-0.280785047131275,7.9625484484141e-05,0.00892331129593387,0.00892331129593387,-1.73201396779709
"134",134,0.06675,0.39375,0.50325,0.89075,0.80925,0.59275,0.53175,0.74575,-0.188163988500357,-0.193321115616112,8.63892180681898e-05,0.00929458003721469,0.00929458003721469,-0.554853161208609
"135",135,0.06725,0.64975,0.60225,0.12675,0.96025,0.65425,0.35825,0.43075,-0.285132204094476,-0.294977640951868,0.000155835425792232,0.0124834060172788,0.0124834060172788,-0.788681938548226
"136",136,0.06775,0.56075,0.02225,0.02425,0.33475,0.98825,0.63425,0.78975,-0.345112343240893,-0.34911856025937,0.000184274387363155,0.0135747702508424,0.0135747702508424,-0.295122270539228
"137",137,0.06825,0.40775,0.16625,0.64325,0.12325,0.42225,0.76025,0.04275,-0.261661521470345,-0.267398034580596,9.53928402999288e-05,0.00976692583671694,0.00976692583671694,-0.587340705371764
"138",138,0.06875,0.88525,0.70475,0.24225,0.24375,0.75025,0.27075,0.52325,-0.268465987605276,-0.270683471824255,8.57761178317265e-05,0.00926153971171784,0.00926153971171784,-0.239429326872442
"139",139,0.06925,0.68475,0.61975,0.36725,0.88675,0.47625,0.58825,0.45325,-0.256291167643675,-0.266478750289869,4.82147258133787e-05,0.00694368243897852,0.00694368243897852,-1.46717289215385
"140",140,0.06975,0.60675,0.65125,0.06625,0.97575,0.26325,0.76475,0.10725,-0.297903094612005,-0.309270359087516,0.000255244076430564,0.0159763599242933,0.0159763599242933,-0.711505282140408
"141",141,0.07025,0.21575,0.96825,0.09075,0.46725,0.98925,0.16075,0.59375,-0.304857586606629,-0.309023528996458,0.000305755477322034,0.0174858650721671,0.0174858650721671,-0.238246284792631
"142",142,0.07075,0.67175,0.51175,0.25775,0.67325,0.96825,0.45825,0.77775,-0.299524952530011,-0.305844177323677,7.11400387373401e-05,0.00843445544995882,0.00843445544995882,-0.749215504327181
"143",143,0.07125,0.25075,0.51875,0.37975,0.10875,0.00075,0.00525,0.23325,-0.126561708502423,-0.116405284831019,0.000246518791161661,0.015700916889203,0.015700916889203,0.646868188850055
"144",144,0.07175,0.77125,0.06425,0.12075,0.73875,0.82175,0.05125,0.16975,-0.28455757163944,-0.283982615661995,0.000270351959024688,0.0164423830093052,0.0164423830093052,0.0349679226617953
"145",145,0.07225,0.59175,0.31125,0.53825,0.89625,0.57925,0.41075,0.88925,-0.201022888643006,-0.210149490761075,3.48445228180832e-05,0.00590292493752743,0.00590292493752743,-1.54611522502129
"146",146,0.07275,0.82475,0.90025,0.17325,0.85875,0.87225,0.42325,0.59975,-0.301004927774862,-0.30379887395035,0.00012952426182684,0.0113808726302881,0.0113808726302881,-0.245494898875542
"147",147,0.07325,0.24525,0.04725,0.46275,0.17225,0.67425,0.37325,0.16525,-0.25809892589655,-0.26186576617102,0.000166642901006962,0.0129090240145009,0.0129090240145009,-0.291798998145688
"148",148,0.07375,0.44025,0.07525,0.89125,0.60275,0.99625,0.74775,0.49375,-0.265452406787582,-0.268755192624582,0.000154765849151077,0.0124404923194815,0.0124404923194815,-0.265486747001798
"149",149,0.07425,0.36425,0.86725,0.17625,0.43775,0.89875,0.40575,0.25675,-0.315824040908279,-0.324968331513092,0.000187904722396308,0.0137078343437725,0.0137078343437725,-0.667084995009974
"150",150,0.07475,0.27875,0.18525,0.26125,0.87375,0.30075,0.84375,0.35925,-0.272883128718928,-0.28626854796709,0.000186320224662174,0.0136499166540376,0.0136499166540376,-0.980622782352494
"151",151,0.07525,0.98475,0.15475,0.56675,0.75975,0.16525,0.88825,0.01175,-0.252312132761204,-0.249921234911764,0.000291388032537665,0.0170700917553968,0.0170700917553968,0.14006356167852
"152",152,0.07575,0.20475,0.67775,0.40175,0.17775,0.27925,0.66725,0.61125,-0.224417615283223,-0.234236204583654,6.7444805295197e-05,0.00821247863286091,0.00821247863286091,-1.19556953988818
"153",153,0.07625,0.00175,0.22175,0.78075,0.69775,0.00025,0.41725,0.16275,-0.145673200330635,-0.151285230712607,0.000341752764203246,0.018486556310012,0.018486556310012,-0.303573596285892
"154",154,0.07675,0.89875,0.33475,0.78025,0.98675,0.21075,0.91525,0.76325,-0.191824900105631,-0.181573414114915,0.000561005815290225,0.0236855613252088,0.0236855613252088,0.432815834506114
"155",155,0.07725,0.25325,0.81775,0.17875,0.87225,0.58825,0.20675,0.30275,-0.252811060938227,-0.260013134331891,0.00018771562149713,0.0137009350592261,0.0137009350592261,-0.525662910051836
"156",156,0.07775,0.75075,0.11275,0.48025,0.45125,0.16275,0.69825,0.47825,-0.211920467511711,-0.209656687903213,9.5134951817659e-05,0.00975371477016111,0.00975371477016111,0.232094095618156
"157",157,0.07825,0.77975,0.45475,0.13025,0.08125,0.88525,0.71825,0.55025,-0.329443445686793,-0.32890254870365,8.56130167171046e-05,0.00925273023042954,0.00925273023042954,0.0584580950349305
"158",158,0.07875,0.42975,0.74825,0.96025,0.49375,0.42375,0.75225,0.09675,-0.217663104292597,-0.22931825022511,0.000128454290222316,0.0113337676975627,0.0113337676975627,-1.02835581631159
"159",159,0.07925,0.24775,0.61475,0.13825,0.93225,0.68775,0.08125,0.98925,-0.217830068525475,-0.233831147491313,0.000185152986620961,0.0136070932465741,0.0136070932465741,-1.17593659982206
"160",160,0.07975,0.74375,0.78025,0.40075,0.21675,0.06425,0.79125,0.79075,-0.199834417813013,-0.203859839899772,0.000226931095688107,0.0150642323298636,0.0150642323298636,-0.267217206865492
"161",161,0.08025,0.38825,0.17375,0.58125,0.75175,0.58125,0.88475,0.06575,-0.28336837933422,-0.301440303136155,0.000132019659097736,0.0114899808136366,0.0114899808136366,-1.57284194769819
"162",162,0.08075,0.72625,0.15825,0.50375,0.31725,0.56925,0.65875,0.73875,-0.234411984109013,-0.232949222795519,5.58185545342709e-05,0.00747118160228159,0.00747118160228159,0.195787144706442
"163",163,0.08125,0.12925,0.82275,0.67825,0.28025,0.36975,0.88325,0.75225,-0.213710573243409,-0.224466904800409,0.00025024149359222,0.015819023155436,0.015819023155436,-0.679961806194319
"164",164,0.08175,0.23875,0.25325,0.15925,0.86725,0.47075,0.97025,0.95175,-0.280045082407238,-0.289054176085515,0.000425660732053455,0.0206315470106692,0.0206315470106692,-0.436665930752458
"165",165,0.08225,0.71975,0.43675,0.60125,0.28775,0.16125,0.40525,0.26725,-0.170650845523873,-0.173010815915834,2.16877978796278e-05,0.00465701598447201,0.00465701598447201,-0.506755914050952
"166",166,0.08275,0.05925,0.81925,0.33875,0.70375,0.38925,0.94475,0.20175,-0.284582480438745,-0.308849715171775,0.000218848613453292,0.0147935328253021,0.0147935328253021,-1.6403948279024
"167",167,0.08325,0.28775,0.36875,0.20525,0.67275,0.05775,0.68025,0.20925,-0.239939838502264,-0.24844426073833,0.00012631130500381,0.0112388302328939,0.0112388302328939,-0.75669994651002
"168",168,0.08375,0.64325,0.88525,0.06925,0.33875,0.14675,0.77575,0.49675,-0.257767121184109,-0.263176184901604,0.000107085584563092,0.0103482164918933,0.0103482164918933,-0.522704924247807
"169",169,0.08425,0.20375,0.60875,0.30925,0.79375,0.69325,0.34675,0.65825,-0.241565191943796,-0.254947201228567,6.69475278259511e-05,0.00818214689589176,0.00818214689589176,-1.63551320393552
"170",170,0.08475,0.11325,0.64425,0.36775,0.54375,0.50425,0.92475,0.73075,-0.265040376743526,-0.28187382983716,0.000182026406912843,0.0134917162330388,0.0134917162330388,-1.24768804819745
"171",171,0.08525,0.85375,0.82475,0.22575,0.06225,0.48275,0.00675,0.37675,-0.193746698409989,-0.192987787734756,0.000240118834926661,0.0154957682909452,0.0154957682909452,0.0489753499783855
"172",172,0.08575,0.03075,0.34775,0.82375,0.68925,0.36375,0.59175,0.43725,-0.178108388462901,-0.18901696562308,0.000143437388100879,0.0119765348954061,0.0119765348954061,-0.910829155130944
"173",173,0.08625,0.01425,0.96025,0.65825,0.98925,0.70475,0.23125,0.77375,-0.170164788823949,-0.177364784751524,0.000130062263390774,0.0114044843544447,0.0114044843544447,-0.631330247278469
"174",174,0.08675,0.66575,0.25925,0.46625,0.56725,0.70025,0.55425,0.86525,-0.232690445925273,-0.236167933411556,2.39702449740343e-05,0.00489594168409247,0.00489594168409247,-0.710279596993937
"175",175,0.08725,0.40025,0.57475,0.40275,0.78325,0.59775,0.65175,0.57775,-0.252527228592625,-0.265913913966237,2.69693532538397e-05,0.0051932026008851,0.0051932026008851,-2.57773216306455
"176",176,0.08775,0.74525,0.05425,0.41375,0.20775,0.76075,0.22275,0.37175,-0.235221821328217,-0.234368554846413,6.61213034592376e-05,0.00813150068924781,0.00813150068924781,0.104933457477569
"177",177,0.08825,0.63825,0.49675,0.49225,0.00175,0.75975,0.80175,0.61225,-0.272787765541358,-0.273202173175091,6.20484578806388e-05,0.00787708435149953,0.00787708435149953,-0.0526092669877436
"178",178,0.08875,0.50475,0.89825,0.78825,0.41275,0.17125,0.05775,0.21725,-0.0846768972771488,-0.0867642611739996,0.000114738720192387,0.0107116161335434,0.0107116161335434,-0.19486918414806
"179",179,0.08925,0.00975,0.16125,0.13625,0.76075,0.27675,0.18575,0.71225,-0.178350142175938,-0.184691354868049,0.000128930866521863,0.0113547728520593,0.0113547728520593,-0.558462311376044
"180",180,0.08975,0.06175,0.83775,0.37775,0.76825,0.91975,0.73175,0.29525,-0.310591395174916,-0.334811207138609,0.000159593802344469,0.0126330440648511,0.0126330440648511,-1.9171794097576
"181",181,0.09025,0.39475,0.85825,0.79925,0.31075,0.36425,0.18825,0.19375,-0.135037817252072,-0.132029267883185,7.73434393569015e-05,0.00879451188849623,0.00879451188849623,0.342093956666586
"182",182,0.09075,0.72225,0.36925,0.10175,0.58125,0.83775,0.47125,0.79325,-0.291082241763401,-0.295100367654016,6.80192162482769e-05,0.0082473763251277,0.0082473763251277,-0.487200502585626
"183",183,0.09125,0.12575,0.91475,0.32825,0.16475,0.72675,0.73525,0.35075,-0.292035991343823,-0.306910069857186,8.62537107357526e-05,0.00928728758765188,0.00928728758765188,-1.60155248483305
"184",184,0.09175,0.01925,0.78475,0.13975,0.15375,0.22775,0.27175,0.77125,-0.178086846313425,-0.180052503570133,4.95582400601456e-05,0.00703976136386352,0.00703976136386352,-0.279222143352487
"185",185,0.09225,0.07875,0.21975,0.39725,0.50325,0.25775,0.44525,0.66575,-0.177633797431625,-0.183729868980573,5.55233671637856e-05,0.00745140034918173,0.00745140034918173,-0.81811086014422
"186",186,0.09275,0.04625,0.87275,0.23425,0.26425,0.81075,0.92575,0.33075,-0.324933165658977,-0.345750893666225,0.000143586145251432,0.0119827436445679,0.0119827436445679,-1.73730896902608
"187",187,0.09325,0.58425,0.53475,0.71425,0.35725,0.78575,0.29525,0.92475,-0.168252729434989,-0.171396443762002,1.6832630607765e-05,0.00410275890197864,0.00410275890197864,-0.766243984138788
"188",188,0.09375,0.10025,0.14725,0.90925,0.82025,0.34975,0.06625,0.09125,-0.100190440479015,-0.106940455795908,0.00033077931775618,0.0181873394908706,0.0181873394908706,-0.371138138169206
"189",189,0.09425,0.50325,0.00075,0.97575,0.98775,0.83025,0.98275,0.87025,-0.225227858208275,-0.216016372463998,0.000474037035822378,0.0217723915962941,0.0217723915962941,0.423081024587346
"190",190,0.09475,0.07825,0.06875,0.01125,0.09725,0.11275,0.35275,0.19325,-0.22488723165009,-0.208095992790178,8.15675737903963e-05,0.00903147683329788,0.00903147683329788,1.85919082447345
"191",191,0.09525,0.10775,0.34525,0.32775,0.78275,0.04675,0.30225,0.21775,-0.166954093948059,-0.168995702870895,0.000160587070763916,0.0126722954023301,0.0126722954023301,-0.161108059591209
"192",192,0.09575,0.24875,0.47075,0.31925,0.85625,0.88725,0.87275,0.47975,-0.312980138111518,-0.331700860095083,9.39360388500211e-05,0.00969206060907695,0.00969206060907695,-1.93155230230735
"193",193,0.09625,0.20425,0.05075,0.14425,0.41675,0.36475,0.49525,0.85125,-0.21798597264855,-0.224321784844731,9.44512437719232e-05,0.0097186029742923,0.0097186029742923,-0.651926229823416
"194",194,0.09675,0.18875,0.12725,0.84025,0.32475,0.85975,0.80525,0.19425,-0.261615255085766,-0.274533464338602,0.000165181556373082,0.012852297707923,0.012852297707923,-1.00512838609958
"195",195,0.09725,0.21125,0.85525,0.72225,0.60775,0.10875,0.49975,0.80225,-0.108539243683013,-0.115757198383651,0.000126272673301816,0.0112371114305152,0.0112371114305152,-0.642331861285732
"196",196,0.09775,0.31575,0.95225,0.70875,0.35225,0.88825,0.45425,0.11975,-0.248456070685656,-0.250621525144047,0.000113531609185575,0.0106551212656438,0.0106551212656438,-0.203231329273864
"197",197,0.09825,0.13925,0.27825,0.59325,0.22325,0.83175,0.77425,0.19825,-0.281204036534516,-0.295636338176095,0.000101977189038052,0.0100983755643198,0.0100983755643198,-1.42917061755676
"198",198,0.09875,0.35575,0.80575,0.68025,0.45875,0.60425,0.13525,0.32925,-0.15742569344036,-0.155331940906846,4.89229276459694e-05,0.00699449266537391,0.00699449266537391,0.299343016524857
"199",199,0.09925,0.60875,0.15125,0.42475,0.30025,0.35675,0.39725,0.76275,-0.168784638612227,-0.171189042581646,3.20749362223551e-05,0.0056634738652487,0.0056634738652487,-0.424545787025258
"200",200,0.09975,0.03525,0.59125,0.31975,0.81675,0.66375,0.29225,0.88125,-0.205410140040624,-0.218030086715876,7.24222518685901e-05,0.00851012643082288,0.00851012643082288,-1.48293292442093
"201",201,0.10025,0.41725,0.98025,0.35525,0.39925,0.81425,0.76625,0.49025,-0.29014405026447,-0.300707349657131,5.43704089693137e-05,0.0073736292942698,0.0073736292942698,-1.43257803872375
"202",202,0.10075,0.78825,0.23975,0.44475,0.13575,0.06775,0.46475,0.20475,-0.175386735794539,-0.171400091751335,4.98288463971698e-05,0.00705895504994683,0.00705895504994683,0.564764050060644
"203",203,0.10125,0.81475,0.84225,0.42575,0.95175,0.58325,0.93625,0.42925,-0.272811905908842,-0.273942854507951,6.80805842680731e-05,0.0082510959434534,0.0082510959434534,-0.137066470546409
"204",204,0.10175,0.90575,0.92475,0.14325,0.03925,0.28175,0.34825,0.52825,-0.203926361466849,-0.205448386317576,0.000128540840338104,0.0113375852957367,0.0113375852957367,-0.134245944883813
"205",205,0.10225,0.14575,0.54325,0.73025,0.60975,0.62075,0.26575,0.51175,-0.15752216767105,-0.160758783206152,4.18371697911087e-05,0.00646816587535514,0.00646816587535514,-0.500391548001895
"206",206,0.10275,0.46525,0.98675,0.03675,0.63875,0.36525,0.62375,0.50925,-0.259647464240726,-0.268761387112389,6.24353552820853e-05,0.00790160460173029,0.00790160460173029,-1.15342684568996
"207",207,0.10325,0.62825,0.11725,0.77475,0.97975,0.08575,0.96475,0.42225,-0.184144346830993,-0.184744818227862,0.000564384844975292,0.0237567852407537,0.0237567852407537,-0.0252757850350442
"208",208,0.10375,0.03025,0.86575,0.68625,0.66475,0.15175,0.74925,0.78625,-0.150514826341522,-0.160756849846215,0.000243651571960139,0.0156093424576482,0.0156093424576482,-0.656147017882528
"209",209,0.10425,0.05575,0.00125,0.03525,0.75075,0.53675,0.98375,0.13375,-0.323711922763684,-0.337783348768839,0.000228556908349608,0.0151180987015434,0.0151180987015434,-0.930766909447313
"210",210,0.10475,0.25425,0.81375,0.83675,0.62375,0.17275,0.78475,0.13925,-0.184625388456918,-0.197838347764328,0.000158903097111169,0.0126056771778104,0.0126056771778104,-1.04817528808913
"211",211,0.10525,0.18025,0.16075,0.78875,0.19525,0.07325,0.86225,0.45375,-0.16588136755897,-0.163389900652259,0.000380631570482668,0.019509781405302,0.019509781405302,0.127703476269289
"212",212,0.10575,0.19825,0.89975,0.22875,0.01375,0.90725,0.80575,0.93425,-0.298159736228388,-0.310825710669325,0.000137868872674676,0.011741757648439,0.011741757648439,-1.07871196290795
"213",213,0.10625,0.02075,0.63825,0.06525,0.22925,0.95575,0.97075,0.41525,-0.351988299141334,-0.368948774713255,0.000162418718893997,0.0127443602779424,0.0127443602779424,-1.33082204222331
"214",214,0.10675,0.94725,0.24175,0.17925,0.86125,0.41575,0.85225,0.33425,-0.276162769061154,-0.268937430212588,7.08312235839269e-05,0.00841612877657697,0.00841612877657697,0.858510966309706
"215",215,0.10725,0.15625,0.07375,0.88325,0.96725,0.72325,0.16125,0.05775,-0.163286959704013,-0.174685285917595,0.000288404709321838,0.0169824824251885,0.0169824824251885,-0.671181393167582
"216",216,0.10775,0.94625,0.81525,0.04875,0.16925,0.60475,0.08375,0.92975,-0.201852853703576,-0.208227109795434,0.000231145625730378,0.0152034741335781,0.0152034741335781,-0.419263126036432
"217",217,0.10825,0.85525,0.28375,0.98875,0.51225,0.64925,0.16475,0.32175,-0.117298121765748,-0.119465862073473,0.000152976226157154,0.0123683558388799,0.0123683558388799,-0.175265034088906
"218",218,0.10875,0.81325,0.41775,0.00725,0.05775,0.20225,0.65925,0.91025,-0.222125527694519,-0.220078330470898,0.000133576769204545,0.0115575416592174,0.0115575416592174,0.177130853946635
"219",219,0.10925,0.90525,0.65325,0.97725,0.78125,0.77975,0.58125,0.84425,-0.163406204507574,-0.152980981102274,0.000127561524813341,0.0112943138265829,0.0112943138265829,0.923050622231041
"220",220,0.10975,0.43625,0.02075,0.63075,0.92875,0.33475,0.11475,0.59175,-0.0901719379653912,-0.100902420086257,9.50914711140426e-05,0.00975148558497845,0.00975148558497845,-1.10039460422271
"221",221,0.11025,0.16525,0.18875,0.77575,0.88525,0.45825,0.34425,0.24875,-0.154168068607043,-0.163568555455232,0.000148022423092762,0.012166446609128,0.012166446609128,-0.77265672962689
"222",222,0.11075,0.88975,0.47325,0.32725,0.61375,0.10725,0.24125,0.66425,-0.119293216706662,-0.126282593979938,9.71194637035679e-05,0.0098549207862655,0.0098549207862655,-0.709227138894599
"223",223,0.11125,0.79825,0.41525,0.82775,0.28475,0.23775,0.43675,0.00025,-0.152886711901689,-0.154538598847906,5.37990644237466e-05,0.00733478455196515,0.00733478455196515,-0.225212742721176
"224",224,0.11175,0.32275,0.68975,0.64275,0.20375,0.33225,0.90025,0.18325,-0.227360133450506,-0.235335978929377,9.04177119615721e-05,0.00950882284836415,0.00950882284836415,-0.838783686063002
"225",225,0.11225,0.18625,0.57725,0.51925,0.59475,0.20925,0.63125,0.69725,-0.162746303283974,-0.170023383900115,6.09597845132895e-05,0.0078076747187168,0.0078076747187168,-0.932041981551329
"226",226,0.11275,0.54575,0.57325,0.53425,0.18975,0.05425,0.85775,0.57475,-0.178454286279528,-0.177468404676288,0.000195444729559262,0.0139801548474708,0.0139801548474708,0.0705200774953052
"227",227,0.11325,0.17275,0.21525,0.59025,0.29725,0.77875,0.77775,0.52475,-0.250909435226651,-0.25998755259458,5.71897231765696e-05,0.00756238872159912,0.00756238872159912,-1.20042987766561
"228",228,0.11375,0.82975,0.27075,0.85775,0.71225,0.92825,0.31575,0.94125,-0.153604009005533,-0.149994943351769,9.95708422985604e-05,0.0099785190433531,0.0099785190433531,0.36168349612642
"229",229,0.11425,0.20175,0.75475,0.69175,0.05225,0.57275,0.33825,0.95875,-0.12686994894143,-0.127338054404393,3.85382143289847e-05,0.0062079154576222,0.0062079154576222,-0.0754046130554579
"230",230,0.11475,0.91275,0.98825,0.20775,0.49075,0.56275,0.11775,0.48125,-0.196627393411111,-0.194068781941641,0.000155495288988276,0.0124697750175485,0.0124697750175485,0.205185054731885
"231",231,0.11525,0.95325,0.87975,0.74325,0.50525,0.85425,0.61575,0.95725,-0.198745660669842,-0.18869202731752,5.73422414231534e-05,0.00757246600673475,0.00757246600673475,1.32765645212281
"232",232,0.11575,0.28875,0.09125,0.91225,0.13275,0.12825,0.31075,0.40675,-0.0677597532527244,-0.0606330775516956,0.000207354659165701,0.0143998145531705,0.0143998145531705,0.494914408426161
"233",233,0.11625,0.37925,0.28625,0.08725,0.15975,0.35375,0.01025,0.09925,-0.191076526717184,-0.172789689156184,0.000210573576190195,0.0145111535099797,0.0145111535099797,1.26019186196491
"234",234,0.11675,0.10525,0.31175,0.77225,0.86475,0.15775,0.80825,0.61675,-0.150177980900773,-0.159183450322762,0.000285795496755562,0.0169054871788885,0.0169054871788885,-0.532695054966235
"235",235,0.11725,0.69325,0.16025,0.35125,0.11075,0.31375,0.34025,0.96025,-0.137396492584043,-0.139520524755799,6.56334455466135e-05,0.00810144712669369,0.00810144712669369,-0.262179353705524
"236",236,0.11775,0.83775,0.34925,0.23075,0.91475,0.15025,0.86675,0.40875,-0.232077541257915,-0.228555065293947,0.000110016129477449,0.0104888573961823,0.0104888573961823,0.335830284550354
"237",237,0.11825,0.13275,0.26475,0.82875,0.19575,0.85875,0.50875,0.94625,-0.172232299976971,-0.173064912084613,5.20886444882613e-05,0.00721724632309729,0.00721724632309729,-0.115364235938212
"238",238,0.11875,0.34025,0.01525,0.21325,0.24775,0.48825,0.59225,0.50175,-0.241293757279387,-0.241694455748963,2.88300120957134e-05,0.00536935862982847,0.00536935862982847,-0.0746268776590911
"239",239,0.11925,0.69075,0.07775,0.40325,0.24075,0.27975,0.06525,0.61925,-0.0980287297167836,-0.100090221685308,4.73989329252427e-05,0.00688468829543086,0.00688468829543086,-0.299431416509088
"240",240,0.11975,0.65975,0.55875,0.16475,0.69675,0.49875,0.99825,0.86375,-0.267552271891745,-0.262985765488179,0.000154013963034649,0.0124102362199375,0.0124102362199375,0.367962891490315
"241",241,0.12025,0.16275,0.65175,0.94725,0.98825,0.37875,0.73325,0.04175,-0.184956793402894,-0.20476926825838,0.000251602597049958,0.0158619859112899,0.0158619859112899,-1.2490538679261
"242",242,0.12075,0.10975,0.28475,0.35925,0.73825,0.91575,0.64475,0.12725,-0.298331621178504,-0.319281767504915,0.000148376412699283,0.0121809857031064,0.0121809857031064,-1.71990566585004
"243",243,0.12125,0.48825,0.60975,0.43475,0.16375,0.59975,0.24625,0.75775,-0.164520563290148,-0.165138496820274,1.71915869549694e-05,0.0041462738639614,0.0041462738639614,-0.149033457605628
"244",244,0.12175,0.01075,0.41375,0.10825,0.06425,0.99175,0.83475,0.99375,-0.317001510441846,-0.330498074368029,0.000257545343931947,0.0160482193383549,0.0160482193383549,-0.841000714261584
"245",245,0.12225,0.93425,0.92275,0.06875,0.38525,0.53275,0.38325,0.42175,-0.246189695256565,-0.242754467556571,0.000134557542263137,0.0115998940625825,0.0115998940625825,0.29614302350182
"246",246,0.12275,0.10925,0.49375,0.45325,0.51425,0.79425,0.03575,0.70225,-0.160874690746722,-0.160972935786903,5.8574571963761e-05,0.00765340263959509,0.00765340263959509,-0.012836779248059
"247",247,0.12325,0.35875,0.20825,0.27325,0.58775,0.46325,0.66325,0.00575,-0.263029714787354,-0.273485782618058,8.06475333645046e-05,0.00898039717186855,0.00898039717186855,-1.16432131347799
"248",248,0.12375,0.44625,0.68775,0.63725,0.63925,0.37675,0.08775,0.52575,-0.0838594869643332,-0.0862635469951481,1.80181702339098e-05,0.00424478152958545,0.00424478152958545,-0.566356599052034
"249",249,0.12425,0.66125,0.37275,0.86875,0.63725,0.77275,0.68325,0.22975,-0.218225140596067,-0.223103256814099,7.39101018936961e-05,0.00859709845783425,0.00859709845783425,-0.567414255164977
"250",250,0.12475,0.87325,0.51375,0.93325,0.91875,0.65925,0.59875,0.77575,-0.14867264126432,-0.142147320908774,0.000106176709172902,0.0103042083234425,0.0103042083234425,0.633267510780099
"251",251,0.12525,0.63425,0.40325,0.03075,0.41725,0.51475,0.45925,0.00475,-0.277450310957818,-0.276256409043534,0.000187208954887988,0.0136824323454563,0.0136824323454563,0.0872580170060559
"252",252,0.12575,0.89025,0.46475,0.68975,0.47125,0.66925,0.00625,0.32075,-0.122036507622373,-0.123615268990908,6.25812177195726e-05,0.00791082914235749,0.00791082914235749,-0.199569645624341
"253",253,0.12625,0.29425,0.08775,0.26975,0.95125,0.08525,0.45775,0.44725,-0.162688705177356,-0.167418563601685,9.89273279011354e-05,0.00994622179026465,0.00994622179026465,-0.475543228782468
"254",254,0.12675,0.13625,0.31925,0.36225,0.62125,0.14075,0.57125,0.44375,-0.173417024867742,-0.176915123363282,4.16879234513739e-05,0.00645661857719456,0.00645661857719456,-0.541784907024808
"255",255,0.12725,0.69475,0.43825,0.03575,0.36275,0.82525,0.15575,0.69125,-0.251352703722478,-0.247450816212479,8.37651044977602e-05,0.00915232781852574,0.00915232781852574,0.426327333042087
"256",256,0.12775,0.21275,0.94875,0.95775,0.73075,0.42075,0.69725,0.69425,-0.131196660046545,-0.133447679450466,0.000125752790209209,0.0112139551545924,0.0112139551545924,-0.200733761896591
"257",257,0.12825,0.94575,0.32925,0.99375,0.23725,0.77225,0.62725,0.12075,-0.202034040243134,-0.198536934811288,0.000187343217921661,0.0136873378683242,0.0136873378683242,0.255499313707975
"258",258,0.12875,0.01275,0.10375,0.72475,0.18575,0.90375,0.50525,0.18375,-0.232306693894892,-0.2374372846672,0.000212573554218994,0.0145799024077322,0.0145799024077322,-0.35189472664694
"259",259,0.12925,0.08675,0.02725,0.31775,0.98125,0.52875,0.60525,0.43275,-0.232319127660005,-0.247729973975549,0.000112574271280908,0.0106101023218868,0.0106101023218868,-1.45246915138171
"260",260,0.12975,0.19275,0.34575,0.13375,0.01025,0.57425,0.51225,0.75175,-0.235697815587441,-0.23699483040388,4.95526785387705e-05,0.00703936634497527,0.00703936634497527,-0.184251643241274
"261",261,0.13025,0.66825,0.02525,0.45025,0.08325,0.84675,0.12625,0.07875,-0.220724067802705,-0.212930561226561,0.000175401133398189,0.013243909294396,0.013243909294396,0.588459676286195
"262",262,0.13075,0.52625,0.93125,0.26075,0.13975,0.24475,0.35625,0.36725,-0.174574582031251,-0.169762795536522,5.9311691896011e-05,0.0077014084358649,0.0077014084358649,0.624793053738181
"263",263,0.13125,0.74925,0.13125,0.38975,0.15075,0.47025,0.46675,0.06275,-0.221934334220972,-0.218161961713239,7.54790112496047e-05,0.00868786574767386,0.00868786574767386,0.434211648441164
"264",264,0.13175,0.41825,0.96875,0.91975,0.03175,0.82625,0.34125,0.54525,-0.14801577755723,-0.136937421853093,4.20212535057908e-05,0.00648238023458905,0.00648238023458905,1.70899504552734
"265",265,0.13225,0.71525,0.45225,0.63775,0.22725,0.75375,0.12125,0.53525,-0.144193064595472,-0.14160714368569,1.95827765957844e-05,0.0044252431114894,0.0044252431114894,0.58435680134004
"266",266,0.13275,0.03825,0.49575,0.59125,0.57575,0.91125,0.83775,0.25175,-0.275839415070007,-0.295189502400583,0.000104106047291898,0.0102032370986809,0.0102032370986809,-1.89646551809304
"267",267,0.13325,0.49775,0.58675,0.19775,0.95025,0.49625,0.69125,0.06075,-0.270254051038066,-0.282949053885565,0.00012790078009191,0.0113093227070373,0.0113093227070373,-1.12252547534075
"268",268,0.13375,0.53475,0.18275,0.49725,0.49725,0.85025,0.63875,0.12525,-0.268301825936495,-0.276771318364201,7.90461945392935e-05,0.00889079268340531,0.00889079268340531,-0.952613870247401
"269",269,0.13425,0.66425,0.30075,0.53075,0.57975,0.23025,0.05275,0.82475,-0.0343586988606223,-0.0452206971678513,3.86390487428549e-05,0.00621603159120471,0.00621603159120471,-1.74741684430916
"270",270,0.13475,0.62775,0.30875,0.86725,0.03775,0.05725,0.05925,0.57375,0.0269049956436853,0.0209577534920942,0.000201832751985406,0.0142067854205449,0.0142067854205449,-0.418619833800727
"271",271,0.13525,0.64225,0.34725,0.27525,0.64125,0.86175,0.38175,0.34925,-0.260239723901518,-0.261539504017257,6.89837704129546e-05,0.0083056468991256,0.0083056468991256,-0.15649354367278
"272",272,0.13575,0.86425,0.03625,0.40475,0.04325,0.56375,0.01175,0.99925,-0.0940075516590077,-0.103104731237619,6.54336521225552e-05,0.00808910700402431,0.00808910700402431,-1.12462099637024
"273",273,0.13625,0.44825,0.20575,0.89475,0.61875,0.66475,0.05175,0.91575,-0.0367692668149169,-0.047071778022409,7.79346920316504e-05,0.00882806275644042,0.00882806275644042,-1.16701834725586
"274",274,0.13675,0.78125,0.83125,0.30575,0.61825,0.60125,0.51975,0.13525,-0.247455625256121,-0.249028356344306,7.68048511771352e-05,0.00876383769687317,0.00876383769687317,-0.179456893496115
"275",275,0.13725,0.15975,0.75775,0.91925,0.53425,0.80075,0.50575,0.38525,-0.175713644353209,-0.175506670581674,6.41621832363396e-05,0.00801013003866601,0.00801013003866601,0.0258390026798455
"276",276,0.13775,0.46375,0.45375,0.58425,0.09425,0.49425,0.32175,0.34425,-0.156193338583362,-0.150228568255989,3.57880851074351e-05,0.00598231436046578,0.00598231436046578,0.997067350186628
"277",277,0.13825,0.75275,0.49175,0.42625,0.09475,0.49325,0.79675,0.17375,-0.245249297004015,-0.243945801365897,2.1241406585698e-05,0.00460884004774499,0.00460884004774499,0.282825097988758
"278",278,0.13875,0.34325,0.70125,0.77975,0.77275,0.25125,0.86175,0.33275,-0.172502501981894,-0.181845322732849,0.000119185848510372,0.010917227143848,0.010917227143848,-0.855786971165091
"279",279,0.13925,0.38375,0.72825,0.47025,0.45825,0.39525,0.17825,0.61875,-0.111990921621995,-0.109531220569695,1.93724223227297e-05,0.00440141140121322,0.00440141140121322,0.55884370445853
"280",280,0.13975,0.97225,0.60475,0.30375,0.08225,0.00175,0.06325,0.03675,-0.103887942542154,-0.0980741468622206,0.0003626025028608,0.0190421244313968,0.0190421244313968,0.30531234584034
"281",281,0.14025,0.96525,0.80075,0.43675,0.58225,0.10275,0.84825,0.66025,-0.171249328378956,-0.167590077737952,0.000120075486351925,0.0109578960732398,0.0109578960732398,0.333937337655559
"282",282,0.14075,0.93775,0.38475,0.81175,0.80175,0.67725,0.91375,0.38875,-0.219322182662584,-0.214448012963176,0.000102762157657111,0.0101371671416186,0.0101371671416186,0.480821676442215
"283",283,0.14125,0.98375,0.60775,0.63925,0.10525,0.50825,0.72925,0.99475,-0.16118844266779,-0.154294907878559,7.17477178709265e-05,0.00847040246215765,0.00847040246215765,0.813837928012102
"284",284,0.14175,0.15875,0.09775,0.93825,0.42075,0.18475,0.43175,0.38625,-0.0743369430480257,-0.0690130748418332,0.000174983265316107,0.0132281240286031,0.0132281240286031,0.402465851898631
"285",285,0.14225,0.61075,0.26325,0.33275,0.27075,0.87775,0.90475,0.89075,-0.274656844630082,-0.270916887421178,9.66698799445382e-05,0.00983208421162768,0.00983208421162768,0.380382951203881
"286",286,0.14275,0.60825,0.90725,0.05775,0.35525,0.40175,0.58925,0.78875,-0.221828564397161,-0.224159176675303,1.95703484253519e-05,0.00442383865272593,0.00442383865272593,-0.526830307589516
"287",287,0.14325,0.18675,0.98875,0.13275,0.63475,0.25875,0.69925,0.33725,-0.230149823511852,-0.23591519987475,5.78833865282483e-05,0.00760811320422142,0.00760811320422142,-0.75779318842141
"288",288,0.14375,0.85475,0.89175,0.51625,0.07475,0.30175,0.65475,0.28125,-0.186447431500142,-0.184623694446084,2.01200455213401e-05,0.00448553737263888,0.00448553737263888,0.406581620561792
"289",289,0.14425,0.71825,0.93975,0.49675,0.59825,0.90575,0.17875,0.65225,-0.185400404414994,-0.177583441803539,5.37303334890181e-05,0.00733009778168192,0.00733009778168192,1.06641996386321
"290",290,0.14475,0.81225,0.52925,0.10925,0.02225,0.34175,0.98775,0.36125,-0.268137178918,-0.255406196853847,9.91797281037046e-05,0.00995890195271068,0.00995890195271068,1.27835198344209
"291",291,0.14525,0.71275,0.78225,0.04625,0.58925,0.34225,0.37825,0.65025,-0.195541887000941,-0.19528690882636,7.562266056854e-05,0.00869612905657109,0.00869612905657109,0.0293208820754949
"292",292,0.14575,0.17225,0.69525,0.14175,0.69325,0.07875,0.53525,0.13475,-0.199069670596891,-0.200193630491127,9.23479883978512e-05,0.00960978607451026,0.00960978607451026,-0.116959928714467
"293",293,0.14625,0.44425,0.01775,0.11425,0.20475,0.51125,0.43475,0.49875,-0.226201723831567,-0.221295481860141,4.94574904838094e-05,0.00703260197109217,0.00703260197109217,0.697642493005197
"294",294,0.14675,0.42525,0.39725,0.48125,0.01325,0.26425,0.01775,0.73375,-0.0395587587674047,-0.0376955522626065,8.25071178038909e-05,0.00908334287605014,0.00908334287605014,0.205123436406973
"295",295,0.14725,0.78925,0.73875,0.14375,0.28575,0.39025,0.51675,0.63975,-0.205827853045753,-0.204451740633589,2.50697509451018e-05,0.00500697023609106,0.00500697023609106,0.27483934341066
"296",296,0.14775,0.87925,0.19525,0.56775,0.72125,0.10175,0.33875,0.65875,-0.0707797317408227,-0.0723990193235886,7.05192965645984e-05,0.00839757682695422,0.00839757682695422,-0.192827956937336
"297",297,0.14825,0.44575,0.59525,0.81375,0.33825,0.32975,0.39775,0.90475,-0.0580245785013306,-0.0560193576136015,4.29219631910326e-05,0.00655148557130614,0.00655148557130614,0.306071175141019
"298",298,0.14875,0.28625,0.51475,0.58075,0.57775,0.07525,0.22875,0.71725,-0.0362526137403331,-0.0348919414852245,5.13395982247611e-05,0.0071651656104211,0.0071651656104211,0.189901019612111
"299",299,0.14925,0.36175,0.24025,0.49525,0.52625,0.23625,0.35075,0.53225,-0.113757269644984,-0.111026073736149,2.15105806621771e-05,0.00463795004955607,0.00463795004955607,0.588879974914008
"300",300,0.14975,0.76425,0.54575,0.90075,0.56225,0.46675,0.48525,0.32625,-0.126864644994775,-0.125950997755447,5.14599369245374e-05,0.00717355817739965,0.00717355817739965,0.1273631880768
"301",301,0.15025,0.98025,0.07025,0.68275,0.24975,0.18925,0.84225,0.30025,-0.170324327915632,-0.159852280524954,0.000106989201143787,0.0103435584372008,0.0103435584372008,1.01242212283687
"302",302,0.15075,0.77875,0.32725,0.37275,0.09775,0.71775,0.66975,0.83675,-0.224555649824164,-0.220479411116052,3.43922250293869e-05,0.00586448847124682,0.00586448847124682,0.695071484597086
"303",303,0.15125,0.22425,0.32425,0.06675,0.46625,0.21675,0.78825,0.42625,-0.233398746723845,-0.234138508964997,4.57438358225265e-05,0.0067634189447739,0.0067634189447739,-0.109376965583894
"304",304,0.15175,0.63525,0.29825,0.66875,0.55425,0.07275,0.03925,0.94775,0.0506116679491621,0.0345564354005339,0.000116868752906616,0.0108105852249828,0.0108105852249828,-1.48514000070276
"305",305,0.15225,0.89125,0.95275,0.83775,0.20975,0.62325,0.80925,0.60675,-0.17850839492335,-0.172067030540335,8.19389745331539e-05,0.00905201494326837,0.00905201494326837,0.71159453705997
"306",306,0.15275,0.49325,0.79875,0.19725,0.72775,0.32925,0.13075,0.50725,-0.136736301473959,-0.132846735802788,8.3305196751797e-05,0.00912716805760675,0.00912716805760675,0.426152520324128
"307",307,0.15325,0.50225,0.09425,0.94325,0.03875,0.07825,0.57025,0.12025,-0.0992964703354116,-0.0912640665737159,0.000200081529819261,0.0141450178444306,0.0141450178444306,0.56786098469705
"308",308,0.15375,0.55125,0.43925,0.96925,0.39275,0.98725,0.56025,0.84225,-0.161904519724818,-0.155964016791583,5.87499102232326e-05,0.00766484900198514,0.00766484900198514,0.775031958450383
"309",309,0.15425,0.41325,0.06175,0.62625,0.80425,0.74625,0.78625,0.41025,-0.228897797276185,-0.238129051510555,5.14025703064991e-05,0.00716955858519191,0.00716955858519191,-1.28756242447566
"310",310,0.15475,0.51575,0.79975,0.72625,0.42425,0.96925,0.86125,0.29575,-0.257386499106333,-0.262126256272407,5.9417375392077e-05,0.00770826669181062,0.00770826669181062,-0.614892732124797
"311",311,0.15525,0.54275,0.22225,0.38275,0.83225,0.44025,0.91925,0.44975,-0.231773585650915,-0.234652097893632,5.10725727873221e-05,0.00714650773366419,0.00714650773366419,-0.402785857091787
"312",312,0.15575,0.67975,0.51225,0.00275,0.83525,0.45675,0.47725,0.66625,-0.225126866111982,-0.225738978401262,6.15168447746561e-05,0.00784326748075419,0.00784326748075419,-0.0780430210727883
"313",313,0.15625,0.66975,0.39825,0.43725,0.17625,0.49775,0.55575,0.51225,-0.187836247868975,-0.184883826921347,1.48778464520849e-05,0.00385718115365158,0.00385718115365158,0.765434868111637
"314",314,0.15675,0.83275,0.71275,0.64025,0.51725,0.06025,0.61725,0.95975,-0.0718253157087748,-0.0723444975531329,0.000140467671500767,0.0118519058172417,0.0118519058172417,-0.0438057686556035
"315",315,0.15725,0.16025,0.55775,0.76975,0.61125,0.60075,0.64375,0.75525,-0.150016322373426,-0.152258526409211,1.90628083501205e-05,0.00436609761115353,0.00436609761115353,-0.513548764933045
"316",316,0.15775,0.08925,0.68475,0.42325,0.45725,0.04975,0.22375,0.50325,-0.069059159346945,-0.0575391068301572,6.16633773436133e-05,0.00785260322081877,0.00785260322081877,1.46703611437363
"317",317,0.15825,0.90375,0.84175,0.15075,0.67575,0.68125,0.49275,0.71425,-0.234604326517956,-0.230163366989946,4.17399952045345e-05,0.00646064975095651,0.00646064975095651,0.68738589757981
"318",318,0.15875,0.33425,0.88075,0.15625,0.01175,0.41075,0.44575,0.68725,-0.189181792210184,-0.184812894303389,2.61574488877385e-05,0.00511443534397869,0.00511443534397869,0.854228788313564
"319",319,0.15925,0.06675,0.21675,0.07225,0.39875,0.49225,0.51625,0.99225,-0.204691132202964,-0.209007827643318,8.41303816751183e-05,0.00917226153547304,0.00917226153547304,-0.470624984215669
"320",320,0.15975,0.67575,0.47525,0.33475,0.46275,0.82475,0.33075,0.14725,-0.241333758862827,-0.238711359014462,7.59064980764269e-05,0.00871243353354428,0.00871243353354428,0.300995105244516
"321",321,0.16025,0.99575,0.59625,0.59925,0.10675,0.58425,0.79275,0.62825,-0.197076971617678,-0.189218502645836,5.54550943527614e-05,0.00744681773328456,0.00744681773328456,1.05527881214515
"322",322,0.16075,0.07675,0.48525,0.53625,0.60075,0.13975,0.25275,0.32475,-0.084789166468244,-0.0758093470368432,5.09723289568463e-05,0.00713949080515175,0.00713949080515175,1.25776749021388
"323",323,0.16125,0.50975,0.05375,0.86675,0.75775,0.20725,0.26825,0.43175,-0.0371521731244971,-0.0379998211599776,0.000106819799973925,0.0103353664653908,0.0103353664653908,-0.082014318342649
"324",324,0.16175,0.28275,0.25375,0.18125,0.38125,0.04075,0.77475,0.91325,-0.158372955515942,-0.155364413499984,0.000210796647112321,0.0145188376639565,0.0145188376639565,0.207216451178237
"325",325,0.16225,0.66075,0.75675,0.86175,0.14825,0.17825,0.98125,0.54275,-0.139978940518077,-0.135324571041748,0.00022936831645771,0.0151449105793897,0.0151449105793897,0.307322347790089
"326",326,0.16275,0.21825,0.58075,0.61625,0.25225,0.42825,0.08975,0.21275,-0.0947212184529246,-0.080561088365299,8.99205201011442e-05,0.00948264309679238,0.00948264309679238,1.49326827373851
"327",327,0.16325,0.07775,0.03925,0.77925,0.81275,0.20025,0.38875,0.64125,-0.0526815731887092,-0.0512503699970317,0.000124131966343611,0.0111414526137129,0.0111414526137129,0.128457503819204
"328",328,0.16375,0.74875,0.42075,0.40925,0.43875,0.48625,0.62975,0.81025,-0.176350786924599,-0.174199429959744,8.06628852179762e-06,0.00284012121603949,0.00284012121603949,0.757487727180544
"329",329,0.16425,0.30625,0.58925,0.18425,0.53275,0.37425,0.98825,0.39725,-0.252959437161008,-0.256024158670388,7.11305631507075e-05,0.0084338937123198,0.0084338937123198,-0.363381566559612
"330",330,0.16475,0.21925,0.16925,0.00025,0.03225,0.84425,0.65375,0.22225,-0.314145343598769,-0.315447717686582,0.000128742524975746,0.011346476324205,0.011346476324205,-0.114782250506677
"331",331,0.16525,0.89975,0.22325,0.84225,0.06975,0.98075,0.10675,0.51625,-0.126097662431662,-0.121173687223115,0.000107451274594719,0.0103658706626467,0.0103658706626467,0.475018005606659
"332",332,0.16575,0.67875,0.36125,0.45275,0.83075,0.88025,0.72025,0.17475,-0.268957575844305,-0.276799781508495,4.87857312600772e-05,0.00698467832187548,0.00698467832187548,-1.1227726321524
"333",333,0.16625,0.64275,0.37525,0.47225,0.93575,0.35625,0.34525,0.54925,-0.122338810206411,-0.1239941663994,2.27423988852034e-05,0.00476889912717845,0.00476889912717845,-0.347114952286357
"334",334,0.16675,0.96275,0.56925,0.39425,0.76025,0.01025,0.82725,0.67125,-0.145887216158514,-0.141285730809197,0.000129742088857918,0.0113904384840057,0.0113904384840057,0.403977893895685
"335",335,0.16725,0.38475,0.83375,0.42225,0.55525,0.13775,0.82425,0.60275,-0.162986599027741,-0.164702932285885,7.74605693836257e-05,0.00880116863738139,0.00880116863738139,-0.195011972711689
"336",336,0.16775,0.61125,0.55175,0.42525,0.52225,0.94675,0.08725,0.11825,-0.212591789152851,-0.203280380962023,9.60809713924403e-05,0.00980209015427018,0.00980209015427018,0.94994108851076
"337",337,0.16825,0.26075,0.61775,0.93625,0.00825,0.72475,0.21825,0.11775,-0.120420683784522,-0.106351841504097,0.000152472485271423,0.0123479749461773,0.0123479749461773,1.13936433639918
"338",338,0.16875,0.38625,0.14325,0.93175,0.32625,0.73275,0.84925,0.50075,-0.183228259710102,-0.183748608163875,9.16766214417067e-05,0.00957479093462133,0.00957479093462133,-0.0543456726445562
"339",339,0.16925,0.34925,0.25675,0.53925,0.85275,0.66325,0.46375,0.35975,-0.187761224946974,-0.194309583888719,4.34949434287697e-05,0.00659506963032004,0.00659506963032004,-0.992917332008096
"340",340,0.16975,0.32975,0.10475,0.38625,0.96625,0.51525,0.79225,0.53125,-0.216401756449784,-0.22569273824392,5.03628038757965e-05,0.00709667555097431,0.00709667555097431,-1.30920199569507
"341",341,0.17025,0.48025,0.40075,0.89975,0.71925,0.51425,0.09525,0.86125,0.00411486082887395,-0.000927308015917205,5.2436894801418e-05,0.0072413323913088,0.0072413323913088,-0.696304018697287
"342",342,0.17075,0.49175,0.12125,0.97825,0.39975,0.56475,0.68125,0.49725,-0.132674437945802,-0.129871790003731,9.13748248911372e-05,0.00955901798780278,0.00955901798780278,0.29319412785363
"343",343,0.17125,0.82325,0.19575,0.52625,0.82125,0.37975,0.06725,0.55425,-0.060611116003687,-0.0638250900340267,4.02956409658587e-05,0.0063478847631206,0.0063478847631206,-0.506306297337338
"344",344,0.17175,0.31875,0.57375,0.51575,0.05175,0.59125,0.43875,0.51575,-0.165864870751529,-0.159736811334066,3.43016743413738e-05,0.00585676312833068,0.00585676312833068,1.04632188176093
"345",345,0.17225,0.05175,0.15625,0.97175,0.59875,0.46025,0.53675,0.06975,-0.131475191023887,-0.135823385203756,0.000167789193416644,0.0129533468036891,0.0129533468036891,-0.335681136756923
"346",346,0.17275,0.69125,0.70975,0.54775,0.36925,0.85525,0.97525,0.85025,-0.239324025602393,-0.234702821368754,8.11005695526923e-05,0.00900558546418234,0.00900558546418234,0.513148673344867
"347",347,0.17325,0.75825,0.20425,0.88625,0.68775,0.21925,0.49425,0.58775,-0.0573525779785428,-0.0548051633917147,0.00010586156023438,0.0102889047150015,0.0102889047150015,0.247588509893954
"348",348,0.17375,0.32575,0.01075,0.44025,0.07625,0.54575,0.22675,0.54825,-0.13407307056598,-0.124338719574003,5.76677716749344e-05,0.00759392992296705,0.00759392992296705,1.2818594707513
"349",349,0.17425,0.17925,0.67725,0.20425,0.79675,0.37825,0.54275,0.96775,-0.163462659570984,-0.168555492960822,2.40210236772547e-05,0.0049011247359412,0.0049011247359412,-1.03911523664986
"350",350,0.17475,0.22475,0.84075,0.88925,0.65425,0.01475,0.21475,0.90075,0.0701542443140566,0.0699848513164259,0.000205988498647041,0.0143522994201989,0.0143522994201989,-0.0118024988659522
"351",351,0.17525,0.44275,0.16825,0.20075,0.16525,0.72225,0.43925,0.13325,-0.25250942442335,-0.25011453929953,9.66330844180426e-05,0.00983021283686384,0.00983021283686384,0.243624951317338
"352",352,0.17575,0.66775,0.65025,0.01525,0.99925,0.97425,0.67825,0.65325,-0.310099324610789,-0.307776597490414,0.000134280139083735,0.0115879307507309,0.0115879307507309,0.200443648684085
"353",353,0.17625,0.14325,0.31425,0.79375,0.17675,0.24525,0.60475,0.86075,-0.0692504791624422,-0.060946464902189,0.000112505578198383,0.0106068646733322,0.0106068646733322,0.782890563422683
"354",354,0.17675,0.41775,0.33025,0.36475,0.86375,0.94175,0.48775,0.87075,-0.224471922082729,-0.228667648969127,4.91297967250938e-05,0.00700926506312137,0.00700926506312137,-0.598597263566681
"355",355,0.17725,0.76975,0.16675,0.81575,0.83125,0.95325,0.03625,0.67875,-0.0909888403721614,-0.0933558268775262,0.000156322174658201,0.0125028866530174,0.0125028866530174,-0.189315201445384
"356",356,0.17775,0.80675,0.86875,0.04325,0.31125,0.46225,0.72475,0.25975,-0.259528681160873,-0.255567749460517,7.65140404099534e-05,0.00874723044225733,0.00874723044225733,0.45282123599042
"357",357,0.17825,0.72775,0.97375,0.71775,0.64925,0.84925,0.28625,0.41775,-0.154824631775,-0.145183635213874,3.97416798432333e-05,0.00630410024057623,0.00630410024057623,1.52932158328827
"358",358,0.17875,0.26375,0.65825,0.18175,0.76175,0.02975,0.04975,0.15025,-0.0874895651041391,-0.074392770660453,0.000174256443966164,0.0132006228628108,0.0132006228628108,0.99213458181453
"359",359,0.17925,0.74025,0.28525,0.86025,0.02425,0.36325,0.93675,0.76125,-0.132294156107386,-0.12141912090466,0.000155833175176125,0.0124833158726408,0.0124833158726408,0.87116558722674
"360",360,0.17975,0.33175,0.85075,0.08975,0.79425,0.13625,0.48375,0.49075,-0.165014677106721,-0.164356795310556,5.2859009130351e-05,0.00727042014813113,0.00727042014813113,0.0904874522738694
"361",361,0.18025,0.44225,0.88225,0.34225,0.94225,0.88925,0.53475,0.03125,-0.269138455133652,-0.274783046472113,0.000150491364838065,0.0122674921984106,0.0122674921984106,-0.460125936676148
"362",362,0.18075,0.11675,0.11175,0.92175,0.41225,0.21975,0.67875,0.01925,-0.1277405531329,-0.129096782836937,0.000160678706355396,0.0126759104744155,0.0126759104744155,-0.106992685596381
"363",363,0.18125,0.54425,0.10075,0.84475,0.03125,0.01125,0.65725,0.83825,-0.0350032906866069,-0.0232350158282566,0.000320372110301331,0.0178989415972378,0.0178989415972378,0.6574843989751
"364",364,0.18175,0.72425,0.17175,0.95175,0.65675,0.16025,0.91025,0.45525,-0.112410211977144,-0.108370707380102,0.00024373982797753,0.0156121692271615,0.0156121692271615,0.258740764224757
"365",365,0.18225,0.61025,0.12875,0.10975,0.97175,0.83925,0.34475,0.57625,-0.245679047748276,-0.246515768911455,0.00010764508443555,0.0103752149103308,0.0103752149103308,-0.080646152432548
"366",366,0.18275,0.64875,0.67575,0.36925,0.06775,0.59925,0.29575,0.03425,-0.196832701698839,-0.187794514022659,8.10207031806173e-05,0.00900115010321555,0.00900115010321555,1.00411476006285
"367",367,0.18325,0.75175,0.14375,0.30725,0.38975,0.03275,0.87525,0.88275,-0.143190641938795,-0.132686599244028,0.000171204110394879,0.0130844988591417,0.0130844988591417,0.802785250535458
"368",368,0.18375,0.60925,0.20175,0.75525,0.70625,0.63675,0.28825,0.57675,-0.0995349638148947,-0.0980890016441035,2.92521487494648e-05,0.0054085255615061,0.0054085255615061,0.267348680217486
"369",369,0.18425,0.47475,0.69275,0.95975,0.51525,0.65625,0.83075,0.07375,-0.189911191943703,-0.197865658668816,7.22145839468399e-05,0.00849791644739109,0.00849791644739109,-0.936049062656418
"370",370,0.18475,0.29175,0.49425,0.12975,0.92825,0.77775,0.52525,0.98375,-0.230743950220463,-0.237570749510636,6.24855506589313e-05,0.00790478024102703,0.00790478024102703,-0.863629232187993
"371",371,0.18525,0.63775,0.33125,0.08475,0.17325,0.99075,0.17025,0.73825,-0.245591563935219,-0.237155409285739,9.56936908283739e-05,0.00978231520798496,0.00978231520798496,0.862388347759829
"372",372,0.18575,0.07075,0.94675,0.51675,0.97375,0.38775,0.29475,0.03275,-0.1420988836285,-0.137586101096118,0.000110608233636415,0.0105170449098792,0.0105170449098792,0.429092256527585
"373",373,0.18625,0.35075,0.19125,0.57275,0.63675,0.41725,0.50175,0.03825,-0.168903175230273,-0.1739574485623,5.50978948654077e-05,0.00742279562330849,0.00742279562330849,-0.680912366245939
"374",374,0.18675,0.35725,0.73475,0.31675,0.48975,0.44575,0.67725,0.43225,-0.202266412564081,-0.20424512936798,1.02916389680614e-05,0.00320805844212063,0.00320805844212063,-0.61679574720933
"375",375,0.18725,0.87625,0.97675,0.54125,0.74925,0.08825,0.75325,0.85325,-0.100719090355358,-0.0996120027648105,0.000159026903565175,0.0126105869635468,0.0126105869635468,0.0877903299622567
"376",376,0.18775,0.89275,0.43125,0.04925,0.59375,0.54525,0.99625,0.13275,-0.29430636460827,-0.285298931833009,7.03968296260175e-05,0.0083902818561725,0.0083902818561725,1.07355544541504
"377",377,0.18825,0.81925,0.87225,0.23125,0.85325,0.20875,0.24175,0.69075,-0.0951991856356374,-0.0949170105295142,7.09280931586421e-05,0.00842188180626171,0.00842188180626171,0.0335049947997834
"378",378,0.18875,0.30375,0.08825,0.45525,0.90725,0.29725,0.70925,0.77525,-0.141761416707665,-0.145134740563261,5.67428036264778e-05,0.00753278193142997,0.00753278193142997,-0.447819130608448
"379",379,0.18925,0.67225,0.66325,0.60275,0.67775,0.04025,0.96625,0.57325,-0.135457541028214,-0.133177189368536,0.00016234610472029,0.0127415110846512,0.0127415110846512,0.17897026848134
"380",380,0.18975,0.01775,0.04475,0.70425,0.23075,0.05825,0.17725,0.95925,0.0567723771233806,0.067849552097924,0.000239105074459171,0.0154630228111832,0.0154630228111832,0.716365429308695
"381",381,0.19025,0.91775,0.77425,0.12625,0.13875,0.10475,0.78925,0.58075,-0.184282835112001,-0.178328339448381,7.46805213660627e-05,0.00864178924564021,0.00864178924564021,0.6890350475307
"382",382,0.19075,0.03925,0.24325,0.81475,0.42575,0.29175,0.70075,0.95525,-0.0718575206595947,-0.0670502054031287,0.000111213216671437,0.0105457677137057,0.0105457677137057,0.455852564457515
"383",383,0.19125,0.93825,0.20775,0.01925,0.71325,0.05225,0.53275,0.77475,-0.144509999378565,-0.139811490082408,7.30475031099351e-05,0.00854678320246484,0.00854678320246484,0.549740081718931
"384",384,0.19175,0.18975,0.14775,0.10675,0.48775,0.28375,0.64625,0.40325,-0.204874043675753,-0.204702295512346,1.39961569615934e-05,0.00374114380391792,0.00374114380391792,0.0459079288069916
"385",385,0.19225,0.59975,0.20225,0.79025,0.98075,0.87625,0.25675,0.11125,-0.158807340268584,-0.163637140276676,0.000136443000486664,0.0116808818368591,0.0116808818368591,-0.413479057107789
"386",386,0.19275,0.10475,0.74575,0.82575,0.45925,0.60325,0.81675,0.21675,-0.18416458091164,-0.189951367132625,2.9097024535502e-05,0.0053941657868017,0.0053941657868017,-1.07278612666002
"387",387,0.19325,0.60475,0.43325,0.50275,0.27475,0.13825,0.69775,0.28975,-0.145449400281692,-0.142412063997707,1.49142629593728e-05,0.00386189888000357,0.00386189888000357,0.78648778188159
"388",388,0.19375,0.52525,0.41025,0.25875,0.85725,0.60225,0.62925,0.30775,-0.230844487998013,-0.23784263914368,3.87049492002978e-05,0.00622133017933447,0.00622133017933447,-1.12486412775726
"389",389,0.19425,0.51625,0.41625,0.71675,0.72325,0.50175,0.93975,0.59525,-0.172857498083448,-0.174011320051261,4.56360925047268e-05,0.00675544909719012,0.00675544909719012,-0.170798706527582
"390",390,0.19475,0.79675,0.31025,0.49575,0.08975,0.37325,0.98975,0.36675,-0.205159129002784,-0.196769022509457,6.01472613605144e-05,0.00775546654692769,0.00775546654692769,1.08183130473959
"391",391,0.19525,0.69975,0.82625,0.88975,0.95575,0.93875,0.92675,0.88725,-0.187646127131433,-0.180719591516744,0.000114544364853275,0.0107025401122011,0.0107025401122011,0.647186139185091
"392",392,0.19575,0.17075,0.76475,0.90375,0.54175,0.85575,0.59125,0.43375,-0.162358742935951,-0.161038272321825,6.60310276220739e-05,0.00812594779838475,0.00812594779838475,0.162500504173617
"393",393,0.19625,0.77025,0.53925,0.13325,0.32125,0.79125,0.81525,0.56775,-0.277160297767851,-0.273846835129039,4.51832223860029e-05,0.00672184664999157,0.00672184664999157,0.492939338152879
"394",394,0.19675,0.19075,0.57675,0.48825,0.74625,0.73725,0.56775,0.13225,-0.220640965095886,-0.229412501532895,6.65912988476509e-05,0.00816034918662497,0.00816034918662497,-1.07489719329484
"395",395,0.19725,0.28375,0.51775,0.57025,0.89675,0.15675,0.60725,0.20775,-0.130002954603153,-0.135795569941143,4.51391300017285e-05,0.0067185660673784,0.0067185660673784,-0.8621803045319
"396",396,0.19775,0.27075,0.50925,0.50325,0.04375,0.38025,0.06425,0.64625,-0.039085424112215,-0.0268628644186177,6.34160921772307e-05,0.00796342213983603,0.00796342213983603,1.53483759607009
"397",397,0.19825,0.88625,0.84825,0.69825,0.27525,0.49575,0.79075,0.46625,-0.163921874012679,-0.160605963370166,4.51900898992982e-05,0.00672235746589678,0.00672235746589678,0.49326603938201
"398",398,0.19875,0.66675,0.26575,0.50675,0.86875,0.88275,0.75725,0.58375,-0.231084504016811,-0.233897685911542,2.78652753291729e-05,0.00527875698712992,0.00527875698712992,-0.532925062015508
"399",399,0.19925,0.95675,0.15975,0.88375,0.28925,0.70325,0.06175,0.59225,-0.0319374578427178,-0.0334720167843786,8.90157323182666e-05,0.00943481490641267,0.00943481490641267,-0.16264854762734
"400",400,0.19975,0.63325,0.91275,0.37375,0.94825,0.56175,0.25075,0.48075,-0.142458947824496,-0.137232927684375,3.61403675699816e-05,0.00601168591744292,0.00601168591744292,0.869310242066653
"401",401,0.20025,0.53725,0.87825,0.23325,0.97475,0.48725,0.19375,0.67475,-0.129423462986469,-0.124889350244965,4.47376613542294e-05,0.00668862178286599,0.00668862178286599,0.677884456424025
"402",402,0.20075,0.92275,0.67875,0.03425,0.80775,0.71025,0.35875,0.05225,-0.260956803664342,-0.256197693792623,0.000214755778594382,0.0146545480515225,0.0146545480515225,0.324753097467548
"403",403,0.20125,0.44125,0.12375,0.24675,0.72625,0.70625,0.00375,0.21125,-0.166845433894973,-0.16006564739345,0.000173189576273903,0.0131601510733693,0.0131601510733693,0.515175431020886
"404",404,0.20175,0.19575,0.29775,0.48325,0.54225,0.86075,0.80025,0.85775,-0.219472575600602,-0.227587419926264,5.8305131392583e-05,0.00763577968465454,0.00763577968465454,-1.06273945304763
"405",405,0.20225,0.29525,0.43025,0.99025,0.39675,0.22875,0.36575,0.53025,-0.0030911545067101,0.00664675348309032,9.16899187878632e-05,0.00957548530299447,0.00957548530299447,1.0169623451623
"406",406,0.20275,0.87425,0.30225,0.71125,0.38725,0.44925,0.21425,0.26425,-0.0784339841785956,-0.0749693696381671,1.54427265185269e-05,0.00392972346591041,0.00392972346591041,0.881643344750174
"407",407,0.20325,0.13175,0.29425,0.49125,0.69075,0.43225,0.47425,0.16775,-0.160394344381589,-0.163294715237328,4.05756411702072e-05,0.00636990118998774,0.00636990118998774,-0.455324308687522
"408",408,0.20375,0.40975,0.29125,0.12825,0.24575,0.56425,0.01675,0.02025,-0.178317632361796,-0.160765759275808,0.000203342866097545,0.0142598340136744,0.0142598340136744,1.23086096718635
"409",409,0.20425,0.02575,0.62675,0.55825,0.85025,0.67325,0.85475,0.08075,-0.234033375514691,-0.251382112193751,7.70626658985646e-05,0.00877853438214857,0.00877853438214857,-1.97626801056213
"410",410,0.20475,0.19475,0.70275,0.02225,0.63225,0.28475,0.57425,0.53325,-0.194666782151628,-0.194569801737375,1.22557679003142e-05,0.00350082388878878,0.00350082388878878,0.0277021687847722
"411",411,0.20525,0.49125,0.83925,0.03325,0.75475,0.21825,0.34075,0.97475,-0.117984884875922,-0.118122618949347,5.97315388476084e-05,0.00772861817193788,0.00772861817193788,-0.017821306520887
"412",412,0.20575,0.44375,0.45425,0.67575,0.58825,0.30225,0.83975,0.11075,-0.169916616715979,-0.176433044225493,2.47018925321585e-05,0.00497009985132679,0.00497009985132679,-1.31112607481607
"413",413,0.20625,0.89425,0.76375,0.26525,0.93375,0.74875,0.79175,0.44625,-0.253982687738211,-0.250624312678889,2.95173133527623e-05,0.00543298383512802,0.00543298383512802,0.618145601245439
"414",414,0.20675,0.31125,0.55675,0.16125,0.71725,0.08075,0.30275,0.30225,-0.117936670778273,-0.111377782532549,4.81574215643045e-05,0.00693955485346895,0.00693955485346895,0.945145385290143
"415",415,0.20725,0.09425,0.48375,0.48525,0.40825,0.92975,0.34775,0.27325,-0.209162910586037,-0.206768864755179,0.000113920383247497,0.0106733492047949,0.0106733492047949,0.22430127459734
"416",416,0.20775,0.15575,0.03075,0.09175,0.06125,0.79275,0.81425,0.85875,-0.265857783346535,-0.271088290314592,0.000203121296495073,0.0142520628855992,0.0142520628855992,-0.366999992214607
"417",417,0.20825,0.80625,0.54975,0.47375,0.89375,0.07925,0.01275,0.59875,0.0286346092916463,0.0215191959668971,8.44026951126863e-05,0.00918709394273762,0.00918709394273762,-0.774500986829891
"418",418,0.20875,0.84375,0.41275,0.13675,0.42125,0.84725,0.54075,0.18925,-0.274472062619736,-0.273096266414774,9.6054518730406e-05,0.00980074072355789,0.00980074072355789,0.140376757611289
"419",419,0.20925,0.41425,0.32475,0.61025,0.49125,0.18625,0.61225,0.18625,-0.125195777517496,-0.124877578088959,1.53655329123507e-05,0.00391988940052531,0.00391988940052531,0.0811756139074639
"420",420,0.20975,0.05675,0.51125,0.69425,0.59025,0.22425,0.75125,0.25325,-0.133031195589753,-0.135110600857557,2.93286434088002e-05,0.00541559261843062,0.00541559261843062,-0.383966338370296
"421",421,0.21025,0.51725,0.34975,0.63425,0.10825,0.97975,0.61825,0.82675,-0.192767007075567,-0.193340830552875,8.91385557701166e-05,0.00944132171732944,0.00944132171732944,-0.0607778756500537
"422",422,0.21075,0.34775,0.60625,0.95675,0.33125,0.48475,0.97125,0.46725,-0.144909042747166,-0.1447689379685,6.08532647362545e-05,0.00780085025726392,0.00780085025726392,0.0179601933181016
"423",423,0.21125,0.54125,0.53075,0.05025,0.14575,0.45325,0.86025,0.26525,-0.257912100129449,-0.254966332698423,4.70135785235707e-05,0.00685664484449725,0.00685664484449725,0.429622285802084
"424",424,0.21175,0.94125,0.21325,0.44975,0.11725,0.86825,0.69475,0.77075,-0.215687851131365,-0.211109986111876,8.69504397172858e-05,0.0093247219646103,0.0093247219646103,0.490938500564751
"425",425,0.21225,0.81425,0.12825,0.18675,0.39025,0.17875,0.11575,0.77675,-0.0515190190389255,-0.0471098781584767,6.45216867570956e-05,0.00803253924715564,0.00803253924715564,0.548909970406942
"426",426,0.21275,0.15525,0.45325,0.35575,0.75525,0.73425,0.84075,0.85675,-0.219572276094535,-0.228929563512108,4.64586274789077e-05,0.00681605659299479,0.00681605659299479,-1.37283006528877
"427",427,0.21325,0.07925,0.27575,0.03225,0.87175,0.68675,0.79725,0.77625,-0.259292648108526,-0.271969481083279,6.12095446347538e-05,0.00782365289585075,0.00782365289585075,-1.62032149732463
"428",428,0.21375,0.65625,0.34875,0.07325,0.98175,0.50025,0.59275,0.50525,-0.219418634607949,-0.223012595331814,4.94222419692429e-05,0.00703009544524417,0.00703009544524417,-0.51122502558572
"429",429,0.21425,0.79425,0.27375,0.67925,0.29425,0.13475,0.25325,0.07925,-0.0522753776531989,-0.0479559813717869,2.83140667867569e-05,0.00532109638953824,0.00532109638953824,0.811749302249876
"430",430,0.21475,0.79125,0.17475,0.71575,0.34625,0.03475,0.14175,0.04375,-0.00938049263756048,-0.00636160852522703,5.87435836612029e-05,0.00766443629115689,0.00766443629115689,0.393882080514727
"431",431,0.21525,0.62725,0.45875,0.13125,0.69025,0.17375,0.62075,0.99675,-0.131290309966384,-0.132213417090341,4.09599904623731e-05,0.00639999925487286,0.00639999925487286,-0.144235504911064
"432",432,0.21575,0.65275,0.76325,0.62775,0.40325,0.14775,0.12275,0.94725,0.0573420439454897,0.0534399997875376,8.11589459888812e-05,0.00900882600502869,0.00900882600502869,-0.433135700009524
"433",433,0.21625,0.78525,0.16525,0.78525,0.61575,0.18875,0.01325,0.73625,0.0890167735761621,0.0802080761088863,8.47146472585165e-05,0.00920405602213049,0.00920405602213049,-0.957045181612966
"434",434,0.21675,0.99125,0.99975,0.27425,0.64775,0.08475,0.11675,0.09375,-0.0787188447340768,-0.0776078864956125,0.000178035336600444,0.0133429882934987,0.0133429882934987,0.083261576344604
"435",435,0.21725,0.86375,0.70375,0.04825,0.72525,0.79225,0.10775,0.73925,-0.194086636209849,-0.183724460044886,0.000106199726365013,0.0103053251460113,0.0103053251460113,1.00551666426301
"436",436,0.21775,0.48075,0.23575,0.25925,0.06925,0.87075,0.61425,0.86275,-0.229163056357778,-0.232138588463454,0.0001165029628399,0.0107936538224968,0.0107936538224968,-0.275674220667909
"437",437,0.21825,0.11175,0.06325,0.73725,0.55575,0.89575,0.71275,0.68925,-0.180714208673543,-0.188838083058841,7.72142000969537e-05,0.00878716109428715,0.00878716109428715,-0.924516382268176
"438",438,0.21875,0.58325,0.61925,0.23825,0.80725,0.27725,0.12375,0.93225,-0.0444814632699737,-0.0444925466880216,3.44884429101792e-05,0.00587268617501218,0.00587268617501218,-0.00188728253436323
"439",439,0.21925,0.84425,0.35625,0.81725,0.90925,0.97475,0.34925,0.28275,-0.158724428995803,-0.157852979362554,0.000116943997510833,0.0108140648005656,0.0108140648005656,0.0805848355193346
"440",440,0.21975,0.27225,0.69925,0.01425,0.44725,0.53375,0.56825,0.09075,-0.252141894261695,-0.252859756092831,6.8034306520924e-05,0.00824829112731383,0.00824829112731383,-0.087031582670363
"441",441,0.22025,0.07975,0.53375,0.57975,0.75675,0.54475,0.42275,0.77925,-0.100521432923817,-0.0983827469089872,1.69267260338144e-05,0.00411421025639361,0.00411421025639361,0.51982905139722
"442",442,0.22075,0.90725,0.76825,0.91725,0.79475,0.97125,0.48875,0.77025,-0.126859046403565,-0.117748618469872,6.67396965444296e-05,0.00816943673360836,0.00816943673360836,1.11518434266263
"443",443,0.22125,0.43175,0.76425,0.62725,0.24125,0.35725,0.53875,0.72375,-0.0861175731704633,-0.0802913875669724,1.97101067890708e-05,0.00443960660296279,0.00443960660296279,1.31232024017686
"444",444,0.22175,0.16475,0.94825,0.21825,0.51925,0.60775,0.33625,0.70325,-0.164291305999434,-0.156416343903192,4.08958967027916e-05,0.00639498996893597,0.00639498996893597,1.23142680981441
"445",445,0.22225,0.67675,0.01425,0.40025,0.62275,0.58275,0.25525,0.97525,-0.0936563346855967,-0.0920637821952913,2.80388027672875e-05,0.00529516786960409,0.00529516786960409,0.300755807846461
"446",446,0.22275,0.94275,0.24075,0.55175,0.09925,0.51275,0.62625,0.96275,-0.118502002802056,-0.114285364539105,3.32035809516407e-05,0.00576225484959149,0.00576225484959149,0.731768790693098
"447",447,0.22325,0.21725,0.63925,0.48675,0.91075,0.04125,0.42525,0.02275,-0.0991732929484139,-0.100702636120256,6.04266056006048e-05,0.00777345519062179,0.00777345519062179,-0.196739176381586
"448",448,0.22375,0.20125,0.87475,0.51875,0.95325,0.39075,0.13725,0.87525,-0.0164494276014956,-0.011596243762821,2.61240907655239e-05,0.00511117313006749,0.00511117313006749,0.949524446770308
"449",449,0.22425,0.40225,0.25725,0.72825,0.69475,0.87675,0.94725,0.90425,-0.19072907517876,-0.1949289543047,5.52493530904168e-05,0.00743299085768419,0.00743299085768419,-0.565032193144457
"450",450,0.22475,0.20975,0.90075,0.40975,0.23025,0.31575,0.61275,0.41375,-0.146899507105517,-0.140638561517924,2.13623892340636e-05,0.00462194647676318,0.00462194647676318,1.35461230870368
"451",451,0.22525,0.93575,0.26275,0.08925,0.65475,0.74375,0.22225,0.43025,-0.210197555784551,-0.203619762266327,9.75821665552218e-05,0.00987836861810804,0.00987836861810804,0.665878524331056
"452",452,0.22575,0.00275,0.94525,0.70525,0.66425,0.58975,0.70025,0.86625,-0.121710973660333,-0.119828500112705,5.15109466745665e-05,0.0071771126976359,0.0071771126976359,0.262288419721773
"453",453,0.22625,0.96225,0.20325,0.98525,0.52425,0.77825,0.09325,0.49125,-0.0269543185540397,-0.0280182789373755,0.000143579487292634,0.011982465826892,0.011982465826892,-0.088793108088652
"454",454,0.22675,0.74275,0.30775,0.24525,0.16325,0.00375,0.90575,0.02825,-0.191292789424652,-0.185069465887546,6.12700402932858e-05,0.00782751814391291,0.00782751814391291,0.795057056743533
"455",455,0.22725,0.31725,0.63575,0.26425,0.07425,0.54825,0.76325,0.52775,-0.211716558322685,-0.211766521907561,3.36250839385563e-05,0.00579871399006334,0.00579871399006334,-0.00861632164677205
"456",456,0.22775,0.23725,0.16275,0.43525,0.65225,0.19375,0.00975,0.39525,-0.00837743008804515,0.00148925534755008,5.85401326603234e-05,0.00765115237466379,0.00765115237466379,1.28956854502964
"457",457,0.22825,0.41275,0.17125,0.74875,0.15325,0.24875,0.31275,0.01975,-0.0689827674951543,-0.0592406819880189,6.18853949094625e-05,0.00786672707734688,0.00786672707734688,1.2383911900527
"458",458,0.22875,0.90175,0.29225,0.01575,0.21125,0.93725,0.32975,0.27475,-0.27527885762862,-0.267770230878254,0.000126663257666835,0.0112544772276119,0.0112544772276119,0.667167972222129
"459",459,0.22925,0.52075,0.49825,0.28775,0.11625,0.44825,0.79825,0.21475,-0.217107413792923,-0.217189146599907,2.91341674210596e-05,0.00539760756456595,0.00539760756456595,-0.0151424137465209
"460",460,0.22975,0.37225,0.01725,0.39775,0.08925,0.03125,0.70975,0.60525,-0.103960735042649,-0.0927422945123411,0.000124704076066473,0.011167097924997,0.011167097924997,1.00459766768911
"461",461,0.23025,0.72725,0.97075,0.41975,0.34175,0.01575,0.73925,0.97025,-0.073117334197935,-0.0732748762333872,0.000128222691907624,0.0113235459069862,0.0113235459069862,-0.0139127828638033
"462",462,0.23075,0.25625,0.15725,0.56625,0.61625,0.09075,0.58325,0.43975,-0.0803966771170474,-0.0766337468906562,2.90531002461613e-05,0.00539009278641484,0.00539009278641484,0.698119749603432
"463",463,0.23125,0.00625,0.05675,0.55925,0.90525,0.29775,0.06875,0.58925,0.0032335449582104,0.00885870785776294,5.74034834366415e-05,0.00757650865746496,0.00757650865746496,0.74244789438869
"464",464,0.23175,0.42325,0.98775,0.44825,0.17925,0.23275,0.92075,0.50275,-0.16054401414977,-0.156893028720543,9.22507754377835e-05,0.00960472672374303,0.00960472672374303,0.380123821763892
"465",465,0.23225,0.45375,0.97825,0.91125,0.02975,0.43175,0.19425,0.43475,-0.00345231243135323,0.00869056804374057,9.46075097388665e-05,0.00972663918004911,0.00972663918004911,1.24841481731951
"466",466,0.23275,0.40725,0.30975,0.54425,0.78475,0.61925,0.20375,0.10275,-0.129799189809723,-0.129448301191021,6.65061155589342e-05,0.00815512817550615,0.00815512817550615,0.0430267447856786
"467",467,0.23325,0.36675,0.00925,0.53475,0.62575,0.11675,0.18975,0.36575,-0.0187961053420368,-0.0100707288317131,3.6303574697623e-05,0.00602524478321197,0.00602524478321197,1.44813643665317
"468",468,0.23375,0.89525,0.57175,0.93275,0.46575,0.97675,0.16675,0.59275,-0.0759535848118288,-0.0714977608398684,0.000100739946558849,0.0100369291398739,0.0100369291398739,0.44394295405142
"469",469,0.23425,0.15725,0.54775,0.79175,0.23575,0.91025,0.18075,0.12125,-0.131083901125813,-0.120908189751674,0.000126090404495354,0.011228998374537,0.011228998374537,0.906199380811521
"470",470,0.23475,0.30575,0.40425,0.36975,0.48275,0.55575,0.98625,0.39425,-0.226309972754615,-0.230778672967443,2.82116863776164e-05,0.00531146744107656,0.00531146744107656,-0.841330623298004
"471",471,0.23525,0.78975,0.90925,0.26325,0.38775,0.88875,0.60975,0.78575,-0.228739012360399,-0.225296257386549,4.57933752838438e-05,0.00676708026284924,0.00676708026284924,0.508750427086034
"472",472,0.23575,0.12225,0.76875,0.64725,0.98475,0.58025,0.04625,0.02125,-0.0810540784033524,-0.0732274719379052,0.000132077998120315,0.0114925192242743,0.0114925192242743,0.681017478649587
"473",473,0.23625,0.69525,0.41425,0.60325,0.50975,0.69175,0.87975,0.93325,-0.167738921698765,-0.167203383830695,3.52663926025712e-05,0.00593855138923384,0.00593855138923384,0.0901798827641533
"474",474,0.23675,0.53325,0.86925,0.21275,0.92325,0.02425,0.27125,0.01575,-0.104995382612376,-0.105010307237825,0.000120710591383007,0.010986837187426,0.010986837187426,-0.00135840963094385
"475",475,0.23725,0.91925,0.52075,0.57925,0.11025,0.85625,0.32025,0.40975,-0.157351059995114,-0.152772476398068,3.48370404685921e-05,0.00590229112028474,0.00590229112028474,0.775729882470642
"476",476,0.23775,0.51275,0.77275,0.25125,0.26275,0.19575,0.96025,0.03625,-0.214895959865427,-0.213105906105846,6.71440186520207e-05,0.00819414538875292,0.00819414538875292,0.218455210965378
"477",477,0.23825,0.94325,0.34125,0.95625,0.50275,0.21125,0.49925,0.98175,0.0340493250664398,0.0377943842774453,0.000152597371192144,0.012353030850449,0.012353030850449,0.303169259135249
"478",478,0.23875,0.58025,0.56125,0.38525,0.21825,0.45575,0.75025,0.81175,-0.155952127610899,-0.155944476656862,1.85716217620752e-05,0.00430948045152489,0.00430948045152489,0.0017753773623173
"479",479,0.23925,0.08775,0.29875,0.75575,0.39725,0.04275,0.95775,0.22575,-0.117926309856797,-0.115345999692309,0.000144882120945781,0.0120366989222868,0.0120366989222868,0.214370250610021
"480",480,0.23975,0.50675,0.38575,0.70975,0.66125,0.01825,0.10425,0.21425,0.037757578562449,0.0408579407811858,4.49398482306057e-05,0.00670371898505641,0.00670371898505641,0.462483917605731
"481",481,0.24025,0.35975,0.28075,0.26175,0.49575,0.26125,0.46425,0.63575,-0.114878961988181,-0.111486059078611,7.21840001705884e-06,0.00268670802601601,0.00268670802601601,1.2628476472753
"482",482,0.24075,0.38075,0.84675,0.83925,0.83025,0.40625,0.38275,0.46925,-0.0424090218994988,-0.0364961265120895,3.49449903678315e-05,0.00591142879241825,0.00591142879241825,1.0002480948418
"483",483,0.24125,0.68175,0.95725,0.32975,0.02875,0.45875,0.25775,0.90125,-0.0808904946064869,-0.0780700103209555,3.66322964422966e-05,0.00605246201494041,0.00605246201494041,0.466006110995671
"484",484,0.24175,0.56475,0.76175,0.85825,0.34525,0.71875,0.41775,0.62475,-0.0841586909206543,-0.0782142556370775,2.27007057947075e-05,0.00476452576808096,0.00476452576808096,1.24764469181811
"485",485,0.24225,0.27725,0.94175,0.86125,0.31175,0.90075,0.24575,0.34975,-0.106497409692742,-0.0934701412919249,6.84135700736929e-05,0.00827124960774929,0.00827124960774929,1.57500607751118
"486",486,0.24275,0.55075,0.77175,0.69375,0.82575,0.70575,0.38775,0.66325,-0.100657160950308,-0.096251103037117,1.40136163011681e-05,0.00374347649934765,0.00374347649934765,1.176996279784
"487",487,0.24325,0.59025,0.21475,0.59675,0.84125,0.48775,0.91475,0.76775,-0.150889370004667,-0.151580185530724,4.81783244727078e-05,0.00694106075990607,0.00694106075990607,-0.0995259298185909
"488",488,0.24375,0.70775,0.84525,0.98625,0.49625,0.75075,0.35225,0.14675,-0.0972146498893714,-0.092698427384479,9.06175492901047e-05,0.00951932504383082,0.00951932504383082,0.474426756529258
"489",489,0.24425,0.49425,0.37425,0.09525,0.81175,0.83525,0.94175,0.78825,-0.27431608533775,-0.278372437827763,7.9634225905977e-05,0.0089238010906775,0.0089238010906775,-0.454554337192768
"490",490,0.24475,0.85925,0.18975,0.73525,0.10775,0.16725,0.72975,0.15475,-0.108953076829055,-0.106187800345095,3.6420833801115e-05,0.00603496758906914,0.00603496758906914,0.458209003304115
"491",491,0.24525,0.45025,0.13625,0.22925,0.47825,0.96375,0.37275,0.12875,-0.252842677569305,-0.257340606101934,0.000131204598745788,0.0114544575928233,0.0114544575928233,-0.392679312501635
"492",492,0.24575,0.91225,0.47875,0.65125,0.05425,0.34675,0.73375,0.37875,-0.12730721142266,-0.125235983161093,4.3634773827233e-05,0.00660566225500767,0.00660566225500767,0.313553460895889
"493",493,0.24625,0.45275,0.38925,0.38375,0.30925,0.17325,0.64975,0.55625,-0.114116144336304,-0.110691393295984,1.7215966511108e-05,0.00414921275799495,0.00414921275799495,0.825397789911107
"494",494,0.24675,0.05275,0.86225,0.37725,0.08175,0.26225,0.89075,0.27025,-0.180581807901269,-0.174982169131463,8.44641193525095e-05,0.00919043629826732,0.00919043629826732,0.609289764715707
"495",495,0.24725,0.73375,0.85425,0.77675,0.99675,0.58175,0.66025,0.19975,-0.145189693687167,-0.148978389184275,5.98392033537978e-05,0.00773558035016105,0.00773558035016105,-0.489775210857854
"496",496,0.24775,0.50075,0.49925,0.72275,0.26925,0.39675,0.89175,0.40425,-0.142304048450278,-0.141876014958614,2.62727416713096e-05,0.00512569426237165,0.00512569426237165,0.0835074176792509
"497",497,0.24825,0.22575,0.00175,0.80025,0.04725,0.46375,0.72625,0.25725,-0.129998326354359,-0.126767796437769,8.02321059855628e-05,0.00895723763141086,0.00895723763141086,0.36066140584027
"498",498,0.24875,0.42025,0.68825,0.43325,0.81475,0.96225,0.25475,0.90525,-0.152011082337559,-0.148416752316143,4.22928445687728e-05,0.00650329490095388,0.00650329490095388,0.552693684687247
"499",499,0.24925,0.03725,0.17075,0.89225,0.18175,0.72625,0.71075,0.76825,-0.112130456316206,-0.112648883576727,6.29798899078664e-05,0.00793598701535394,0.00793598701535394,-0.0653261225753011
"500",500,0.24975,0.49225,0.72875,0.88675,0.56675,0.64625,0.37875,0.75475,-0.0437087830308818,-0.0380007913817054,2.09259327391752e-05,0.00457448715586514,0.00457448715586514,1.24778832133301
"501",501,0.25025,0.98075,0.44925,0.57125,0.28625,0.34325,0.73625,0.84325,-0.100535415907123,-0.0974470535172402,4.33839858734215e-05,0.00658665209901218,0.00658665209901218,0.4688819666589
"502",502,0.25075,0.76175,0.03025,0.42825,0.44625,0.53425,0.43025,0.98325,-0.0962164387454273,-0.0943382238657265,3.44637751300696e-05,0.00587058558664037,0.00587058558664037,0.31993654670073
"503",503,0.25125,0.72125,0.91325,0.10325,0.50125,0.57125,0.45625,0.84775,-0.173907480297927,-0.171859812252773,2.30589265596009e-05,0.0048019711119082,0.0048019711119082,0.426422399767477
"504",504,0.25175,0.83725,0.10175,0.13075,0.54275,0.80475,0.00225,0.02225,-0.19845590472834,-0.190247823093284,0.00024873103327463,0.0157712089985083,0.0157712089985083,0.520447204512497
"505",505,0.25225,0.85875,0.95975,0.80075,0.57925,0.47125,0.25975,0.01625,-0.0730779955362675,-0.0711705142813818,7.63786372206882e-05,0.00873948724014677,0.00873948724014677,0.218260088088837
"506",506,0.25275,0.53625,0.89275,0.43825,0.94725,0.41925,0.66675,0.98575,-0.11101212460521,-0.111480080415857,5.72924573871619e-05,0.00756917811834032,0.00756917811834032,-0.0618238603096326
"507",507,0.25325,0.91525,0.81425,0.81075,0.06475,0.93925,0.28725,0.68325,-0.0980039931189297,-0.0939954334684949,5.09068154536493e-05,0.00713490122241712,0.00713490122241712,0.561824126988657
"508",508,0.25375,0.05425,0.95775,0.15975,0.58975,0.92875,0.21375,0.47325,-0.216313240459416,-0.202689233404491,0.000158231495686225,0.0125790101234646,0.0125790101234646,1.08307465541435
"509",509,0.25425,0.86775,0.91775,0.31475,0.37275,0.47875,0.01625,0.56475,-0.0590618396343732,-0.0546514764587792,6.91394377502659e-05,0.00831501279315107,0.00831501279315107,0.530409668067707
"510",510,0.25475,0.88575,0.48975,0.20175,0.66075,0.43925,0.73425,0.79525,-0.174170257133587,-0.173648879385182,3.28827230134938e-05,0.00573434590982213,0.00573434590982213,0.0909219214543628
"511",511,0.25525,0.32825,0.64675,0.96725,0.01825,0.58475,0.00475,0.22425,0.0169832560855221,0.0253369558334407,0.000163587773668685,0.0127901436140758,0.0127901436140758,0.653135727008194
"512",512,0.25575,0.77675,0.50375,0.83125,0.91675,0.32525,0.71875,0.80125,-0.0539637847979741,-0.051927387720217,7.99950309488109e-05,0.00894399412727954,0.00894399412727954,0.22768318592093
"513",513,0.25625,0.65725,0.65625,0.12725,0.87025,0.20275,0.70275,0.64475,-0.154255144723196,-0.156948469508188,2.94040024380844e-05,0.00542254575251186,0.00542254575251186,-0.496690098694763
"514",514,0.25675,0.80725,0.70625,0.29275,0.47725,0.12575,0.02325,0.06775,-0.0432510134627128,-0.0406775966727561,0.000108078283813999,0.010396070594893,0.010396070594893,0.247537448545307
"515",515,0.25725,0.99525,0.50775,0.69975,0.26525,0.58575,0.84775,0.23125,-0.174760881437792,-0.175798921439669,6.08137088333705e-05,0.00779831448669329,0.00779831448669329,-0.133110815631795
"516",516,0.25775,0.70725,0.68625,0.55475,0.86925,0.32025,0.15525,0.73975,0.00722487131535632,0.00819718982131326,1.60828824476827e-05,0.00401034692360682,0.00401034692360682,0.242452467200134
"517",517,0.25825,0.94225,0.90525,0.97525,0.98025,0.15825,0.63475,0.70475,0.00314811476235864,0.00375148410635981,0.000244300309629237,0.0156301090728516,0.0156301090728516,0.0386030155764671
"518",518,0.25875,0.81725,0.01875,0.35325,0.78075,0.28225,0.19075,0.92025,-0.0159486059790493,-0.0137397903964226,2.48776286818778e-05,0.0049877478566862,0.0049877478566862,0.442848284655314
"519",519,0.25925,0.75875,0.44075,0.64775,0.14075,0.83625,0.11875,0.10575,-0.122513612695367,-0.118276770195688,7.79494498385148e-05,0.00882889856315695,0.00882889856315695,0.479883472368724
"520",520,0.25975,0.90825,0.98975,0.18275,0.14775,0.08425,0.13125,0.45575,-0.0411152347933093,-0.0395905492200973,0.000152021876667609,0.0123297151900443,0.0123297151900443,0.123659431682827
"521",521,0.26025,0.68675,0.05925,0.71275,0.56475,0.35025,0.52125,0.22525,-0.0916670312840088,-0.0920015127569802,2.19418757317633e-05,0.0046842155940737,0.0046842155940737,-0.0714060798983227
"522",522,0.26075,0.73275,0.10425,0.89775,0.99375,0.29075,0.46125,0.48625,-0.0166421652850649,-0.0162732697880592,8.14268024463029e-05,0.00902368009441286,0.00902368009441286,0.0408808261314699
"523",523,0.26125,0.18325,0.24625,0.76025,0.98375,0.16175,0.76675,0.92875,-0.0331843980321866,-0.0338646182727433,0.000156070144910881,0.0124928037249803,0.0124928037249803,-0.0544489656230291
"524",524,0.26175,0.21625,0.15575,0.08275,0.74575,0.64975,0.74275,0.48925,-0.24090746923216,-0.253087233021577,3.20151782733691e-05,0.00565819567294815,0.00565819567294815,-2.1525879438296
"525",525,0.26225,0.05375,0.48475,0.60225,0.52875,0.27325,0.71225,0.16875,-0.129706455280288,-0.131013358815296,1.09923205484725e-05,0.00331546686734651,0.00331546686734651,-0.394183862272749
"526",526,0.26275,0.65925,0.46575,0.44075,0.99225,0.86425,0.69325,0.46225,-0.215513588590867,-0.221382250808641,3.45692875542913e-05,0.00587956525215014,0.00587956525215014,-0.998145605345197
"527",527,0.26325,0.66925,0.08725,0.94425,0.06025,0.19825,0.81775,0.75625,-0.0345259992164737,-0.0261409654924242,0.000130593114924301,0.0114277344615764,0.0114277344615764,0.733744186325172
"528",528,0.26375,0.53875,0.99475,0.44425,0.96225,0.86625,0.07825,0.78925,-0.100900006814214,-0.09130637556098,7.29858482394577e-05,0.00854317553603212,0.00854317553603212,1.12295846114497
"529",529,0.26425,0.30425,0.27625,0.08325,0.06575,0.85375,0.84125,0.08625,-0.298193093828613,-0.304466583409101,0.000126315134516968,0.0112390006013421,0.0112390006013421,-0.558189273496334
"530",530,0.26475,0.23925,0.33775,0.82625,0.29125,0.51875,0.18875,0.99825,0.0432210190615545,0.0465528334863921,3.99682602536238e-05,0.0063220455750986,0.0063220455750986,0.527015249298585
"531",531,0.26525,0.58825,0.13575,0.79625,0.16225,0.61025,0.35025,0.67275,-0.0476097999768363,-0.0436669996804554,1.12224139856162e-05,0.00334998716200766,0.00334998716200766,1.17695982274092
"532",532,0.26575,0.40275,0.35775,0.73825,0.35075,0.80325,0.57675,0.29125,-0.157521685622166,-0.161321064960766,5.81657451903776e-05,0.00762664704771222,0.00762664704771222,-0.498171649327827
"533",533,0.26625,0.56825,0.61525,0.74175,0.38375,0.93275,0.54875,0.46175,-0.160679733695229,-0.161626862888045,5.32331262014128e-05,0.00729610349442857,0.00729610349442857,-0.129813015061978
"534",534,0.26675,0.59725,0.57125,0.50975,0.47875,0.47775,0.75175,0.65425,-0.139595472327659,-0.140828020866877,1.49776459070807e-05,0.00387009636922399,0.00387009636922399,-0.318480063964182
"535",535,0.26725,0.77725,0.74725,0.06325,0.43525,0.41275,0.64775,0.98775,-0.16437345620823,-0.166915677663042,2.21016618433743e-05,0.00470124045794026,0.00470124045794026,-0.540755461788445
"536",536,0.26775,0.36475,0.22725,0.21775,0.64725,0.93375,0.75975,0.03725,-0.285738961837887,-0.300811241441997,8.73421397114178e-05,0.00934570167036258,0.00934570167036258,-1.61274991816909
"537",537,0.26825,0.76875,0.75175,0.76825,0.55675,0.38375,0.54825,0.30125,-0.0823073812158571,-0.0821138158973251,2.86885563662738e-05,0.00535616993440965,0.00535616993440965,0.0361387560332015
"538",538,0.26875,0.19975,0.33875,0.22025,0.52475,0.89075,0.36675,0.33825,-0.222164466947173,-0.225642691445572,8.8357326895497e-05,0.00939985781251488,0.00939985781251488,-0.370029479995763
"539",539,0.26925,0.38225,0.61125,0.90775,0.94575,0.00275,0.89375,0.28375,-0.0637675824187787,-0.0689312145526953,0.000177024124945326,0.013305041335724,0.013305041335724,-0.388095910687046
"540",540,0.26975,0.60775,0.01375,0.72675,0.96875,0.76925,0.57825,0.33325,-0.149245421641068,-0.157143642014145,6.46897507664354e-05,0.00804299389322381,0.00804299389322381,-0.982000045994218
"541",541,0.27025,0.29575,0.71425,0.50925,0.23975,0.14875,0.82225,0.91725,-0.0771665715080131,-0.0746977093001885,9.36634635341245e-05,0.0096779886099398,0.0096779886099398,0.25510075567654
"542",542,0.27075,0.34725,0.99725,0.10425,0.86525,0.56975,0.27925,0.24525,-0.180897952860395,-0.174523793311843,8.18093017984558e-05,0.00904484946245408,0.00904484946245408,0.704728096914345
"543",543,0.27125,0.72175,0.19025,0.64375,0.37125,0.29325,0.47075,0.79025,-0.0280916745710579,-0.0236160903166082,1.57668296248441e-05,0.00397074673390839,0.00397074673390839,1.12713918926892
"544",544,0.27175,0.64575,0.69625,0.12125,0.94425,0.55425,0.96525,0.99625,-0.212209129926546,-0.21238062156794,0.000124601715285179,0.0111625138425526,0.0111625138425526,-0.0153631739062438
"545",545,0.27225,0.10325,0.81625,0.50175,0.60125,0.01625,0.83725,0.37775,-0.103787640013215,-0.101609848338422,7.05576305402262e-05,0.00839985895954368,0.00839985895954368,0.259265266867208
"546",546,0.27275,0.99925,0.64325,0.77175,0.05475,0.93025,0.76175,0.34725,-0.189192051465874,-0.191710332930605,0.000140603807827914,0.0118576476515334,0.0118576476515334,-0.212376142278551
"547",547,0.27325,0.82375,0.46925,0.11975,0.91425,0.99025,0.97925,0.08275,-0.31879763848232,-0.317320858036179,0.000123601475610319,0.0111176200515361,0.0111176200515361,0.132832426301255
"548",548,0.27375,0.56575,0.23725,0.01875,0.47425,0.10575,0.88975,0.69225,-0.169735706624585,-0.168307229871426,7.07311740415214e-05,0.00841018275910348,0.00841018275910348,0.169850857475456
"549",549,0.27425,0.32775,0.69675,0.30525,0.77425,0.39875,0.16225,0.39325,-0.0811019422606859,-0.0746298554394283,2.19923612399097e-05,0.0046896013945654,0.0046896013945654,1.38009316287688
"550",550,0.27475,0.30475,0.81325,0.80425,0.88025,0.32125,0.32625,0.30425,-0.0202552323229523,-0.0152452547865799,3.54238659928164e-05,0.00595179519076526,0.00595179519076526,0.841759061895447
"551",551,0.27525,0.58725,0.32075,0.63275,0.65075,0.60575,0.08325,0.63125,-0.0181040355896015,-0.0161921470354499,1.9596260309195e-05,0.00442676634906283,0.00442676634906283,0.431892809196121
"552",552,0.27575,0.99475,0.85025,0.21375,0.81125,0.50625,0.82475,0.75025,-0.188724345093929,-0.185255709207905,5.62607329741634e-05,0.00750071549748179,0.00750071549748179,0.462440668118731
"553",553,0.27625,0.04575,0.71175,0.85125,0.54925,0.71975,0.70175,0.96925,-0.0881953178173666,-0.089189772288014,5.35931134597817e-05,0.00732073175712522,0.00732073175712522,-0.13584085630231
"554",554,0.27675,0.37525,0.29725,0.14675,0.77325,0.54125,0.07325,0.78675,-0.0884978418578142,-0.0845344978380062,4.80361336734654e-05,0.00693081046295925,0.00693081046295925,0.571844236830532
"555",555,0.27725,0.58275,0.48225,0.98325,0.25775,0.92475,0.32325,0.81725,-0.0466888231428707,-0.0472759006205943,3.1811528337055e-05,0.00564017094927583,0.00564017094927583,-0.104088596427911
"556",556,0.27775,0.85725,0.30275,0.01175,0.07075,0.97525,0.77275,0.38425,-0.303284634906844,-0.303949198745356,0.000172537901737811,0.013135368351813,0.013135368351813,-0.0505934680103785
"557",557,0.27825,0.63925,0.99325,0.11175,0.38425,0.43275,0.51775,0.02625,-0.202843184161984,-0.202429051208739,6.8366512423434e-05,0.00826840446660866,0.00826840446660866,0.0500861992077722
"558",558,0.27875,0.13325,0.51275,0.36275,0.00625,0.97925,0.50275,0.15875,-0.237388788698526,-0.239699697491763,0.000166032851816278,0.0128853735613787,0.0128853735613787,-0.179343562080613
"559",559,0.27925,0.69175,0.65875,0.31375,0.05025,0.11825,0.67225,0.98975,-0.0706067741064351,-0.0724682106879729,5.25080982408319e-05,0.00724624718325506,0.00724624718325506,-0.256882843555116
"560",560,0.27975,0.53125,0.79325,0.90825,0.63175,0.82225,0.73275,0.76675,-0.114553219386669,-0.114947290489309,3.07939081343715e-05,0.00554922590406729,0.00554922590406729,-0.0710137070381601
"561",561,0.28025,0.05075,0.92425,0.51725,0.08375,0.66275,0.30775,0.18225,-0.132540106438629,-0.118217054327228,7.88180200858878e-05,0.00887795134509577,0.00887795134509577,1.61332852080938
"562",562,0.28075,0.88725,0.58425,0.16425,0.35925,0.11125,0.81875,0.66175,-0.139432654195176,-0.138844938609067,4.47823028844896e-05,0.00669195807551793,0.00669195807551793,0.0878241584117403
"563",563,0.28125,0.39975,0.58975,0.23775,0.02275,0.34275,0.55325,0.94525,-0.105850309593876,-0.106635794440606,3.21853609011762e-05,0.00567321433591013,0.00567321433591013,-0.138454992218093
"564",564,0.28175,0.34875,0.52175,0.40775,0.63075,0.11575,0.87425,0.89175,-0.0921528167071122,-0.0930399785487026,8.62865334771475e-05,0.00928905449855622,0.00928905449855622,-0.0955061510004377
"565",565,0.28225,0.88775,0.90175,0.80875,0.74775,0.67075,0.84425,0.49325,-0.141616844024902,-0.140830825931752,5.0475748144643e-05,0.00710462864227561,0.00710462864227561,0.110634648582875
"566",566,0.28275,0.33275,0.87425,0.44325,0.78825,0.66575,0.14525,0.17175,-0.117020121760206,-0.109333249781419,6.90412227965947e-05,0.00830910481319105,0.00830910481319105,0.925114335612155
"567",567,0.28325,0.39925,0.00825,0.74675,0.76975,0.54425,0.02425,0.01275,-0.0284769214966437,-0.0299692160352541,0.000128310061940041,0.0113274031419404,0.0113274031419404,-0.131741981803851
"568",568,0.28375,0.50125,0.45725,0.18075,0.66275,0.93325,0.16175,0.72825,-0.179696734537975,-0.176024359384823,6.1501243320445e-05,0.00784227284149468,0.00784227284149468,0.468279442372993
"569",569,0.28425,0.84225,0.38225,0.86775,0.25575,0.63475,0.16025,0.60125,0.00580561452438771,0.00542227511942049,1.952125038983e-05,0.004418285910829,0.004418285910829,-0.0867620187339335
"570",570,0.28475,0.74775,0.67225,0.35825,0.31225,0.31675,0.77825,0.68575,-0.132362164209415,-0.133237713592611,2.64514089260314e-05,0.00514309332270292,0.00514309332270292,-0.170237895418135
"571",571,0.28525,0.40575,0.30925,0.91675,0.41775,0.15875,0.15775,0.15325,0.056312327316639,0.0622227468380291,4.39930855885985e-05,0.00663272836686371,0.00663272836686371,0.891099287424135
"572",572,0.28575,0.67625,0.77675,0.29175,0.18125,0.85675,0.08075,0.26175,-0.161709350926197,-0.152499532754601,5.93970978778222e-05,0.00770695126997844,0.00770695126997844,1.19500147969948
"573",573,0.28625,0.07025,0.34425,0.71925,0.92125,0.46475,0.55125,0.42325,-0.0837241486631032,-0.0868632858331531,2.36483987423171e-05,0.00486296193099608,0.00486296193099608,-0.645519585510495
"574",574,0.28675,0.79875,0.43725,0.61725,0.36625,0.36675,0.83125,0.79125,-0.0984048779597147,-0.0981154675630643,3.0526848035993e-05,0.00552511068088169,0.00552511068088169,0.0523809229110707
"575",575,0.28725,0.51025,0.43375,0.89275,0.12825,0.74425,0.14725,0.13425,-0.0525343359780838,-0.0499094018391904,7.32185896333908e-05,0.00855678617434085,0.00855678617434085,0.306766358935645
"576",576,0.28775,0.94425,0.10325,0.92625,0.79925,0.12525,0.71375,0.90975,0.0218993792410678,0.026988806019267,0.00019219779519593,0.0138635419426613,0.0138635419426613,0.367108694102036
"577",577,0.28825,0.53175,0.28775,0.67675,0.51125,0.41025,0.26975,0.13725,-0.0559907832371066,-0.0541755708777452,1.55196919102036e-05,0.00393950401830023,0.00393950401830023,0.46077180044218
"578",578,0.28875,0.28925,0.01025,0.49025,0.02825,0.46125,0.51275,0.69525,-0.0919032044982117,-0.088607511130643,5.5548240071245e-05,0.00745306917123711,0.00745306917123711,0.442192778820226
"579",579,0.28925,0.60425,0.78425,0.47725,0.80225,0.05125,0.46975,0.51975,-0.0304703452011774,-0.030698892643378,3.61680029400694e-05,0.00601398394910307,0.00601398394910307,-0.0380026691349391
"580",580,0.28975,0.17475,0.01825,0.33675,0.97425,0.33925,0.89525,0.16075,-0.188575227389052,-0.202827713284876,6.35710035800166e-05,0.00797314264139408,0.00797314264139408,-1.78756188580266
"581",581,0.29025,0.47225,0.68875,0.00575,0.20125,0.12375,0.44725,0.90175,-0.0897649195873155,-0.0895368820131607,4.49379661711727e-05,0.00670357860930807,0.00670357860930807,0.0340172894874624
"582",582,0.29075,0.92225,0.40275,0.78475,0.26025,0.73575,0.21125,0.31625,-0.0648612888512605,-0.0648094272954097,2.77012192031343e-05,0.00526319477153699,0.00526319477153699,0.0098536265713099
"583",583,0.29125,0.64025,0.03975,0.40675,0.97675,0.28325,0.88375,0.54375,-0.141424670110629,-0.145149499019412,4.58131297675089e-05,0.00676853970716793,0.00676853970716793,-0.550314997020459
"584",584,0.29175,0.27775,0.85625,0.73925,0.08675,0.76575,0.05575,0.38825,-0.0381805315721093,-0.0289263619901708,9.57027309767747e-05,0.00978277726296447,0.00978277726296447,0.945965479248192
"585",585,0.29225,0.14075,0.55625,0.98925,0.88875,0.63575,0.32775,0.51275,-0.0129761413993431,-0.00940116283484029,6.01316346633328e-05,0.00775445901809616,0.00775445901809616,0.461022304220072
"586",586,0.29275,0.47975,0.65375,0.73075,0.18875,0.05925,0.40175,0.38325,0.0127913237514362,0.019984722452309,6.21462837645299e-05,0.0078832914296333,0.0078832914296333,0.912486715108972
"587",587,0.29325,0.94475,0.42275,0.11475,0.71775,0.37575,0.20275,0.93925,-0.0673913267269327,-0.0665546427819533,3.21734255391004e-05,0.00567216233363436,0.00567216233363436,0.147507052119804
"588",588,0.29375,0.30275,0.83825,0.06275,0.37175,0.33325,0.55275,0.99325,-0.126226688402398,-0.128383748961861,3.07149623260497e-05,0.00554210811208603,0.00554210811208603,-0.389213006285271
"589",589,0.29425,0.25925,0.07725,0.67775,0.29275,0.36025,0.48725,0.87325,-0.0175779328202232,-0.0121499091727979,3.23145698282017e-05,0.00568459055941601,0.00568459055941601,0.954866245983938
"590",590,0.29475,0.29925,0.37825,0.31325,0.73775,0.68975,0.09225,0.95275,-0.0669021163444544,-0.0659363778314341,3.6722612011823e-05,0.0060599184822754,0.0060599184822754,0.159364934667845
"591",591,0.29525,0.98575,0.06575,0.11575,0.91925,0.01975,0.04275,0.88375,0.0429889377053042,0.0408243893849763,9.35949400554995e-05,0.00967444779072684,0.00967444779072684,-0.223738694667686
"592",592,0.29575,0.68375,0.90775,0.54925,0.48725,0.49725,0.27325,0.72875,-0.0361928687527643,-0.0324953083568277,7.61486314929946e-06,0.00275950414917236,0.00275950414917236,1.33993652339518
"593",593,0.29625,0.85825,0.83075,0.30125,0.68275,0.88425,0.40075,0.75675,-0.176144442616798,-0.172202248556828,2.19716548257134e-05,0.00468739318019231,0.00468739318019231,0.841020564826669
"594",594,0.29675,0.91875,0.22625,0.01325,0.59075,0.55775,0.57875,0.55125,-0.205313224297192,-0.207950125897504,8.05060642199853e-05,0.0089725171618663,0.0089725171618663,-0.293886492802596
"595",595,0.29725,0.57525,0.23325,0.20675,0.53325,0.57325,0.41375,0.76725,-0.13702291687154,-0.13949378641949,3.74805136173108e-05,0.00612213309372728,0.00612213309372728,-0.403596182918932
"596",596,0.29775,0.53425,0.50225,0.05925,0.23525,0.34775,0.94225,0.66925,-0.198916475864541,-0.199278873668532,5.90652935354191e-05,0.00768539481974863,0.00768539481974863,-0.0471540906473367
"597",597,0.29825,0.60575,0.06925,0.42425,0.35675,0.49825,0.43275,0.19775,-0.132402016168052,-0.134555200290595,4.75424551827376e-05,0.0068951037108036,0.0068951037108036,-0.312277264106889
"598",598,0.29875,0.19325,0.08125,0.45575,0.43975,0.00575,0.73075,0.60875,-0.0608469803031497,-0.0563199534562012,7.29822251820342e-05,0.00854296348944757,0.00854296348944757,0.52991293390641
"599",599,0.29925,0.51425,0.54425,0.39375,0.57725,0.21525,0.23025,0.18175,-0.0536387771230449,-0.0513801892424411,1.65198200239238e-05,0.00406445814641064,0.00406445814641064,0.555692247095318
"600",600,0.29975,0.48725,0.67975,0.52425,0.96325,0.93675,0.71025,0.29325,-0.214357013441311,-0.221312649713882,4.29388031831209e-05,0.00655277064936054,0.00655277064936054,-1.0614801959
"601",601,0.30025,0.76125,0.88875,0.26375,0.96375,0.07725,0.62225,0.89025,-0.061135122495959,-0.0646918177562017,8.73767039395134e-05,0.0093475506920002,0.0093475506920002,-0.380494888707753
"602",602,0.30075,0.38175,0.95575,0.47925,0.63525,0.92525,0.91875,0.55375,-0.225382561882255,-0.22681075518504,3.62456365849824e-05,0.00602043491659717,0.00602043491659717,-0.237224274088199
"603",603,0.30125,0.95525,0.94925,0.24375,0.65375,0.13375,0.10225,0.19575,-0.0364033837197875,-0.0396624813968223,7.13498268872696e-05,0.00844688267275387,0.00844688267275387,-0.385834372667125
"604",604,0.30175,0.99025,0.97575,0.05125,0.56775,0.72975,0.36425,0.13775,-0.225717121653326,-0.220885645582348,0.000102868939613293,0.0101424326279889,0.0101424326279889,0.476362648704724
"605",605,0.30225,0.62875,0.39075,0.05825,0.13025,0.86125,0.32675,0.57175,-0.216724175220486,-0.21789725850077,6.47606904134484e-05,0.00804740271226987,0.00804740271226987,-0.145771663507703
"606",606,0.30275,0.79225,0.23925,0.87875,0.52725,0.63975,0.85975,0.38925,-0.129001999745718,-0.132129321341506,3.34838921492073e-05,0.00578652677771453,0.00578652677771453,-0.540448824644202
"607",607,0.30325,0.18575,0.42025,0.36175,0.06325,0.10625,0.79925,0.64725,-0.0973905620914587,-0.0930813191720565,0.000113087414977048,0.0106342566725206,0.0106342566725206,0.405222767524267
"608",608,0.30375,0.03625,0.67025,0.65875,0.70475,0.28025,0.24875,0.06925,-0.0313464602966986,-0.0242374780873845,3.00543345315891e-05,0.00548218337267088,0.00548218337267088,1.29674287159983
"609",609,0.30425,0.80925,0.45525,0.87275,0.01625,0.79925,0.57475,0.57575,-0.0979314997147421,-0.102473465120046,5.94148777238612e-05,0.00770810467779604,0.00770810467779604,-0.589245423506959
"610",610,0.30475,0.80075,0.46875,0.32125,0.17375,0.34925,0.82825,0.36425,-0.165361009301631,-0.167212909277289,3.65111691904023e-05,0.00604244728486748,0.00604244728486748,-0.306481776067096
"611",611,0.30525,0.86175,0.39625,0.00625,0.45175,0.73975,0.83225,0.92575,-0.240397036121416,-0.244394942871244,9.47929767257872e-05,0.00973616848281639,0.00973616848281639,-0.410624236513985
"612",612,0.30575,0.14425,0.80325,0.24475,0.42775,0.23675,0.17175,0.42975,-0.0459147098135891,-0.0345082779960584,2.30198626936764e-05,0.00479790190538286,0.00479790190538286,2.37737912163931
"613",613,0.30625,0.36975,0.40775,0.57875,0.11225,0.29475,0.23575,0.80325,0.0304034400371769,0.0367332541002665,3.16934420517257e-05,0.00562969289142185,0.00562969289142185,1.12436223168311
"614",614,0.30675,0.71375,0.16875,0.02025,0.18925,0.20475,0.61325,0.69375,-0.136852558111279,-0.138427666983077,5.42568752018393e-05,0.00736592663565415,0.00736592663565415,-0.213837165330134
"615",615,0.30725,0.60325,0.38825,0.19025,0.34925,0.80425,0.49625,0.56175,-0.203120673712196,-0.208578979895592,5.00289379354178e-05,0.00707311373692081,0.00707311373692081,-0.771697782110343
"616",616,0.30775,0.76775,0.18675,0.36875,0.91825,0.43025,0.02725,0.16175,-0.0523754428152827,-0.0538713577802421,9.03566847539349e-05,0.00950561332865665,0.00950561332865665,-0.157371745855647
"617",617,0.30825,0.16875,0.74275,0.53325,0.92725,0.01375,0.84875,0.30975,-0.0907364267320592,-0.0943225150441295,6.29933674601009e-05,0.0079368361114553,0.0079368361114553,-0.451828444195096
"618",618,0.30875,0.37175,0.09275,0.64625,0.49225,0.88075,0.67625,0.91625,-0.137386809533683,-0.14789905846329,8.43049414910944e-05,0.0091817722412993,0.0091817722412993,-1.14490412671349
"619",619,0.30925,0.02875,0.63775,0.29075,0.23175,0.28125,0.27375,0.96825,-0.0161437062993946,-0.00895348525111807,5.26801253697753e-05,0.00725810756118806,0.00725810756118806,0.990646802580531
"620",620,0.30975,0.89475,0.03875,0.09025,0.11925,0.91475,0.95275,0.16475,-0.299889414177722,-0.29914075505013,0.000226946099719106,0.0150647303234776,0.0150647303234776,0.0496961519732807
"621",621,0.31025,0.67375,0.22075,0.61675,0.66625,0.15275,0.65975,0.08875,-0.0891488875340001,-0.0949193898753042,1.81018106641671e-05,0.00425462227044506,0.00425462227044506,-1.35629016502573
"622",622,0.31075,0.42225,0.92725,0.74575,0.73025,0.47375,0.07575,0.90925,0.0850181093117612,0.0843067964165721,4.35944324522949e-05,0.00660260800383416,0.00660260800383416,-0.107732110519969
"623",623,0.31125,0.02475,0.21225,0.80925,0.06675,0.80575,0.77125,0.11575,-0.16937680214334,-0.176211517864735,0.000174771566855048,0.0132201197746105,0.0132201197746105,-0.516993479478242
"624",624,0.31175,0.64775,0.16775,0.77325,0.70425,0.09475,0.52225,0.73125,0.0356247150607023,0.0398548196124989,4.8056065868067e-05,0.00693224825493627,0.00693224825493627,0.610206731818131
"625",625,0.31225,0.28225,0.10525,0.80125,0.47475,0.91375,0.79525,0.80925,-0.139384646032424,-0.150618857862243,8.00877244264708e-05,0.00894917451089601,0.00894917451089601,-1.25533498270045
"626",626,0.31275,0.83675,0.83025,0.28825,0.87425,0.17475,0.28225,0.35475,-0.0529069838868748,-0.0556067819542978,1.80462554598024e-05,0.00424808844773769,0.00424808844773769,-0.635532451981025
"627",627,0.31325,0.73475,0.27125,0.80525,0.54725,0.84525,0.13925,0.70125,-0.019178850136732,-0.0210271946144439,3.23965346453267e-05,0.00569179537978367,0.00569179537978367,-0.324738391734341
"628",628,0.31375,0.92375,0.30525,0.00875,0.89525,0.53475,0.99875,0.68375,-0.233993279784026,-0.230113488099655,0.000123247278702948,0.0111016790938555,0.0111016790938555,0.349477916950272
"629",629,0.31425,0.55525,0.11525,0.84325,0.72825,0.59625,0.88625,0.24375,-0.138273306816207,-0.14453369977414,2.64322241935057e-05,0.00514122788772348,0.00514122788772348,-1.21768439264906
"630",630,0.31475,0.75375,0.26625,0.76475,0.70525,0.84775,0.69525,0.83225,-0.117816944847466,-0.122374457976627,3.475580785825e-05,0.00589540565680174,0.00589540565680174,-0.773061837382271
"631",631,0.31525,0.21675,0.07075,0.83175,0.07125,0.34425,0.42725,0.74925,0.0248218735916474,0.0335209487909319,5.36523455659555e-05,0.00732477614442622,0.00732477614442622,1.18762335227187
"632",632,0.31575,0.94775,0.76275,0.54825,0.11875,0.82875,0.99275,0.40925,-0.213596535973463,-0.215240251632155,0.000138947667921803,0.0117876065391496,0.0117876065391496,-0.139444394689693
"633",633,0.31625,0.50625,0.57225,0.58975,0.74025,0.43125,0.78575,0.37025,-0.12686790956162,-0.131057459320585,1.11860815314613e-05,0.00334455999071048,0.00334455999071048,-1.25264601938714
"634",634,0.31675,0.90475,0.28275,0.22775,0.13825,0.11625,0.89425,0.33575,-0.151253576775833,-0.149824743286417,4.96325834577531e-05,0.00704503963493131,0.00704503963493131,0.202814116521281
"635",635,0.31725,0.30975,0.35175,0.60375,0.19975,0.12725,0.95225,0.29425,-0.10981027538671,-0.105985177008645,6.58909171158264e-05,0.00811732204090896,0.00811732204090896,0.471226638389804
"636",636,0.31775,0.98525,0.81725,0.61925,0.87825,0.36875,0.66125,0.88575,-0.0493674526013822,-0.0491496308707639,6.29311368539236e-05,0.00793291477667091,0.00793291477667091,0.027457969327853
"637",637,0.31825,0.02225,0.86125,0.18975,0.42675,0.42725,0.46325,0.90325,-0.102316805118005,-0.10024320280916,3.16343661478301e-05,0.00562444363006957,0.00562444363006957,0.368676876368543
"638",638,0.31875,0.90075,0.83225,0.30225,0.79775,0.25475,0.12325,0.87825,0.0235679133628694,0.0210721927159828,2.5708336422826e-05,0.00507033888638876,0.00507033888638876,-0.492219692373289
"639",639,0.31925,0.92175,0.05825,0.16725,0.63975,0.43575,0.97475,0.57425,-0.198341984401432,-0.195968123457278,7.91616921524555e-05,0.00889728566206882,0.00889728566206882,0.266807320155441
"640",640,0.31975,0.61675,0.77225,0.80675,0.69225,0.94225,0.85325,0.73025,-0.15337817188703,-0.157545794190735,3.46259524792776e-05,0.005884382081347,0.005884382081347,-0.708251477570772
"641",641,0.32025,0.16775,0.45175,0.92325,0.40425,0.69025,0.63025,0.22375,-0.10328076065894,-0.10560350112626,5.51149306536266e-05,0.00742394306643219,0.00742394306643219,-0.312871535589008
"642",642,0.32075,0.20725,0.13725,0.28175,0.55125,0.81925,0.86825,0.74875,-0.217307015052164,-0.231743897634849,0.000102915717142877,0.010144738396966,0.010144738396966,-1.42309067200813
"643",643,0.32125,0.32875,0.94625,0.63475,0.47925,0.04925,0.99775,0.60325,-0.0723125631081695,-0.0675687137398025,0.000112079105330234,0.0105867419601232,0.0105867419601232,0.448093415919225
"644",644,0.32175,0.33525,0.36575,0.59475,0.66375,0.25325,0.34875,0.87575,0.0317340137153388,0.0356662020371968,1.79299659737581e-05,0.00423437905409496,0.00423437905409496,0.928633991341725
"645",645,0.32225,0.59525,0.02375,0.57425,0.08625,0.58075,0.75525,0.60725,-0.128289564210267,-0.132501038418372,5.88173135372307e-05,0.00766924465232599,0.00766924465232599,-0.54913807017849
"646",646,0.32275,0.47425,0.56475,0.56175,0.23275,0.99925,0.63575,0.82025,-0.168958756638133,-0.179031828362323,0.00010064255196261,0.0100320761541472,0.0100320761541472,-1.00408644924669
"647",647,0.32325,0.62375,0.89875,0.41575,0.71825,0.09375,0.69875,0.14175,-0.106146531860629,-0.111530123514526,5.08764869638054e-05,0.00713277554419073,0.00713277554419073,-0.754768129256731
"648",648,0.32375,0.52775,0.99575,0.68575,0.32525,0.94075,0.36925,0.80275,-0.0955967065404709,-0.0945246290370151,2.36798618772559e-05,0.00486619583219334,0.00486619583219334,0.220311212377283
"649",649,0.32425,0.47175,0.92375,0.56725,0.41475,0.69775,0.05375,0.44075,-0.0379911095582258,-0.0327011473391,4.69719346943791e-05,0.00685360742196247,0.00685360742196247,0.771850777763263
"650",650,0.32475,0.23675,0.84725,0.82125,0.40675,0.94825,0.01125,0.37625,-0.0331798421754548,-0.0299349449235455,8.99401154687419e-05,0.00948367626338763,0.00948367626338763,0.342156054444461
"651",651,0.32525,0.43925,0.77475,0.32075,0.87625,0.00225,0.10275,0.31775,0.0297437685925156,0.0282674856242842,3.11098807189344e-05,0.00557762321414188,0.00557762321414188,-0.264679579733592
"652",652,0.32575,0.80275,0.73525,0.68325,0.64525,0.68575,0.58075,0.02525,-0.146815734798336,-0.152489711204915,5.17004120569268e-05,0.0071902998586239,0.0071902998586239,-0.789115407999812
"653",653,0.32625,0.80375,0.29475,0.58225,0.10425,0.48375,0.74625,0.09825,-0.14896567492638,-0.154650076852779,4.61112023818118e-05,0.0067905229829382,0.0067905229829382,-0.83710811975478
"654",654,0.32675,0.32925,0.33675,0.34825,0.00925,0.22625,0.76775,0.98225,-0.0779543015637128,-0.0811675429340841,9.64161921479324e-05,0.009819174718271,0.009819174718271,-0.327241490508593
"655",655,0.32725,0.18725,0.55825,0.25725,0.10925,0.47825,0.68575,0.94675,-0.127617618915795,-0.134224890334975,5.51289758186316e-05,0.00742488894318505,0.00742488894318505,-0.889881514691811
"656",656,0.32775,0.77575,0.63375,0.80325,0.66825,0.69975,0.05875,0.17925,-0.0162488617623394,-0.0186534741527292,8.35525563331727e-05,0.00914070874348224,0.00914070874348224,-0.263066295827925
"657",657,0.32825,0.39225,0.29525,0.84175,0.85925,0.84175,0.30725,0.87625,-0.0241135554648311,-0.0271793158408916,2.85718952827018e-05,0.00534526849491229,0.00534526849491229,-0.573546563466089
"658",658,0.32875,0.02925,0.78675,0.21175,0.73525,0.28525,0.79775,0.05525,-0.181851252748494,-0.186134119893903,2.92939320945e-05,0.00541238691286016,0.00541238691286016,-0.7913083847041
"659",659,0.32925,0.97825,0.39675,0.45175,0.81625,0.65475,0.79425,0.63025,-0.160383879389108,-0.162118982850615,5.22883578309978e-05,0.00723106892727471,0.00723106892727471,-0.239951171667357
"660",660,0.32975,0.95025,0.80625,0.12925,0.34075,0.23175,0.57075,0.24575,-0.142432582004567,-0.147447803020309,6.80486281220691e-05,0.00824915923728407,0.00824915923728407,-0.607967536021671
"661",661,0.33025,0.11725,0.17225,0.85325,0.32025,0.03875,0.74375,0.86325,0.0365928128064199,0.045085594395997,0.000165307715295436,0.0128572048010225,0.0128572048010225,0.660546496770565
"662",662,0.33075,0.35125,0.84125,0.57575,0.84625,0.55175,0.96425,0.53975,-0.152075760261289,-0.15278970412892,1.5496813267452e-05,0.00393659920076352,0.00393659920076352,-0.181360568150434
"663",663,0.33125,0.81825,0.22575,0.05425,0.10375,0.94725,0.94325,0.52875,-0.287705795084014,-0.291373760499023,0.000192787025893442,0.0138847767678649,0.0138847767678649,-0.264171723919841
"664",664,0.33175,0.97775,0.75125,0.81425,0.21175,0.07025,0.89725,0.62425,-0.0266926935306277,-0.0289486530032767,0.000131715661326681,0.0114767443696669,0.0114767443696669,-0.196567894167924
"665",665,0.33225,0.35775,0.93825,0.75875,0.36575,0.91625,0.23075,0.28575,-0.0911916610344095,-0.0862147540431875,5.65057604711368e-05,0.0075170313602603,0.0075170313602603,0.662084106437685
"666",666,0.33275,0.80025,0.14975,0.34625,0.84675,0.18175,0.14775,0.24275,-0.0160936418411812,-0.0179734445434024,5.67722075076916e-05,0.0075347334065441,0.0075347334065441,-0.24948496526613
"667",667,0.33325,0.86675,0.30375,0.90675,0.05725,0.43625,0.70725,0.65175,-0.034672218607723,-0.0370463657725866,4.4159581480728e-05,0.0066452676003851,0.0066452676003851,-0.357268857724557
"668",668,0.33375,0.70575,0.51675,0.79125,0.93825,0.05675,0.85875,0.27875,-0.0529818989620631,-0.0575010830934951,8.33216011069113e-05,0.00912806666862766,0.00912806666862766,-0.495086670101132
"669",669,0.33425,0.58175,0.07175,0.88225,0.85375,0.84625,0.24425,0.71025,-0.0158565760783537,-0.0180090271763248,5.86064140861201e-05,0.00765548261614642,0.00765548261614642,-0.281164650995523
"670",670,0.33475,0.58925,0.91075,0.15175,0.60375,0.74475,0.17975,0.17025,-0.172420897888293,-0.167335532763189,6.39134476345607e-05,0.0079945886469887,0.0079945886469887,0.636100911460843
"671",671,0.33525,0.49025,0.36175,0.21575,0.30775,0.18025,0.24075,0.43425,-0.041676191704406,-0.0384407973173286,2.33580401139957e-05,0.00483301563353521,0.00483301563353521,0.669435944843159
"672",672,0.33575,0.35325,0.97525,0.72975,0.37875,0.70925,0.76075,0.79875,-0.104409729673249,-0.106135566675109,3.59054862640121e-05,0.00599211867906603,0.00599211867906603,-0.28801782713172
"673",673,0.33625,0.68575,0.72725,0.82325,0.86825,0.08225,0.31775,0.86025,0.12636257674318,0.124950559676131,8.9921792533975e-05,0.00948271018928529,0.00948271018928529,-0.148904378480791
"674",674,0.33675,0.02325,0.35875,0.64875,0.54525,0.50075,0.46825,0.23675,-0.0821639610680343,-0.0820212738699823,1.96542298317051e-05,0.00443330912882297,0.00443330912882297,0.0321852579880611
"675",675,0.33725,0.78275,0.23025,0.20125,0.86775,0.35825,0.15625,0.19875,-0.0821111930531947,-0.0848039533925602,8.34051199487154e-05,0.00913264036019789,0.00913264036019789,-0.294850145539635
"676",676,0.33775,0.53925,0.42675,0.62475,0.12975,0.38975,0.07025,0.52025,0.0492906508586253,0.0501933963415295,3.73120991981678e-05,0.00610836305389323,0.00610836305389323,0.147788445928869
"677",677,0.33825,0.40475,0.26175,0.18625,0.65975,0.33625,0.68675,0.10175,-0.1731378302694,-0.183607913605358,2.5531803428753e-05,0.00505290049662103,0.00505290049662103,-2.07209370993146
"678",678,0.33875,0.79525,0.22825,0.81825,0.44325,0.35475,0.25875,0.44575,0.0396714997581229,0.0413295272052682,5.59210648918115e-06,0.00236476351654476,0.00236476351654476,0.701138796985463
"679",679,0.33925,0.92925,0.85725,0.87075,0.04425,0.42325,0.57725,0.97075,0.0190946713519572,0.0108848246945195,6.84448825302514e-05,0.0082731422404218,0.0082731422404218,-0.992349269341116
"680",680,0.33975,0.25775,0.72025,0.10075,0.22575,0.41875,0.15425,0.01825,-0.127437665540078,-0.12255435224416,7.06860737131086e-05,0.00840750103854341,0.00840750103854341,0.580828152566486
"681",681,0.34025,0.13025,0.41725,0.78425,0.95875,0.67225,0.07375,0.27675,-0.00115747713862793,-0.0028596092506061,5.77447109675904e-05,0.00759899407603338,0.00759899407603338,-0.223994399120083
"682",682,0.34075,0.22525,0.00475,0.11925,0.62525,0.01075,0.06575,0.41975,0.0153437302411859,0.021907232994601,6.2767875646409e-05,0.00792261797933038,0.00792261797933038,0.828451248127686
"683",683,0.34125,0.56725,0.52725,0.67525,0.32425,0.12125,0.63675,0.76625,0.00825543548454629,0.0097590009559123,2.67100929236466e-05,0.00516818081375319,0.00516818081375319,0.290927412478454
"684",684,0.34175,0.25875,0.62275,0.92025,0.68225,0.84075,0.02575,0.19675,-0.00405905540092024,-0.00644941366029418,0.000107945844204937,0.0103896989467904,0.0103896989467904,-0.230070021433332
"685",685,0.34225,0.39125,0.70575,0.37025,0.11825,0.18575,0.12925,0.30175,0.00225687691338243,0.00740446103067489,5.44015556942559e-05,0.00737574102678883,0.00737574102678883,0.697907382945841
"686",686,0.34275,0.61575,0.25875,0.20225,0.33575,0.39125,0.04775,0.61625,-0.0240075552446633,-0.0209769898650435,4.41943831645348e-05,0.00664788561608387,0.00664788561608387,0.455869061929655
"687",687,0.34325,0.46325,0.11425,0.71725,0.76275,0.19875,0.93175,0.75575,-0.0494358298060058,-0.0488326834414772,5.05377182586437e-05,0.0071089885538411,0.0071089885538411,0.0848427817769816
"688",688,0.34375,0.70475,0.64125,0.72875,0.39425,0.86325,0.58175,0.44275,-0.128708739316425,-0.133522947543941,3.90299041524217e-05,0.00624739178797214,0.00624739178797214,-0.770594896382935
"689",689,0.34425,0.21975,0.12075,0.04975,0.28425,0.24425,0.47525,0.42425,-0.123929871603321,-0.1260943395537,5.02338498919766e-05,0.00708758420704662,0.00708758420704662,-0.305388675061813
"690",690,0.34475,0.85425,0.35575,0.77125,0.21625,0.96575,0.87575,0.09625,-0.2006973433602,-0.209699098504115,0.000158609371105293,0.0125940212444355,0.0125940212444355,-0.714764170172597
"691",691,0.34525,0.11075,0.28425,0.12775,0.34975,0.10775,0.77175,0.17825,-0.150514897311015,-0.153489253933081,6.63469960404748e-05,0.0081453665381292,0.0081453665381292,-0.365159334223053
"692",692,0.34575,0.92125,0.26425,0.49625,0.30675,0.03825,0.11075,0.20875,0.052303186816644,0.0490687110497458,5.47873711412406e-05,0.00740184917039253,0.00740184917039253,-0.436982123309961
"693",693,0.34625,0.60275,0.02125,0.79725,0.18225,0.11875,0.33025,0.65375,0.0909510260403778,0.098422849065463,3.78508677892705e-05,0.00615230589204328,0.00615230589204328,1.21447521566644
"694",694,0.34675,0.51075,0.97625,0.70225,0.81875,0.87575,0.47025,0.23825,-0.133131517348635,-0.131316537131578,5.94905603113709e-05,0.00771301240186809,0.00771301240186809,0.235314054028668
"695",695,0.34725,0.25725,0.78925,0.09975,0.52575,0.80875,0.90975,0.25525,-0.267181834448212,-0.267377340482717,2.02343203413647e-05,0.00449825747833143,0.00449825747833143,-0.0434626153453409
"696",696,0.34775,0.29775,0.65725,0.54075,0.31525,0.92425,0.20725,0.66775,-0.0928306607456358,-0.0937052603972027,3.16487426319479e-05,0.00562572152100936,0.00562572152100936,-0.155464441014489
"697",697,0.34825,0.85975,0.30475,0.18575,0.68325,0.81875,0.42575,0.00925,-0.220476011406579,-0.228045934893138,9.00621463570276e-05,0.00949010781588005,0.00949010781588005,-0.797664645484013
"698",698,0.34875,0.30925,0.03425,0.75775,0.11325,0.13025,0.52575,0.45425,0.0151571823306637,0.0241579920042888,4.26045831043779e-05,0.00652721863463895,0.00652721863463895,1.37896555599642
"699",699,0.34925,0.01725,0.06525,0.76525,0.23775,0.08375,0.64225,0.88525,0.0464627532324588,0.0555101779839789,0.000150444309554693,0.0122655741632707,0.0122655741632707,0.737627495548691
"700",700,0.34975,0.00425,0.31775,0.67025,0.87575,0.32275,0.23425,0.36375,0.0208951474786813,0.0238072326728751,1.45371585274995e-05,0.00381276258472771,0.00381276258472771,0.763773020082175
"701",701,0.35025,0.66525,0.76125,0.96075,0.32825,0.45525,0.58425,0.38475,-0.0236997617237851,-0.0246108217796946,5.10230238833595e-05,0.007143040240917,0.007143040240917,-0.127545138369897
"702",702,0.35075,0.11375,0.83275,0.59175,0.94925,0.65825,0.26425,0.10325,-0.0891910765238911,-0.0880254220867043,6.68319602033162e-05,0.00817508166340351,0.00817508166340351,0.142586274386097
"703",703,0.35125,0.08325,0.76025,0.15125,0.96425,0.38875,0.61875,0.24775,-0.162631074078749,-0.169692506442985,1.42868026389982e-05,0.00377978870295658,0.00377978870295658,-1.8682082304528
"704",704,0.35175,0.97375,0.09725,0.50625,0.54625,0.04575,0.37675,0.86675,0.0632052996328511,0.0660202008737503,5.53863719985651e-05,0.00744220209337029,0.00744220209337029,0.378234990878142
"705",705,0.35225,0.50025,0.74475,0.83725,0.60225,0.64075,0.40425,0.06675,-0.0723494735203396,-0.0740534122988267,5.25975812488562e-05,0.00725241899291928,0.00725241899291928,-0.234947647143759
"706",706,0.35275,0.95925,0.90125,0.88575,0.32175,0.18975,0.17575,0.69675,0.14665088345057,0.136098857242581,0.000127938876286728,0.0113110068644099,0.0113110068644099,-0.932898930615185
"707",707,0.35325,0.05625,0.75025,0.27175,0.58025,0.68475,0.82325,0.50475,-0.19775345277605,-0.201700220150077,1.55137661534573e-05,0.00393875185223153,0.00393875185223153,-1.00203504107295
"708",708,0.35375,0.10825,0.24125,0.67175,0.61025,0.17025,0.48925,0.18075,-0.0247252575677084,-0.0225673987689005,2.7623874794998e-06,0.00166204316415062,0.00166204316415062,1.29831694227428
"709",709,0.35425,0.68125,0.69875,0.48225,0.28525,0.70275,0.62775,0.07175,-0.173841390562525,-0.18007935518955,3.53286407874689e-05,0.00594379010291151,0.00594379010291151,-1.04949275109318
"710",710,0.35475,0.74125,0.08025,0.52025,0.17475,0.84325,0.85025,0.00875,-0.219161077573667,-0.227953035450988,0.000137731352918109,0.0117359001750232,0.0117359001750232,-0.749150703925752
"711",711,0.35525,0.96075,0.61025,0.55875,0.46175,0.06375,0.78675,0.48275,-0.0497518396356309,-0.0525699294136442,4.8986180615813e-05,0.00699901283152224,0.00699901283152224,-0.402641036078852
"712",712,0.35575,0.96375,0.29325,0.00425,0.23925,0.45975,0.09475,0.61375,-0.0879955298022618,-0.0857213867710938,0.00010268797482949,0.0101335075284667,0.0101335075284667,0.224418151837314
"713",713,0.35625,0.25825,0.43175,0.16875,0.28875,0.48925,0.43625,0.51875,-0.128802346630699,-0.132166562451389,2.2427140523966e-05,0.0047357301996594,0.0047357301996594,-0.710390093787849
"714",714,0.35675,0.90625,0.66175,0.87675,0.02375,0.03075,0.27725,0.38125,0.109393212546115,0.101886183747418,0.000133422701596625,0.0115508744948868,0.0115508744948868,-0.649909996166968
"715",715,0.35725,0.08875,0.59375,0.74425,0.11175,0.68875,0.58275,0.54175,-0.0829781449910852,-0.084372330593622,5.90768434934942e-05,0.00768614620557625,0.00768614620557625,-0.181389420035403
"716",716,0.35775,0.79025,0.74425,0.45475,0.57125,0.39925,0.89675,0.75375,-0.113191324631839,-0.115223291749161,3.59836313909396e-05,0.00599863579415683,0.00599863579415683,-0.338738204326609
"717",717,0.35825,0.16975,0.51625,0.91525,0.90225,0.50975,0.73025,0.05425,-0.0923868448493188,-0.0970664382480761,6.49076104731844e-05,0.00805652595559552,0.00805652595559552,-0.580845072001186
"718",718,0.35875,0.96125,0.17525,0.59375,0.67525,0.02625,0.27975,0.79575,0.106125175005561,0.10772792892475,5.43013998699977e-05,0.00736894835576948,0.00736894835576948,0.217501038385502
"719",719,0.35925,0.63175,0.46625,0.64225,0.01275,0.80975,0.53975,0.38025,-0.127846377473219,-0.136282670072366,5.86288464481304e-05,0.00765694759340368,0.00765694759340368,-1.10178272689429
"720",720,0.35975,0.83875,0.40825,0.51275,0.84025,0.40775,0.85725,0.94325,-0.0835799161157678,-0.0867271521600326,6.88733587926674e-05,0.00829899745708283,0.00829899745708283,-0.379230872227677
"721",721,0.36025,0.49275,0.22875,0.84925,0.11775,0.24575,0.90675,0.94425,-0.00741334625068418,-0.00854852901199091,9.14912414109991e-05,0.00956510540511703,0.00956510540511703,-0.118679587231673
"722",722,0.36075,0.04225,0.48875,0.41625,0.09075,0.09525,0.73975,0.93725,-0.0270189015848946,-0.0258328599495378,0.000148687753021809,0.0121937587733155,0.0121937587733155,0.0972662865819769
"723",723,0.36125,0.28675,0.27275,0.34575,0.85975,0.54975,0.68775,0.45025,-0.148311664911823,-0.157791065963096,1.54530316494075e-05,0.00393103442485658,0.00393103442485658,-2.4114266187376
"724",724,0.36175,0.55025,0.65425,0.09625,0.56825,0.62525,0.86875,0.08525,-0.243485429465479,-0.245916587304411,3.13335881327822e-05,0.00559764130083218,0.00559764130083218,-0.434318261616829
"725",725,0.36225,0.79375,0.42725,0.11375,0.42225,0.29625,0.51075,0.04425,-0.15126144340226,-0.160247351327601,6.57510347390853e-05,0.00810870117460776,0.00810870117460776,-1.10818091971131
"726",726,0.36275,0.01175,0.15225,0.75975,0.96825,0.86925,0.54925,0.45175,-0.110991032327014,-0.121164874686172,5.95347816666251e-05,0.00771587854146403,0.00771587854146403,-1.31855916399995
"727",727,0.36325,0.78475,0.95525,0.56475,0.85225,0.53325,0.89625,0.85525,-0.107104984171359,-0.10723510834703,5.02351504968375e-05,0.00708767595879196,0.00708767595879196,-0.0183592162547425
"728",728,0.36375,0.06825,0.72325,0.08175,0.40275,0.08175,0.77075,0.58475,-0.115199728440882,-0.115380609792675,9.55672694308133e-05,0.00977585134046203,0.00977585134046203,-0.0185028746339811
"729",729,0.36425,0.11775,0.19475,0.17425,0.69425,0.17525,0.29125,0.10475,-0.0770859749212279,-0.0814631899491935,4.84128809257523e-05,0.00695793654223379,0.00695793654223379,-0.629096715872079
"730",730,0.36475,0.15075,0.80975,0.45725,0.02575,0.99725,0.81225,0.03525,-0.242142439735379,-0.244103829090394,0.000151208779346577,0.0122966979041764,0.0122966979041764,-0.159505370490466
"731",731,0.36525,0.71025,0.41575,0.46475,0.69125,0.31725,0.61975,0.96625,-0.0323105192548376,-0.0355274107356822,2.77040167280961e-05,0.0052634605278368,0.0052634605278368,-0.611174238665126
"732",732,0.36575,0.13475,0.00225,0.59975,0.26175,0.97175,0.25025,0.56225,-0.100130153870559,-0.108222750481635,0.000134869560351352,0.0116133354533205,0.0116133354533205,-0.696836549982043
"733",733,0.36625,0.60175,0.44525,0.56975,0.96125,0.70825,0.28575,0.56625,-0.0588715541295153,-0.0591883364521612,2.47411440945155e-05,0.00497404705391048,0.00497404705391048,-0.0636870377808048
"734",734,0.36675,0.01325,0.96475,0.87975,0.61775,0.87425,0.51475,0.79175,-0.0541410665867773,-0.0532482954863573,0.000103891254234042,0.0101927059328739,0.0101927059328739,0.0875892139241063
"735",735,0.36725,0.06225,0.59775,0.39525,0.31575,0.26925,0.42175,0.92725,-0.000129671941017047,0.00204323886828309,3.51527878981511e-05,0.00592897865556549,0.00592897865556549,0.366489902482688
"736",736,0.36775,0.07475,0.79275,0.11525,0.65025,0.10075,0.13825,0.71875,0.0216103214047359,0.0251805777339819,3.17102097897025e-05,0.00563118191765303,0.00563118191765303,0.634015448524884
"737",737,0.36825,0.42125,0.80875,0.98275,0.21225,0.82775,0.58625,0.18975,-0.0932878054352945,-0.0969103354553491,9.01695051562845e-05,0.00949576248419707,0.00949576248419707,-0.381489114337396
"738",738,0.36875,0.25175,0.50525,0.22525,0.44825,0.81775,0.56675,0.18775,-0.213387328923406,-0.222080462140603,3.07765781076186e-05,0.00554766420285318,0.00554766420285318,-1.56698979954953
"739",739,0.36925,0.44925,0.34375,0.64425,0.74725,0.56875,0.50975,0.87425,-0.0316697753803649,-0.0342974152929741,1.91459519408847e-05,0.00437560875089224,0.00437560875089224,-0.60051985042616
"740",740,0.36975,0.41375,0.32625,0.30875,0.96675,0.52775,0.95425,0.31925,-0.189813044170517,-0.195213607050517,1.95595221877564e-05,0.00442261485862792,0.00442261485862792,-1.22112439193393
"741",741,0.37025,0.81175,0.38425,0.33825,0.70725,0.75625,0.01475,0.84475,-0.0350483902944819,-0.0335828295469283,4.95287452287526e-05,0.00703766617770072,0.00703766617770072,0.208245277702617
"742",742,0.37075,0.77625,0.14475,0.40375,0.02925,0.26975,0.80425,0.17675,-0.129716581049661,-0.132629342759069,4.71326208741458e-05,0.00686532015816785,0.00686532015816785,-0.424271795386356
"743",743,0.37125,0.80775,0.75275,0.03975,0.07675,0.60975,0.21325,0.92525,-0.105672236137872,-0.109246530624497,5.8194808644791e-05,0.00762855219847062,0.00762855219847062,-0.468541656874497
"744",744,0.37175,0.21325,0.56725,0.55325,0.74375,0.37375,0.72825,0.82575,-0.0547245842886452,-0.0573262994373835,1.29041632287654e-05,0.00359223652182946,0.00359223652182946,-0.724260535999812
"745",745,0.37225,0.86925,0.18375,0.17075,0.03075,0.09625,0.24325,0.41225,-0.0210740934557337,-0.0218277496460619,8.11441629546283e-05,0.00900800549259537,0.00900800549259537,-0.0836651566151585
"746",746,0.37275,0.52975,0.17675,0.56875,0.43175,0.13925,0.55225,0.76425,0.0180373898857097,0.0205847604926774,1.49795861193965e-05,0.00387034702829042,0.00387034702829042,0.658176279374334
"747",747,0.37325,0.40175,0.44225,0.91275,0.09875,0.87025,0.21975,0.29775,-0.0327379758303109,-0.0393306205540525,6.36722146945403e-05,0.00797948711976781,0.00797948711976781,-0.826199055752525
"748",748,0.37375,0.30175,0.75225,0.80825,0.82075,0.93775,0.08525,0.57225,-0.00917061170920591,-0.0116317157710955,4.46536653787174e-05,0.00668233981317303,0.00668233981317303,-0.368299746899726
"749",749,0.37425,0.79475,0.21725,0.55425,0.29675,0.95025,0.49025,0.48675,-0.14733856555453,-0.155753944689643,6.51216555096816e-05,0.00806979897579125,0.00806979897579125,-1.04282388698386
"750",750,0.37475,0.45575,0.98575,0.09225,0.80975,0.00425,0.28325,0.92825,0.0268437576193663,0.0233846755804457,7.66714579937762e-05,0.00875622395749311,0.00875622395749311,-0.395042664019632
"751",751,0.37525,0.42775,0.81475,0.76775,0.57825,0.27875,0.94775,0.37425,-0.0772462715997666,-0.073834051452158,3.360201384452e-05,0.00579672440646612,0.00579672440646612,0.588646260947362
"752",752,0.37575,0.27325,0.56325,0.73225,0.57225,0.79825,0.72225,0.34825,-0.13345187624184,-0.138225018642331,3.30104805889437e-05,0.00574547479229904,0.00574547479229904,-0.830765528183798
"753",753,0.37625,0.66225,0.34325,0.86525,0.71425,0.44375,0.97975,0.40125,-0.0892603002105368,-0.0882719097824688,1.63547705132017e-05,0.004044103177863,0.004044103177863,0.244402871192394
"754",754,0.37675,0.10575,0.71375,0.84275,0.56375,0.75125,0.26275,0.42725,-0.0169849108069103,-0.0155008547513462,3.99919995395033e-05,0.00632392279676969,0.00632392279676969,0.234673335405386
"755",755,0.37725,0.68425,0.67825,0.45375,0.40075,0.49375,0.92325,0.15175,-0.169976268202696,-0.170523567182158,3.93760874549892e-05,0.00627503684889493,0.00627503684889493,-0.087218448694587
"756",756,0.37775,0.72525,0.89375,0.23875,0.65875,0.93075,0.48175,0.53575,-0.195729639986133,-0.194437135690177,2.08587706667913e-05,0.00456714031608306,0.00456714031608306,0.283000785284495
"757",757,0.37825,0.59625,0.72675,0.48375,0.52025,0.96175,0.81175,0.69925,-0.187740230366605,-0.194862906459944,4.22754716509747e-05,0.0065019590625422,0.0065019590625422,-1.09546615486596
"758",758,0.37875,0.29725,0.54225,0.35375,0.22075,0.75825,0.45375,0.04875,-0.174472190986393,-0.181060033632354,3.32054498098081e-05,0.00576241701109943,0.00576241701109943,-1.14324295400206
"759",759,0.37925,0.46975,0.44175,0.41525,0.39625,0.94325,0.50925,0.53925,-0.168597191853154,-0.177580330713092,5.19493868274523e-05,0.0072075923044698,0.0072075923044698,-1.24634392186238
"760",760,0.37975,0.54175,0.37125,0.84775,0.03825,0.74775,0.62425,0.50025,-0.0772908690891937,-0.0858338293047457,5.81678122347091e-05,0.00762678256112688,0.00762678256112688,-1.12012636351989
"761",761,0.38025,0.46925,0.22375,0.39925,0.45225,0.27125,0.08425,0.54725,0.0479548461474582,0.050452377023797,1.92426614973311e-05,0.0043866458139826,0.0043866458139826,0.569348650939135
"762",762,0.38075,0.74075,0.48025,0.34875,0.08825,0.97575,0.44625,0.36225,-0.190131982174726,-0.199294306391157,4.54821268412934e-05,0.00674404380481721,0.00674404380481721,-1.35858017557455
"763",763,0.38125,0.47025,0.81275,0.32475,0.18525,0.16325,0.26525,0.29825,-0.0157726096924184,-0.0156245243588011,2.66112555772723e-05,0.0051586098492978,0.0051586098492978,0.0287064418406167
"764",764,0.38175,0.07525,0.10575,0.58825,0.52275,0.19525,0.96725,0.81875,-0.0534325626717316,-0.0533112292494527,0.000118723072731037,0.01089601178097,0.01089601178097,0.0111355810472602
"765",765,0.38225,0.35625,0.12625,0.07875,0.00575,0.98125,0.08025,0.50225,-0.182344637973322,-0.18523536539862,0.000160226004860234,0.0126580411146525,0.0126580411146525,-0.228370835511965
"766",766,0.38275,0.78025,0.82575,0.10475,0.38325,0.72025,0.10725,0.78075,-0.102103163983412,-0.0993204641584277,3.09499099965926e-05,0.00556326432920391,0.00556326432920391,0.500191912574915
"767",767,0.38325,0.19875,0.80925,0.15325,0.82625,0.33275,0.57525,0.53275,-0.113775567102776,-0.116910004073926,6.43662158743846e-06,0.00253704978024446,0.00253704978024446,-1.23546530129495
"768",768,0.38375,0.23225,0.78175,0.24425,0.58075,0.48575,0.55825,0.85925,-0.0969300999664287,-0.10060964631389,1.325076820709e-05,0.00364016046446993,0.00364016046446993,-1.01081982054796
"769",769,0.38425,0.44475,0.12925,0.24975,0.60575,0.96975,0.93075,0.10525,-0.270134877243161,-0.276807568375313,7.92151591546534e-05,0.00890028983542971,0.00890028983542971,-0.74971616155575
"770",770,0.38475,0.26675,0.71325,0.57325,0.78675,0.98525,0.63775,0.48325,-0.167005057139853,-0.171661685155762,3.78211679892947e-05,0.00614989170549325,0.00614989170549325,-0.757188620370269
"771",771,0.38525,0.30325,0.40925,0.79075,0.19675,0.07075,0.33525,0.29925,0.0766445281847348,0.0821714562194013,3.88722443470996e-05,0.00623476096952398,0.00623476096952398,0.886469916277878
"772",772,0.38575,0.86725,0.59975,0.66825,0.78525,0.13425,0.53025,0.19725,-0.0114321040656108,-0.0163857220618769,5.55281737205764e-05,0.00745172286928173,0.00745172286928173,-0.664761436135316
"773",773,0.38625,0.64375,0.79525,0.52775,0.87275,0.58775,0.44675,0.52125,-0.0701866345863217,-0.0696030969843939,1.37836314887112e-05,0.00371263134295761,0.00371263134295761,0.157176284964218
"774",774,0.38675,0.81125,0.30625,0.49375,0.71175,0.56525,0.77875,0.11225,-0.156752878411097,-0.161297952291034,3.72882738013596e-05,0.00610641251483714,0.00610641251483714,-0.744311634514298
"775",775,0.38725,0.64825,0.56825,0.84075,0.47225,0.13175,0.27825,0.36275,0.0985515029009411,0.0976295021275215,3.6686611310274e-05,0.00605694735904762,0.00605694735904762,-0.152222021880767
"776",776,0.38775,0.57875,0.21625,0.66225,0.64375,0.96025,0.49475,0.24975,-0.143567182520685,-0.150992413205541,6.09886025006014e-05,0.00780951999168972,0.00780951999168972,-0.950792198849268
"777",777,0.38825,0.79075,0.62975,0.20275,0.10975,0.25675,0.45025,0.86225,-0.0398617375149551,-0.0460505778856261,1.30545134864749e-05,0.00361310302738172,0.00361310302738172,-1.71288787609132
"778",778,0.38875,0.35525,0.67675,0.03375,0.56625,0.69425,0.32225,0.01525,-0.200322934515675,-0.205486305987578,4.76611189908594e-05,0.00690370328091086,0.00690370328091086,-0.747913295488815
"779",779,0.38925,0.37625,0.58125,0.59525,0.52925,0.20325,0.66275,0.26225,-0.0517352677779447,-0.0518308139728665,1.22829736927541e-05,0.00350470736192825,0.00350470736192825,-0.0272622461891447
"780",780,0.38975,0.87475,0.61575,0.74825,0.09175,0.26275,0.63175,0.64875,0.00765390324111971,0.00273122792843102,3.77743724427095e-05,0.0061460859449498,0.0061460859449498,-0.800944756838882
"781",781,0.39025,0.95125,0.22275,0.06775,0.87775,0.65075,0.78125,0.29025,-0.223481259925837,-0.2259137762608,8.36725001387921e-05,0.00914726735909649,0.00914726735909649,-0.265928199042306
"782",782,0.39075,0.76375,0.83625,0.51525,0.27125,0.45375,0.81475,0.22825,-0.130882148954533,-0.132986708878228,5.35637014342485e-05,0.00731872266411622,0.00731872266411622,-0.287558365070133
"783",783,0.39125,0.84275,0.65775,0.66375,0.28975,0.03025,0.65075,0.95125,0.0635176360996042,0.0585269579312597,3.35267866248708e-05,0.00579023200095391,0.00579023200095391,-0.861913333960076
"784",784,0.39175,0.24725,0.08925,0.55225,0.14225,0.81525,0.71925,0.17725,-0.172859967066636,-0.182977215801634,0.000111338580000138,0.0105517098140604,0.0105517098140604,-0.958825528116451
"785",785,0.39225,0.43425,0.20625,0.46425,0.26125,0.09925,0.36875,0.76025,0.0552608657330556,0.0590861466252504,9.72620660712196e-06,0.00311868667985772,0.00311868667985772,1.22656787451611
"786",786,0.39275,0.72475,0.04275,0.51075,0.64275,0.79975,0.28175,0.79225,-0.0589972911364884,-0.059994607625569,7.26500441488935e-05,0.00852349952477816,0.00852349952477816,-0.117007865863236
"787",787,0.39325,0.85275,0.87025,0.50075,0.99575,0.16925,0.70225,0.35825,-0.0575796585797421,-0.0607332967935506,6.95328387968348e-05,0.00833863530782075,0.00833863530782075,-0.378195963415107
"788",788,0.39375,0.73675,0.44825,0.61425,0.89125,0.67525,0.42025,0.34025,-0.0788268815137677,-0.0801872868391412,2.78692553956017e-05,0.00527913396264972,0.00527913396264972,-0.257694791418152
"789",789,0.39425,0.04525,0.10625,0.17525,0.15525,0.61275,0.76725,0.65975,-0.17335572628024,-0.186281125760577,0.000120311903666649,0.0109686783008095,0.0109686783008095,-1.17839170097486
"790",790,0.39475,0.78225,0.28925,0.76125,0.68075,0.12975,0.35675,0.55275,0.0901794166289392,0.0927806496155345,2.45202024821922e-05,0.00495178780666056,0.00495178780666056,0.525311884951215
"791",791,0.39525,0.30875,0.89325,0.53175,0.36975,0.39375,0.58525,0.00225,-0.102610291754975,-0.102638778351784,2.42916554859942e-05,0.00492865655995568,0.00492865655995568,-0.00577978937312187
"792",792,0.39575,0.60975,0.31825,0.88775,0.45775,0.68225,0.53625,0.11025,-0.0730962128480317,-0.0776743882529839,3.87549624919256e-05,0.00622534838317709,0.00622534838317709,-0.735408706976772
"793",793,0.39625,0.43475,0.46025,0.53125,0.05525,0.71225,0.89875,0.63775,-0.147815359676461,-0.157445407481791,7.38376697846388e-05,0.00859288483482927,0.00859288483482927,-1.1207002060934
"794",794,0.39675,0.83575,0.90625,0.14475,0.01975,0.75875,0.18275,0.48525,-0.134179886129069,-0.135458792916564,5.04913950398614e-05,0.0071057297331,0.0071057297331,-0.179982469856346
"795",795,0.39725,0.96425,0.96975,0.29575,0.29875,0.53075,0.76825,0.77175,-0.129809683431893,-0.134380438838768,4.85817203708526e-05,0.00697005884988446,0.00697005884988446,-0.655769987788662
"796",796,0.39775,0.36225,0.59075,0.81875,0.40875,0.44725,0.14225,0.22125,0.0553381914531484,0.0534213215338538,4.36609396132866e-05,0.00660764251554869,0.00660764251554869,-0.290098914216976
"797",797,0.39825,0.12775,0.25975,0.26875,0.78425,0.99425,0.74725,0.34525,-0.237581950950793,-0.250614388104966,5.98558664180757e-05,0.00773665731553852,0.00773665731553852,-1.68450489955116
"798",798,0.39875,0.57625,0.78375,0.51225,0.61525,0.53225,0.33925,0.07825,-0.0789419907993056,-0.0817035157507613,2.93846034343709e-05,0.00542075672156305,0.00542075672156305,-0.509435323018782
"799",799,0.39925,0.54825,0.79825,0.27725,0.45075,0.83675,0.11225,0.22925,-0.128649903205277,-0.127588765550887,3.47410751435217e-05,0.00589415601621825,0.00589415601621825,0.180032162615003
"800",800,0.39975,0.41625,0.78775,0.42275,0.55475,0.63025,0.34375,0.43575,-0.0822382896281876,-0.08210565400193,1.06885605069198e-05,0.00326933640161422,0.00326933640161422,0.0405695865962643
"801",801,0.40025,0.85025,0.82925,0.06025,0.31425,0.45125,0.41125,0.19075,-0.148600303870279,-0.153201827002312,4.05596969342644e-05,0.00636864953771711,0.00636864953771711,-0.722527296372857
"802",802,0.40075,0.03275,0.97725,0.80475,0.92075,0.75275,0.83325,0.84025,-0.0811241845518121,-0.0809621622283488,8.90738667724667e-05,0.00943789525119169,0.00943789525119169,0.0171672093354541
"803",803,0.40125,0.98825,0.03375,0.59275,0.68125,0.06925,0.19725,0.08425,0.0560222415013602,0.0537112618829548,0.000126555138363513,0.0112496728113983,0.0112496728113983,-0.205426385029072
"804",804,0.40175,0.51475,0.23125,0.41775,0.71975,0.71675,0.67175,0.75875,-0.126417373749832,-0.134610676978536,4.07406099792431e-05,0.00638283714183928,0.00638283714183928,-1.28364597852531
"805",805,0.40225,0.35825,0.28325,0.08125,0.28675,0.60725,0.23175,0.62575,-0.110635434405683,-0.113970340049873,3.8987786765889e-05,0.00624402008051616,0.00624402008051616,-0.53409591916532
"806",806,0.40275,0.09725,0.64875,0.52125,0.30825,0.41375,0.03975,0.85625,0.102495959858431,0.0992783583205328,5.41369571099955e-05,0.00735778207818059,0.00735778207818059,-0.437305903288432
"807",807,0.40325,0.04275,0.89475,0.86275,0.19325,0.53925,0.75875,0.22725,-0.0766659582169283,-0.0704366508351074,6.04168904623603e-05,0.00777283027361078,0.00777283027361078,0.801420738977122
"808",808,0.40375,0.17625,0.42175,0.11675,0.78875,0.01275,0.40025,0.98075,0.0225320683964526,0.0175972272599108,3.66853475213802e-05,0.00605684303258555,0.00605684303258555,-0.814754668396154
"809",809,0.40425,0.22725,0.68725,0.81975,0.62825,0.85475,0.42225,0.15775,-0.0870300229197855,-0.0892807905575464,4.89608618605953e-05,0.00699720386015695,0.00699720386015695,-0.321666723271718
"810",810,0.40475,0.08275,0.98175,0.35175,0.66925,0.29825,0.82025,0.60625,-0.0966794172808594,-0.0921994934694632,2.6179308072822e-05,0.00511657190634726,0.00511657190634726,0.87557135781454
"811",811,0.40525,0.54225,0.97425,0.33425,0.70075,0.01925,0.82775,0.07425,-0.101549530897552,-0.102925497727452,0.000102666489200713,0.0101324473450748,0.0101324473450748,-0.135798073559083
"812",812,0.40575,0.84975,0.21775,0.60925,0.60875,0.06825,0.63525,0.93775,0.0555363484651329,0.0562454845422027,4.6870181163451e-05,0.00684618004170581,0.00684618004170581,0.103581277843974
"813",813,0.40625,0.22325,0.57775,0.28475,0.34125,0.63225,0.71775,0.12225,-0.18564337463171,-0.18992348858306,1.42748144129035e-05,0.00377820253730574,0.00377820253730574,-1.13284396722738
"814",814,0.40675,0.36875,0.37675,0.27775,0.03025,0.12875,0.66175,0.06625,-0.10333832248051,-0.106370750456487,4.24869618416971e-05,0.00651820234740355,0.00651820234740355,-0.465224584073388
"815",815,0.40725,0.70225,0.45625,0.19525,0.20875,0.12275,0.38725,0.52725,-0.0248815204224262,-0.0278044374198621,1.19495843528084e-05,0.00345681708408305,0.00345681708408305,-0.845551536670686
"816",816,0.40775,0.57825,0.70075,0.22825,0.91025,0.69225,0.93325,0.47075,-0.204698077817876,-0.202349926224782,1.626605796686e-05,0.00403312012799768,0.00403312012799768,0.582217121873771
"817",817,0.40825,0.66025,0.04925,0.64675,0.02475,0.47675,0.73225,0.39075,-0.081639749799672,-0.0851452128320089,4.84352735469006e-05,0.00695954549858686,0.00695954549858686,-0.503691373675003
"818",818,0.40875,0.67925,0.50725,0.29025,0.61475,0.09425,0.39825,0.29675,-0.0250588214906935,-0.0294067338473866,2.17131284110322e-05,0.00465973480050444,0.00465973480050444,-0.933081504171099
"819",819,0.40925,0.08425,0.88375,0.27375,0.29925,0.47425,0.72675,0.57975,-0.127659427884494,-0.126724882982324,2.29673997559098e-05,0.00479243150769104,0.00479243150769104,0.195004331448493
"820",820,0.40975,0.70675,0.60325,0.55725,0.18075,0.63775,0.47825,0.12375,-0.106389995984452,-0.11312812521165,2.46222390165051e-05,0.00496208010984356,0.00496208010984356,-1.35792431360211
"821",821,0.41025,0.39875,0.10825,0.72125,0.98875,0.94575,0.70775,0.99125,-0.09729887934025,-0.109845492703614,8.53021350837706e-05,0.00923591549786867,0.00923591549786867,-1.35845909008796
"822",822,0.41075,0.38775,0.04875,0.69775,0.82975,0.55075,0.14675,0.97775,0.0992617450076842,0.0975149142238874,4.30954302964472e-05,0.00656471098346661,0.00656471098346661,-0.266094088254035
"823",823,0.41125,0.07375,0.04125,0.95825,0.77025,0.41225,0.30625,0.41925,0.0792569064165814,0.0828103108747708,2.15758974005209e-05,0.00464498626483662,0.00464498626483662,0.764997839732985
"824",824,0.41175,0.11875,0.18925,0.82525,0.97525,0.45275,0.07225,0.01875,0.057264501325275,0.0496483868246866,6.75877645811664e-05,0.00822117780984978,0.00822117780984978,-0.926401870479378
"825",825,0.41225,0.88475,0.94425,0.46975,0.59575,0.29925,0.38125,0.53375,-0.000975953457811573,-0.00187285583428176,2.39655315535578e-05,0.00489546030047817,0.00489546030047817,-0.183211040723296
"826",826,0.41275,0.77175,0.79775,0.02075,0.41875,0.77025,0.30475,0.93625,-0.14558968449055,-0.1461551423195,1.66934216318089e-05,0.00408575839126702,0.00408575839126702,-0.138397275315797
"827",827,0.41325,0.16575,0.77875,0.80375,0.50675,0.66225,0.54375,0.33125,-0.0574699152856261,-0.0559527383887546,2.87422843005725e-05,0.00536118310642087,0.00536118310642087,0.2829929265155
"828",828,0.41375,0.55625,0.65275,0.96575,0.52075,0.69475,0.55675,0.22175,-0.0475251650007723,-0.0499767770703575,4.90006466855462e-05,0.00700004619167232,0.00700004619167232,-0.350227984566985
"829",829,0.41425,0.46625,0.69025,0.07275,0.07875,0.52325,0.10975,0.56925,-0.0710687062665724,-0.0718290716702991,4.37190806544213e-05,0.00661204058172825,0.00661204058172825,-0.114997086652478
"830",830,0.41475,0.34975,0.20125,0.60675,0.09625,0.51725,0.83025,0.18825,-0.123884215287594,-0.12571174157489,5.28586979347077e-05,0.00727039874660996,0.00727039874660996,-0.251365344734105
"831",831,0.41525,0.43325,0.87525,0.51125,0.18775,0.92225,0.53125,0.48225,-0.143130639908479,-0.148860926126427,3.31550143323799e-05,0.00575803910479773,0.00575803910479773,-0.995180149640425
"832",832,0.41575,0.40425,0.58475,0.69575,0.57075,0.93975,0.27425,0.56325,-0.0588723344702188,-0.0636207784311317,1.81317993429287e-05,0.00425814505893455,0.00425814505893455,-1.11514377626699
"833",833,0.41625,0.59125,0.61325,0.47975,0.12475,0.99275,0.28675,0.86975,-0.0941562234811293,-0.106408146366929,4.4441053624807e-05,0.0066664123503431,0.0066664123503431,-1.83785854248412
"834",834,0.41675,0.64925,0.36775,0.81275,0.35775,0.75775,0.22425,0.31025,-0.010882306738309,-0.01636553648021,2.37423166704227e-05,0.00487260881565745,0.00487260881565745,-1.12531704254226
"835",835,0.41725,0.05775,0.10925,0.07175,0.22025,0.52525,0.44325,0.96375,-0.100640287508183,-0.112707846891319,0.000105846780662745,0.010288186461313,0.010288186461313,-1.17295302029313
"836",836,0.41775,0.13375,0.93925,0.97625,0.91725,0.54025,0.02875,0.08375,0.0944417058498181,0.0840248785716007,0.000204020255815125,0.0142835659348471,0.0142835659348471,-0.729287583068025
"837",837,0.41825,0.13875,0.21025,0.76625,0.53575,0.06125,0.02025,0.79475,0.257886028654255,0.251759904754022,6.41487220147588e-05,0.00800928973222712,0.00800928973222712,-0.764877299366908
"838",838,0.41875,0.49875,0.35225,0.69475,0.67625,0.28425,0.09275,0.39975,0.110774471110417,0.109083560992689,1.2793311050972e-05,0.0035767738327957,0.0035767738327957,-0.472747284780469
"839",839,0.41925,0.40075,0.52675,0.60075,0.14425,0.92075,0.04925,0.06175,-0.0741645649080633,-0.0838782549792161,0.000129117887833715,0.0113630052289751,0.0113630052289751,-0.854852204624827
"840",840,0.41975,0.38925,0.58325,0.58925,0.71075,0.89125,0.37575,0.33375,-0.107628618303716,-0.110848932522219,2.25438660829421e-05,0.00474803812989555,0.00474803812989555,-0.678241018796081
"841",841,0.42025,0.21525,0.61175,0.68225,0.83175,0.46725,0.41625,0.88175,0.0403017279046716,0.0404151734320888,1.75392842745323e-05,0.00418799286944621,0.00418799286944621,0.027088280938789
"842",842,0.42075,0.37675,0.70725,0.76075,0.63325,0.08975,0.11125,0.33525,0.154763436905043,0.149309446975553,6.45090659075685e-05,0.00803175360102441,0.00803175360102441,-0.679053442176606
"843",843,0.42125,0.32325,0.27675,0.77075,0.14725,0.11375,0.52775,0.98825,0.116613360073731,0.118150753942492,6.85897867432156e-05,0.00828189511785893,0.00828189511785893,0.185633100502056
"844",844,0.42175,0.85625,0.38175,0.96225,0.51025,0.84575,0.87375,0.39625,-0.105756741538682,-0.109864190760297,4.94822199551483e-05,0.00703435995348179,0.00703435995348179,-0.583912288932832
"845",845,0.42225,0.51775,0.25025,0.15275,0.92625,0.58225,0.19175,0.82725,-0.0568826836295043,-0.056236587490312,3.65289680269249e-05,0.00604391992227933,0.00604391992227933,0.106900181918466
"846",846,0.42275,0.44725,0.93375,0.61375,0.06875,0.40425,0.39025,0.29475,-0.0158381594785572,-0.0170062944222371,3.32707796509388e-05,0.00576808284015918,0.00576808284015918,-0.202517019267994
"847",847,0.42325,0.45675,0.83475,0.67725,0.39125,0.79725,0.03025,0.86875,0.0605585407376848,0.0490413626591113,6.03293821694474e-05,0.00776719911998189,0.00776719911998189,-1.4827968101068
"848",848,0.42375,0.56275,0.89625,0.57625,0.35875,0.76325,0.58025,0.59675,-0.0969432794267708,-0.100552474553917,1.6891584179433e-05,0.00410993724762714,0.00410993724762714,-0.878163073956896
"849",849,0.42425,0.65475,0.08575,0.94975,0.27025,0.44075,0.76375,0.14825,-0.0475648480541089,-0.045956810846142,4.64991496207366e-05,0.00681902849537503,0.00681902849537503,0.235816173675993
"850",850,0.42475,0.49475,0.43625,0.53975,0.70675,0.08725,0.16325,0.78175,0.15059633191623,0.150290633110272,1.43921360978423e-05,0.00379369689061241,0.00379369689061241,-0.0805807144778684
"851",851,0.42525,0.02625,0.74925,0.46025,0.15225,0.24925,0.85525,0.83425,-0.0481369377353836,-0.0472340523424935,8.98220993306593e-05,0.00947745215396307,0.00947745215396307,0.0952666790844787
"852",852,0.42575,0.15025,0.51975,0.03825,0.50925,0.19275,0.31125,0.11925,-0.084754749727096,-0.0909889623487764,3.12668207728683e-05,0.00559167423701241,0.00559167423701241,-1.11490983870536
"853",853,0.42625,0.05125,0.78075,0.60175,0.30075,0.07125,0.80375,0.68825,0.00425316864088644,0.0106785580303811,7.55181816911746e-05,0.00869011977427093,0.00869011977427093,0.739390199030223
"854",854,0.42675,0.90225,0.93325,0.26675,0.44375,0.68025,0.83175,0.26025,-0.194424392135596,-0.19086542322865,5.58981595318278e-05,0.00747650717459883,0.00747650717459883,0.476020262381007
"855",855,0.42725,0.97925,0.45775,0.73175,0.42325,0.67825,0.65225,0.40725,-0.080012326577651,-0.0835961610329793,3.38856623217247e-05,0.00582113926321341,0.00582113926321341,-0.615658601053625
"856",856,0.42775,0.23375,0.95325,0.62325,0.60525,0.07775,0.35975,0.57025,0.0916260310881177,0.0950705494547021,3.60911947912127e-05,0.00600759475923707,0.00600759475923707,0.573360638429918
"857",857,0.42825,0.04725,0.37625,0.45125,0.84375,0.48675,0.76525,0.74325,-0.0840139841467482,-0.0896838866391909,1.93159091378003e-05,0.00439498681884262,0.00439498681884262,-1.29008407218291
"858",858,0.42875,0.98725,0.78825,0.54375,0.25025,0.79075,0.83425,0.31175,-0.16407001433012,-0.167765268116478,7.0736204391812e-05,0.00841048181686472,0.00841048181686472,-0.439362912472892
"859",859,0.42925,0.89225,0.66525,0.74025,0.95225,0.42775,0.40375,0.44925,0.0213075538796268,0.0230738700448735,2.83830766379784e-05,0.00532757699503052,0.00532757699503052,0.331542118845827
"860",860,0.42975,0.63275,0.97175,0.33175,0.37225,0.30725,0.85575,0.94175,-0.0711415636999337,-0.0752253967870919,4.49159130254407e-05,0.00670193352887364,0.00670193352887364,-0.609351475893339
"861",861,0.43025,0.37275,0.62425,0.39275,0.46825,0.02825,0.08175,0.00075,0.0590057855365748,0.0501204110105294,5.92413065242307e-05,0.00769683743652097,0.00769683743652097,-1.15441888948893
"862",862,0.43075,0.46825,0.84275,0.99775,0.73175,0.44125,0.48675,0.41475,0.0466530954697239,0.0487653497381996,5.74137366907261e-05,0.00757718527493726,0.00757718527493726,0.278765028415277
"863",863,0.43125,0.96475,0.29275,0.41875,0.29775,0.47475,0.77725,0.72525,-0.0910170279607344,-0.0960273066721562,3.83291252684011e-05,0.00619105203244175,0.00619105203244175,-0.809277435428975
"864",864,0.43175,0.62225,0.57825,0.04725,0.45275,0.47275,0.78875,0.58175,-0.168084682372115,-0.172201486173625,1.44955779958213e-05,0.00380730587106175,0.00380730587106175,-1.08129053481115
"865",865,0.43225,0.54325,0.84575,0.33225,0.96575,0.81275,0.26925,0.19125,-0.131893273974435,-0.130452946337932,6.3307378488718e-05,0.00795659339722208,0.00795659339722208,0.181023154583452
"866",866,0.43275,0.62175,0.86975,0.79525,0.87475,0.27425,0.46875,0.25625,0.0269859973797558,0.0268679185733766,5.88969051675307e-05,0.00767443191171377,0.00767443191171377,-0.0153859996072116
"867",867,0.43325,0.18375,0.03525,0.19575,0.66725,0.04225,0.68975,0.09725,-0.0939872440088005,-0.100888735368097,3.21218595918903e-05,0.00566761498267925,0.00566761498267925,-1.21770645684086
"868",868,0.43375,0.15825,0.70175,0.43775,0.72075,0.90625,0.09375,0.20575,-0.0955065090779893,-0.0985904948621386,5.95387145094302e-05,0.00771613339111178,0.00771613339111178,-0.399680206112267
"869",869,0.43425,0.76475,0.19425,0.61875,0.91375,0.77725,0.76125,0.31675,-0.137230066901587,-0.136405238279029,3.39952191125519e-05,0.00583054192271626,0.00583054192271626,0.141466888239737
"870",870,0.43475,0.99775,0.43275,0.58675,0.12875,0.64275,0.65525,0.72925,-0.0705410247087993,-0.0803398000420287,4.07385307710148e-05,0.00638267426483718,0.00638267426483718,-1.53521469632437
"871",871,0.43525,0.41175,0.98525,0.30025,0.09275,0.54175,0.87225,0.99425,-0.116423376991177,-0.125280513720942,6.46012014321189e-05,0.00803748725859761,0.00803748725859761,-1.10197832292557
"872",872,0.43575,0.19675,0.05575,0.17025,0.48525,0.65225,0.04725,0.51325,-0.0607817177434678,-0.0625022150740557,7.65812437593924e-05,0.0087510710064193,0.0087510710064193,-0.196604201854361
"873",873,0.43625,0.52275,0.22475,0.67875,0.48175,0.72425,0.52925,0.49225,-0.0658560413199605,-0.0694843226721797,2.55831232381814e-05,0.00505797619984331,0.00505797619984331,-0.717338557728207
"874",874,0.43675,0.18825,0.42225,0.58275,0.75275,0.31525,0.69175,0.32375,-0.0526280821357298,-0.051356798353016,3.75264194451201e-06,0.00193717370013946,0.00193717370013946,0.656256990595257
"875",875,0.43725,0.58375,0.58375,0.63675,0.78975,0.12325,0.65575,0.90625,0.0582110132327462,0.0580343340001483,1.24146887681791e-05,0.00352344841996859,0.00352344841996859,-0.0501438396533928
"876",876,0.43775,0.38275,0.77025,0.66575,0.94675,0.29875,0.18125,0.00275,0.0376553693816453,0.030378712420543,6.46924901488269e-05,0.00804316418760844,0.00804316418760844,-0.904700785831645
"877",877,0.43825,0.40675,0.50025,0.64175,0.64075,0.94625,0.98475,0.78425,-0.155251513324606,-0.163581262200477,4.05936697977658e-05,0.0063713161746821,0.0063713161746821,-1.30738275224375
"878",878,0.43875,0.38975,0.35075,0.73675,0.24325,0.46175,0.73825,0.67325,-0.026113804183487,-0.0284746832206255,2.41055304936218e-05,0.00490973833250019,0.00490973833250019,-0.480856387296768
"879",879,0.43925,0.47575,0.52575,0.52575,0.13175,0.65275,0.20475,0.62875,-0.00356022559487601,-0.00949539823429345,2.20326970328995e-05,0.00469389998113504,0.00469389998113504,-1.26444378092229
"880",880,0.43975,0.97525,0.31975,0.46825,0.97075,0.12625,0.13325,0.73525,0.136261297292171,0.138087990477722,6.25113314407917e-05,0.00790641078118205,0.00790641078118205,0.231039498971982
"881",881,0.44025,0.47375,0.09975,0.17575,0.73625,0.48125,0.66225,0.89125,-0.103141142055933,-0.111652233087721,4.47947429617148e-05,0.00669288749059139,0.00669288749059139,-1.27166205075949
"882",882,0.44075,0.44525,0.92675,0.65975,0.49975,0.93625,0.94375,0.76075,-0.146402120914458,-0.151000537043379,3.64424884753884e-05,0.00603676142276539,0.00603676142276539,-0.761735607370501
"883",883,0.44125,0.41225,0.49525,0.43075,0.21325,0.43825,0.90325,0.91825,-0.0818817170115091,-0.0904495314271182,4.12415230466402e-05,0.00642195632550083,0.00642195632550083,-1.33414398687006
"884",884,0.44175,0.70125,0.45025,0.05575,0.18625,0.44775,0.54525,0.10675,-0.161968506598331,-0.169469953502457,3.27364057357263e-05,0.00572157371146491,0.00572157371146491,-1.31108105609031
"885",885,0.44225,0.03425,0.34175,0.19275,0.97625,0.54725,0.42675,0.41625,-0.111473971786484,-0.120128890967718,3.05560741565493e-05,0.0055277548929515,0.0055277548929515,-1.56572050476948
"886",886,0.44275,0.25975,0.03775,0.40625,0.28225,0.73675,0.32475,0.97825,-0.0411608152871388,-0.0517039656441498,0.000103460102690386,0.0101715339398925,0.0101715339398925,-1.03653494343277
"887",887,0.44325,0.04075,0.48575,0.91575,0.42875,0.66975,0.17775,0.62275,0.0896228628173852,0.0820689932737916,6.58719718670882e-05,0.00811615499279605,0.00811615499279605,-0.9307202179232
"888",888,0.44375,0.44075,0.23425,0.10125,0.01075,0.77125,0.03725,0.54625,-0.0984313669596819,-0.102129579486487,9.29930457594387e-05,0.00964329019367553,0.00964329019367553,-0.383501113471681
"889",889,0.44425,0.12475,0.32525,0.66775,0.30975,0.66125,0.61375,0.64975,-0.0537076786694517,-0.059460288887018,3.82334346011042e-05,0.00618331906027048,0.00618331906027048,-0.930343422601043
"890",890,0.44475,0.69625,0.46175,0.49175,0.89875,0.31325,0.29925,0.53775,0.0347585064299634,0.0370993454257334,1.49936505771204e-05,0.00387216355247559,0.00387216355247559,0.604529990545836
"891",891,0.44525,0.50575,0.14025,0.01825,0.40975,0.90675,0.06375,0.74625,-0.139926257592759,-0.138352130738251,7.02789112708488e-05,0.00838325183152986,0.00838325183152986,0.187770436358315
"892",892,0.44575,0.03225,0.14875,0.92825,0.65125,0.78475,0.89775,0.09275,-0.121826080636576,-0.117537361911503,8.45848615096363e-05,0.00919700285471502,0.00919700285471502,0.466316994005749
"893",893,0.44625,0.26025,0.51425,0.58875,0.79075,0.16375,0.32925,0.05475,0.0232639499673149,0.0197364066149941,2.39344370330033e-05,0.00489228341707666,0.00489228341707666,-0.721042313290315
"894",894,0.44675,0.45525,0.59925,0.33775,0.59325,0.77625,0.68875,0.09225,-0.187654512868729,-0.189499550979123,1.4492180257325e-05,0.00380685963194402,0.00380685963194402,-0.48466145032298
"895",895,0.44725,0.85575,0.36375,0.24075,0.72025,0.38675,0.59725,0.79625,-0.0665306972139685,-0.0675338360748497,2.41260913159616e-05,0.00491183176788065,0.00491183176788065,-0.204229075482777
"896",896,0.44775,0.82425,0.90475,0.90975,0.90375,0.65975,0.56625,0.54125,-0.00711750691274615,-0.0050956296733677,5.17336279817382e-05,0.00719260926102191,0.00719260926102191,0.281104834977674
"897",897,0.44825,0.27975,0.31275,0.11825,0.83425,0.65675,0.41825,0.70175,-0.12313889340282,-0.129927252895008,2.71384398606617e-05,0.00520945677212717,0.00520945677212717,-1.30308394696903
"898",898,0.44875,0.04825,0.84475,0.00925,0.43375,0.99575,0.36225,0.74775,-0.206878877999685,-0.210542765718788,6.09611003972415e-05,0.00780775898688231,0.00780775898688231,-0.469262399781889
"899",899,0.44925,0.41475,0.28025,0.68775,0.93875,0.48975,0.64175,0.13625,-0.0692264801417762,-0.0684572169618068,2.14472388623349e-05,0.00463111637322308,0.00463111637322308,0.166107503671737
"900",900,0.44975,0.34125,0.26125,0.63025,0.11575,0.26475,0.38475,0.55325,0.0564591564798954,0.058624667376855,1.18960668912722e-05,0.00344906753938977,0.00344906753938977,0.627854013361169
"901",901,0.45025,0.70525,0.19325,0.13875,0.88125,0.98675,0.53375,0.40075,-0.220224882832775,-0.222483127309474,5.11902921636247e-05,0.00715473914015212,0.00715473914015212,-0.315629184022353
"902",902,0.45075,0.47525,0.62825,0.22725,0.32725,0.34625,0.87675,0.68225,-0.112945838564501,-0.115004326064889,2.15082161579892e-05,0.0046376951342223,0.0046376951342223,-0.443860029780331
"903",903,0.45125,0.31275,0.89075,0.16625,0.95725,0.58525,0.33175,0.25925,-0.118390073637911,-0.118598329804459,3.48382395259695e-05,0.00590239269499831,0.00590239269499831,-0.0352833464849734
"904",904,0.45175,0.29825,0.60925,0.28975,0.81075,0.66825,0.36775,0.59625,-0.0882732147348319,-0.0900388876589047,1.10968713375408e-05,0.00333119668250627,0.00333119668250627,-0.530041631388866
"905",905,0.45225,0.92325,0.06775,0.58625,0.82725,0.36575,0.95525,0.14525,-0.111429727093889,-0.101306280778261,7.22436346873098e-05,0.00849962556159445,0.00849962556159445,1.19104615165294
"906",906,0.45275,0.68275,0.54525,0.72175,0.35975,0.67925,0.76575,0.02175,-0.123712439241433,-0.124968339674163,5.23070770121897e-05,0.00723236316926838,0.00723236316926838,-0.173650078589325
"907",907,0.45325,0.94875,0.23625,0.47675,0.00425,0.69275,0.33675,0.78275,-0.0324639101531352,-0.0407301688800561,5.06201334868617e-05,0.00711478274347585,0.00711478274347585,-1.16184274699054
"908",908,0.45375,0.72825,0.15325,0.46125,0.12375,0.10425,0.59425,0.05925,-0.0407077378387688,-0.0427304062074607,5.95845490820231e-05,0.0077191028676928,0.0077191028676928,-0.262034125384893
"909",909,0.45425,0.23275,0.30125,0.83375,0.95775,0.55325,0.14025,0.07975,0.0477976387399699,0.0414201763156256,4.27502121941242e-05,0.00653836464218111,0.00653836464218111,-0.975391060816833
"910",910,0.45475,0.53525,0.49875,0.72325,0.70175,0.61125,0.56075,0.09975,-0.071970386329306,-0.0721026762394835,2.64212972596605e-05,0.00514016510042825,0.00514016510042825,-0.0257365099355444
"911",911,0.45525,0.50925,0.41675,0.65925,0.46475,0.99875,0.47975,0.81075,-0.0814416537867864,-0.0935639298043737,4.25280606782877e-05,0.00652135420585999,0.00652135420585999,-1.85885870249072
"912",912,0.45575,0.99275,0.26025,0.09875,0.92525,0.22825,0.97875,0.41325,-0.14676393050048,-0.140385865885704,9.37861211042037e-05,0.00968432347168369,0.00968432347168369,0.65859681715765
"913",913,0.45625,0.82225,0.37175,0.31075,0.73475,0.71625,0.51825,0.54775,-0.121567524612956,-0.121248764495305,2.47186353544164e-05,0.0049717839207287,0.0049717839207287,0.0641138317218504
"914",914,0.45675,0.04175,0.70525,0.84825,0.31825,0.14225,0.86625,0.88425,0.0579845636612413,0.0619780252817203,0.000113874814607799,0.010671214298654,0.010671214298654,0.374227478590015
"915",915,0.45725,0.03775,0.14925,0.88425,0.43475,0.05575,0.44975,0.15575,0.0878357461076071,0.0952219216062902,3.80899729001811e-05,0.00617170745419622,0.00617170745419622,1.19677991115103
"916",916,0.45775,0.38875,0.13975,0.74625,0.64875,0.10525,0.80475,0.93175,0.0639083477912932,0.0662947561398697,5.11446199948011e-05,0.00715154668549406,0.00715154668549406,0.333691221427247
"917",917,0.45825,0.13675,0.94275,0.66075,0.26725,0.92175,0.10175,0.25825,-0.0383156070753447,-0.0463388658709597,9.68371861155079e-05,0.00984058870777089,0.00984058870777089,-0.81532304965446
"918",918,0.45875,0.09125,0.96075,0.92975,0.08025,0.36925,0.09825,0.49625,0.177163532338225,0.165005256228755,0.00019882239209437,0.0141004394291231,0.0141004394291231,-0.862262213215727
"919",919,0.45925,0.94075,0.16475,0.47125,0.15425,0.67575,0.28275,0.71775,-0.0217297411914352,-0.0244850327869932,5.00680120251305e-05,0.00707587535398487,0.00707587535398487,-0.389392330661438
"920",920,0.45975,0.28475,0.71875,0.46675,0.93625,0.14625,0.82525,0.96575,0.00384119635797911,0.0013229893579278,3.43875505146305e-05,0.00586408991358681,0.00586408991358681,-0.429428442803503
"921",921,0.46025,0.38025,0.49075,0.62675,0.42825,0.19725,0.92875,0.95475,0.00412683626807898,0.00189156836334054,4.56582536175258e-05,0.00675708913789997,0.00675708913789997,-0.33080337688621
"922",922,0.46075,0.83475,0.25075,0.98475,0.54825,0.05175,0.37125,0.30925,0.150216531643921,0.151618154907213,9.46206427089327e-05,0.00972731425980125,0.00972731425980125,0.144091495952209
"923",923,0.46125,0.56225,0.09475,0.03025,0.22125,0.09675,0.49075,0.05625,-0.093958842873696,-0.100820545645452,8.4802448738599e-05,0.00920882450362689,0.00920882450362689,-0.74512254729727
"924",924,0.46175,0.73325,0.47175,0.85875,0.99775,0.85075,0.35775,0.90775,0.0302987461405257,0.0286946501525548,3.39944001762608e-05,0.00583047169414798,0.00583047169414798,-0.27512284976547
"925",925,0.46225,0.78875,0.53675,0.77525,0.99725,0.86675,0.97275,0.29975,-0.14635232203448,-0.136909149247732,5.4731551428975e-05,0.00739807754953779,0.00739807754953779,1.2764360367293
"926",926,0.46275,0.08975,0.01625,0.99675,0.35625,0.52175,0.37725,0.87725,0.126551626694457,0.123345310320575,9.47754182463276e-05,0.00973526672702539,0.00973526672702539,-0.329350644803718
"927",927,0.46325,0.23775,0.48175,0.60725,0.74875,0.74675,0.20625,0.25575,-0.0329669160262453,-0.0369600426038379,2.43367694991414e-05,0.00493323114187258,0.00493323114187258,-0.809434316527254
"928",928,0.46375,0.24025,0.30575,0.54575,0.45425,0.63275,0.95725,0.77875,-0.106441165430753,-0.112024144653646,4.86877265981616e-05,0.00697765910590089,0.00697765910590089,-0.800122095126656
"929",929,0.46425,0.12825,0.12225,0.32425,0.86675,0.23075,0.04325,0.74375,0.11800100367982,0.115344756941665,2.55730577488921e-05,0.00505698109042263,0.00505698109042263,-0.525263332146058
"930",930,0.46475,0.51925,0.91175,0.76175,0.49475,0.31175,0.70125,0.10875,-0.0340793118825876,-0.0303604281007195,5.88771599498102e-05,0.00767314537525585,0.00767314537525585,0.484662234324487
"931",931,0.46525,0.35375,0.76925,0.75375,0.24925,0.54625,0.96875,0.76525,-0.0574616387781888,-0.0598803541446101,4.88794555626053e-05,0.00699138438097959,0.00699138438097959,-0.345956570919135
"932",932,0.46575,0.26575,0.48775,0.37875,0.33775,0.94025,0.99125,0.63675,-0.201562656973132,-0.208184592371759,8.14005334028468e-05,0.0090222244154558,0.0090222244154558,-0.733958178571027
"933",933,0.46625,0.34525,0.32125,0.19125,0.93325,0.18075,0.23475,0.97625,0.0703844899875176,0.0690894942360993,3.30728000726309e-05,0.00575089558874362,0.00575089558874362,-0.225181579361837
"934",934,0.46675,0.45475,0.67275,0.84575,0.92225,0.38475,0.27625,0.78225,0.142579088289039,0.142015372778781,1.9704369403687e-05,0.00443896039672432,0.00443896039672432,-0.126992687448616
"935",935,0.46725,0.47275,0.90675,0.69525,0.69925,0.90025,0.63625,0.20225,-0.126211682226766,-0.123198093656161,3.49234852726663e-05,0.0059096095702395,0.0059096095702395,0.50994715214035
"936",936,0.46775,0.97425,0.88175,0.19925,0.16075,0.59725,0.57575,0.12625,-0.158369319614468,-0.161579262096664,4.86700972590718e-05,0.00697639572122108,0.00697639572122108,-0.460114736959641
"937",937,0.46825,0.64725,0.14125,0.41325,0.21075,0.34475,0.88675,0.08725,-0.125814570067107,-0.121619773673264,4.05476455350012e-05,0.00636770331713101,0.00636770331713101,0.658761280940611
"938",938,0.46875,0.26125,0.28175,0.99225,0.09675,0.83075,0.62275,0.27775,-0.0521910617007385,-0.0601641906921682,8.18135445278693e-05,0.00904508399783381,0.00904508399783381,-0.881487556482523
"939",939,0.46925,0.72075,0.83575,0.50025,0.15025,0.17175,0.02275,0.08825,0.0978739767248306,0.0818808292402486,0.000139441697184915,0.0118085433981044,0.0118085433981044,-1.35437089447877
"940",940,0.46975,0.83925,0.35975,0.61175,0.38925,0.42275,0.05525,0.46125,0.10457375709319,0.101220638221247,3.29468437072097e-05,0.00573993412045902,0.00573993412045902,-0.584173755582208
"941",941,0.47025,0.87675,0.76775,0.65175,0.20025,0.87525,0.74325,0.93075,-0.0870390969657394,-0.105147214374055,4.11923869507392e-05,0.00641812955234929,0.00641812955234929,-2.82140104225339
"942",942,0.47075,0.06475,0.20675,0.90225,0.99475,0.89725,0.26775,0.16125,-0.0227501633195779,-0.0300777681513605,6.97778381159419e-05,0.00835331300239264,0.00835331300239264,-0.877209417351385
"943",943,0.47125,0.54775,0.76975,0.35275,0.08425,0.27475,0.77975,0.60075,-0.0631996787176589,-0.0649254635007985,2.61949169624819e-05,0.00511809700596637,0.00511809700596637,-0.33719266772939
"944",944,0.47175,0.17675,0.16575,0.39125,0.53175,0.74175,0.96575,0.67775,-0.15816357053175,-0.16435061423366,7.21026984897485e-05,0.00849133078437935,0.00849133078437935,-0.728630630347326
"945",945,0.47225,0.04775,0.38975,0.81025,0.95675,0.00475,0.87725,0.70025,0.0618431852612329,0.0668736940625838,9.26871602053757e-05,0.00962741710976395,0.00962741710976395,0.522519045762445
"946",946,0.47275,0.68025,0.95625,0.13175,0.58375,0.67125,0.21525,0.30725,-0.112210206476545,-0.108298674538725,3.92594824244895e-05,0.00626573877723046,0.00626573877723046,0.624273062904315
"947",947,0.47325,0.90775,0.16325,0.38775,0.19125,0.27175,0.92725,0.62175,-0.0768898373877115,-0.0768215851583242,2.32579246280158e-05,0.00482264705613171,0.00482264705613171,0.0141524413030655
"948",948,0.47375,0.82275,0.06375,0.76425,0.17525,0.08275,0.93125,0.05275,-0.0387242570727905,-0.0294823768013213,0.000122049902761913,0.0110476197781202,0.0110476197781202,0.836549452016147
"949",949,0.47425,0.55175,0.64925,0.99175,0.75875,0.39175,0.91325,0.07575,-0.0451171450129578,-0.0347170313873542,9.70109490441806e-05,0.00984941363961229,0.00984941363961229,1.05591195640079
"950",950,0.47475,0.61225,0.18125,0.21225,0.60625,0.23975,0.61475,0.37525,-0.0734617950993255,-0.0740900273425607,3.02006859768263e-05,0.00549551507839131,0.00549551507839131,-0.114317263127063
"951",951,0.47525,0.60075,0.35425,0.60575,0.77375,0.80775,0.43825,0.32775,-0.0801306364876798,-0.0799154878507203,1.96101990000363e-05,0.00442834043407192,0.00442834043407192,0.0485844844502344
"952",952,0.47575,0.78675,0.82675,0.19825,0.39175,0.61625,0.27025,0.94925,-0.0400732233496203,-0.0395923731233402,2.39727190963645e-05,0.00489619434830405,0.00489619434830405,0.0982089745777067
"953",953,0.47625,0.26975,0.80225,0.63875,0.27325,0.20825,0.61625,0.04225,-0.0245079411294451,-0.0208733155083298,4.3399902231552e-05,0.00658786021645511,0.00658786021645511,0.551715656023903
"954",954,0.47675,0.67075,0.62575,0.84975,0.19375,0.80825,0.87175,0.68275,-0.0750233051819068,-0.087070194653612,5.27368495603454e-05,0.00726201415313585,0.00726201415313585,-1.65889093819835
"955",955,0.47725,0.83025,0.57875,0.69625,0.18425,0.42925,0.27575,0.89775,0.115373896776284,0.108497037602785,3.08185353351907e-05,0.00555144443682819,0.00555144443682819,-1.23875132891145
"956",956,0.47775,0.15775,0.74525,0.26825,0.28375,0.62675,0.26375,0.92125,-0.0259374509885523,-0.0311714455538262,2.05281901350059e-05,0.00453080457921172,0.00453080457921172,-1.1552020118653
"957",957,0.47825,0.17425,0.94025,0.29375,0.35125,0.75675,0.15125,0.72075,-0.0443113803061083,-0.0463413830998964,2.06832157136877e-05,0.00454788035393277,0.00454788035393277,-0.446362400900158
"958",958,0.47875,0.93125,0.32875,0.83225,0.42175,0.98025,0.08925,0.92775,0.0694759466076347,0.0543264864224055,0.000178783010026759,0.0133709764051381,0.0133709764051381,-1.1330107634778
"959",959,0.47925,0.81525,0.08325,0.03925,0.74475,0.83325,0.48075,0.03975,-0.219580014755421,-0.219976616102175,8.87649815512754e-05,0.00942151694533717,0.00942151694533717,-0.0420952750024288
"960",960,0.47975,0.02275,0.79075,0.11225,0.33425,0.87175,0.55075,0.20625,-0.210618489380623,-0.212366111964482,1.7728432107309e-05,0.00421051447062102,0.00421051447062102,-0.415061531329028
"961",961,0.48025,0.54975,0.13925,0.05725,0.72675,0.85175,0.23625,0.96225,-0.120823818471295,-0.11990219996455,6.78347403706619e-05,0.00823618481887469,0.00823618481887469,0.111898716094004
"962",962,0.48075,0.99325,0.45075,0.81625,0.56175,0.97625,0.75675,0.83625,-0.0803913177275123,-0.0907061809463676,3.72630166700851e-05,0.00610434408188833,0.00610434408188833,-1.68975783155141
"963",963,0.48125,0.08075,0.22125,0.22675,0.41525,0.52825,0.35575,0.84375,-0.0371421710577644,-0.0436744931561838,3.39207227724621e-05,0.0058241499613645,0.0058241499613645,-1.12159235970102
"964",964,0.48175,0.37025,0.04175,0.35725,0.54075,0.92375,0.89125,0.91525,-0.169547402136688,-0.186518901014739,0.000148647337250565,0.0121921014288172,0.0121921014288172,-1.39200768441257
"965",965,0.48225,0.22375,0.47625,0.47575,0.95825,0.38525,0.17625,0.81575,0.0958119603077495,0.0941887224052924,1.25393437713095e-05,0.00354109358409369,0.00354109358409369,-0.458400170429991
"966",966,0.48275,0.31675,0.72125,0.48425,0.26075,0.50725,0.23975,0.78525,0.0475813111754613,0.0441045643484958,1.52470298298383e-05,0.00390474452811427,0.00390474452811427,-0.890390344856834
"967",967,0.48325,0.40125,0.59175,0.23725,0.19625,0.00675,0.23875,0.64525,0.09105715810309,0.0904761816363676,1.382739812905e-05,0.00371852095987773,0.00371852095987773,-0.156238588673034
"968",968,0.48375,0.19775,0.37725,0.74375,0.68475,0.24775,0.88725,0.36025,-0.0249847093018767,-0.0143222373007847,2.87434644088012e-05,0.00536129316572049,0.00536129316572049,1.98878734505075
"969",969,0.48425,0.79175,0.73075,0.35225,0.44775,0.16075,0.09075,0.18275,0.0676814409827689,0.0601903517979143,5.00929088028374e-05,0.00707763440726048,0.00707763440726048,-1.05841708596448
"970",970,0.48475,0.23425,0.89225,0.86625,0.90125,0.41175,0.48425,0.72575,0.088879666664082,0.0919877806671776,4.38218701257238e-05,0.00661980891912477,0.00661980891912477,0.469517178073856
"971",971,0.48525,0.33625,0.66925,0.39975,0.47075,0.15625,0.49175,0.55675,0.0245205626292726,0.0266969795043475,6.53982809214816e-06,0.00255730875964326,0.00255730875964326,0.851057529470359
"972",972,0.48575,0.39825,0.86325,0.17725,0.15775,0.15125,0.52425,0.41175,-0.0402183673623102,-0.0400386662615846,3.01613734413181e-05,0.0054919371301316,0.0054919371301316,0.0327208954632175
"973",973,0.48625,0.36275,0.51325,0.88125,0.14475,0.17425,0.58725,0.55225,0.0945719883050304,0.0977154867978249,3.18155834376904e-05,0.00564053042166164,0.00564053042166164,0.557305476223006
"974",974,0.48675,0.66475,0.01275,0.43175,0.58525,0.13675,0.01225,0.44025,0.150500424634839,0.15282648439694,8.01550017840234e-05,0.00895293258011158,0.00895293258011158,0.25980981553108
"975",975,0.48725,0.87875,0.77975,0.71375,0.13675,0.24175,0.49375,0.21225,0.0305657515115815,0.0248773001079124,5.51909302466227e-05,0.00742905984944412,0.00742905984944412,-0.765702729409932
"976",976,0.48775,0.27525,0.11925,0.27275,0.59425,0.76225,0.05975,0.35725,-0.0600334530608452,-0.0637542181984818,7.00372330187815e-05,0.00836882506799978,0.00836882506799978,-0.444598268861402
"977",977,0.48825,0.49825,0.42425,0.78925,0.09975,0.04375,0.91625,0.67925,0.0472061779317066,0.0500532755116805,6.58482866101143e-05,0.00811469571888647,0.00811469571888647,0.350856973397961
"978",978,0.48875,0.14025,0.79425,0.87525,0.43675,0.75425,0.18175,0.90875,0.115095527140796,0.0985202226843803,9.90790987163541e-05,0.00995384843748156,0.00995384843748156,-1.66521567618016
"979",979,0.48925,0.17175,0.00625,0.83575,0.07375,0.98775,0.95375,0.47025,-0.132998212360786,-0.14276154788847,0.00020148111868702,0.0141944044851139,0.0141944044851139,-0.687829879578472
"980",980,0.48975,0.52125,0.52625,0.90425,0.56925,0.74275,0.67975,0.97725,0.0135674684123437,0.00360769537558496,4.09242406781913e-05,0.00639720569297184,0.00639720569297184,-1.55689429334762
"981",981,0.49025,0.19175,0.38125,0.35625,0.43925,0.40675,0.97625,0.80425,-0.0916036145921511,-0.0939132317228417,5.49228657487701e-05,0.00741099627234896,0.00741099627234896,-0.311647320523958
"982",982,0.49075,0.38575,0.94775,0.92925,0.40575,0.55375,0.90825,0.94825,0.0101524097333357,0.00383800395626819,8.25556098258661e-05,0.00908601176676907,0.00908601176676907,-0.694959013828448
"983",983,0.49125,0.40525,0.17025,0.17175,0.91975,0.28575,0.93925,0.62125,-0.111568590134283,-0.111628561671583,1.6750735433821e-05,0.0040927662324913,0.0040927662324913,-0.0146530570995981
"984",984,0.49175,0.82625,0.09525,0.80725,0.69175,0.78925,0.17125,0.85475,0.0876712625830771,0.0875072418810933,8.54203672208935e-05,0.00924231395381554,0.00924231395381554,-0.0177467139510114
"985",985,0.49225,0.52325,0.78325,0.30325,0.83275,0.96425,0.42375,0.35625,-0.161255344958786,-0.158283411262163,2.2085618487095e-05,0.00469953385849012,0.00469953385849012,0.63238903817108
"986",986,0.49275,0.18225,0.12675,0.79225,0.61725,0.23475,0.61075,0.36975,0.0432825166806375,0.0521971718869909,2.10139194441767e-05,0.00458409417924378,0.00458409417924378,1.9446928570355
"987",987,0.49325,0.96875,0.80675,0.24275,0.25675,0.38075,0.28075,0.37075,-0.0265509034126625,-0.0271438270541516,3.27193453173086e-05,0.00572008263203501,0.00572008263203501,-0.103656481843193
"988",988,0.49375,0.09875,0.94975,0.52475,0.72725,0.16675,0.97425,0.49925,-0.0449948480797402,-0.0303845010296337,7.11955808588063e-05,0.00843774738059906,0.00843774738059906,1.73154591990987
"989",989,0.49425,0.16175,0.40175,0.21625,0.07775,0.61725,0.44125,0.84825,-0.0710932003189926,-0.0825222784075455,4.26273047813869e-05,0.00652895893549553,0.00652895893549553,-1.75052074939808
"990",990,0.49475,0.24275,0.83725,0.07525,0.63775,0.71475,0.58875,0.07525,-0.198401619012085,-0.195768702128433,1.54887614928266e-05,0.00393557638635392,0.00393557638635392,0.669004136924208
"991",991,0.49525,0.42075,0.03275,0.57725,0.25525,0.57625,0.35325,0.01775,-0.0476043623080975,-0.0505517036106436,4.3370416510793e-05,0.00658562195322454,0.00658562195322454,-0.447541830290301
"992",992,0.49575,0.33825,0.12525,0.33575,0.20525,0.02925,0.95625,0.69875,-0.0323915105050319,-0.0302150219074561,6.60563474161619e-05,0.00812750560849772,0.00812750560849772,0.26779293702365
"993",993,0.49625,0.12525,0.04825,0.22625,0.86025,0.90975,0.35725,0.83725,-0.11905263576856,-0.12990686975699,0.000105638372285662,0.0102780529423458,0.0102780529423458,-1.0560593576737
"994",994,0.49675,0.27575,0.87125,0.28425,0.63025,0.27775,0.25925,0.82825,0.0613879031503109,0.0626664722094935,1.24545070931774e-05,0.0035290943729486,0.0035290943729486,0.36229381367162
"995",995,0.49725,0.69425,0.77725,0.69075,0.61925,0.48075,0.54175,0.63475,0.0204807394245505,0.0228727020194259,7.81899768888087e-06,0.00279624707221677,0.00279624707221677,0.855418900082793
"996",996,0.49775,0.39025,0.04325,0.94925,0.82325,0.73625,0.23525,0.62025,0.0932886327874464,0.0914266286379156,2.62960814222122e-05,0.00512797049740072,0.00512797049740072,-0.363107422414893
"997",997,0.49825,0.95175,0.58825,0.28025,0.20625,0.98475,0.40975,0.91175,-0.127684690434758,-0.136553268088958,5.52671936488199e-05,0.00743419085367196,0.00743419085367196,-1.19294457577983
"998",998,0.49875,0.35175,0.60125,0.25525,0.66975,0.06075,0.17925,0.17875,0.0515544310019439,0.0450954379933438,2.97082335767121e-05,0.00545052599082988,0.00545052599082988,-1.18502196292007
"999",999,0.49925,0.52925,0.95125,0.91475,0.97275,0.97225,0.66625,0.35225,-0.0805320576196819,-0.07530905497645,9.0111109799788e-05,0.00949268717486192,0.00949268717486192,0.550213290190705
"1000",1000,0.49975,0.50375,0.41925,0.42075,0.30325,0.17225,0.73775,0.13125,-0.0590587038799679,-0.055665813567837,2.87510006650062e-05,0.00536199595906283,0.00536199595906283,0.632766294125278
"1001",1001,0.50025,0.32375,0.85875,0.98075,0.85475,0.72875,0.19025,0.59475,0.113176148109983,0.103243517059469,7.81889272046012e-05,0.00884245029415497,0.00884245029415497,-1.12328944128526
"1002",1002,0.50075,0.36625,0.28675,0.41175,0.26825,0.90875,0.23725,0.42275,-0.0880009514180778,-0.0971928512344443,4.73897326509436e-05,0.00688402009373474,0.00688402009373474,-1.33525174116389
"1003",1003,0.50125,0.31325,0.51725,0.41825,0.44475,0.53775,0.36175,0.72975,-0.000234914765896074,-0.00173648886137064,8.12604141426246e-06,0.0028506212330407,0.0028506212330407,-0.526753283835211
"1004",1004,0.50175,0.04025,0.17325,0.94125,0.39375,0.41425,0.00575,0.96975,0.297351768693906,0.270475981965615,0.000166545308232746,0.0129052434394995,0.0129052434394995,-2.08254783059972
"1005",1005,0.50225,0.37075,0.20475,0.02925,0.08725,0.26375,0.97375,0.69825,-0.128741301056581,-0.13256509601526,7.66552746199677e-05,0.00875529980183247,0.00875529980183247,-0.436740608000505
"1006",1006,0.50275,0.38725,0.08375,0.76375,0.13725,0.82125,0.11375,0.89625,0.0939453730956733,0.0745044997130248,0.000155947719119259,0.012487902911188,0.012487902911188,-1.55677646766706
"1007",1007,0.50325,0.86575,0.38775,0.48275,0.77225,0.94375,0.69275,0.74125,-0.128923129310214,-0.129824101866589,2.05729256106861e-05,0.00453573870617413,0.00453573870617413,-0.198638549250772
"1008",1008,0.50375,0.63575,0.62475,0.33975,0.68575,0.15975,0.70575,0.50825,-0.0271532429958142,-0.024321239513433,1.73097222320332e-05,0.00416049543107948,0.00416049543107948,0.680689001897644
"1009",1009,0.50425,0.73525,0.43875,0.02725,0.62025,0.72925,0.99175,0.14575,-0.244567206881336,-0.228765892912432,5.76124653976824e-05,0.00759028757015717,0.00759028757015717,2.08178067337399
"1010",1010,0.50475,0.60625,0.56675,0.81225,0.73325,0.08775,0.57275,0.26925,0.0766000287255527,0.0807078716028748,5.37377761134842e-05,0.00733060543976309,0.00733060543976309,0.560368841438404
"1011",1011,0.50525,0.25575,0.40875,0.43975,0.51375,0.67175,0.31175,0.44825,-0.0400546225430842,-0.0428578069868038,1.40201808614481e-05,0.00374435319667471,0.00374435319667471,-0.748643169188487
"1012",1012,0.50575,0.06375,0.58175,0.26625,0.84575,0.88625,0.22925,0.85575,-0.0761425507451169,-0.0828697180756399,2.91112663054599e-05,0.00539548573396872,0.00539548573396872,-1.24681403347438
"1013",1013,0.50625,0.18925,0.47775,0.88825,0.60725,0.21475,0.35475,0.49825,0.15201312548781,0.155039447536452,2.83042690452478e-05,0.00532017565924733,0.00532017565924733,0.568838745649636
"1014",1014,0.50675,0.73225,0.27175,0.90625,0.12625,0.78725,0.91575,0.10975,-0.107512918087344,-0.106681441451558,0.000102028160487058,0.0101008989940034,0.0101008989940034,0.0823170923973824
"1015",1015,0.50725,0.24575,0.24975,0.07825,0.11525,0.49175,0.20825,0.26875,-0.0755330807852439,-0.0806411825450585,4.50086227912862e-05,0.00670884660662965,0.00670884660662965,-0.761397906275991
"1016",1016,0.50775,0.93225,0.94725,0.58475,0.54975,0.10825,0.81325,0.39125,-0.0030193615810478,-0.000218339937604295,7.86364978578574e-05,0.00886772224744649,0.00886772224744649,0.315867092505076
"1017",1017,0.50825,0.95875,0.20525,0.83875,0.60175,0.54075,0.35125,0.28625,0.047296235241977,0.0531766296266616,3.43598472223013e-05,0.00586172732411713,0.00586172732411713,1.00318456651688
"1018",1018,0.50875,0.00075,0.44975,0.23925,0.56975,0.07175,0.76425,0.54575,-0.0337229778003354,-0.033044392094139,3.49737200658708e-05,0.00591385830620507,0.00591385830620507,0.11474500589309
"1019",1019,0.50925,0.42475,0.62775,0.34425,0.06375,0.40325,0.47675,0.88225,0.00604380731877288,0.000420860181412311,1.10198702688041e-05,0.00331961899452393,0.00331961899452393,-1.69385316406378
"1020",1020,0.50975,0.25675,0.71125,0.33625,0.16275,0.37025,0.79325,0.66725,-0.0658789138216448,-0.0659831802742559,2.24723766157499e-05,0.00474050383564341,0.00474050383564341,-0.0219948039757132
"1021",1021,0.51025,0.82025,0.25175,0.12225,0.47175,0.19975,0.78775,0.10425,-0.120918071441573,-0.117725553395552,6.18988390780618e-05,0.00786758152662314,0.00786758152662314,0.405781374519962
"1022",1022,0.51075,0.33025,0.66425,0.16325,0.44575,0.36775,0.47575,0.94025,-0.0192903143095109,-0.0218542089404228,1.18555369897743e-05,0.00344318703961523,0.00344318703961523,-0.744628334567154
"1023",1023,0.51125,0.30825,0.26075,0.93675,0.20825,0.62725,0.88525,0.44475,-0.0381562926251862,-0.0354013704519225,6.67850533023218e-05,0.00817221226488408,0.00817221226488408,0.3371084944895
"1024",1024,0.51175,0.74575,0.37975,0.10225,0.19925,0.36825,0.02475,0.02675,-0.0250650823512949,-0.0297744870301184,8.0958415732802e-05,0.00899768946634646,0.00899768946634646,-0.523401557303996
"1025",1025,0.51225,0.83625,0.80525,0.94775,0.05925,0.84225,0.53725,0.49975,-0.008404680935962,-0.026366014173206,5.41215862949096e-05,0.00735673747628047,0.00735673747628047,-2.44148079160834
"1026",1026,0.51275,0.31475,0.17425,0.48075,0.97125,0.19125,0.79875,0.22325,-0.047593341625494,-0.040993244489349,2.60172541388516e-05,0.00510071114050302,0.00510071114050302,1.29395626498742
"1027",1027,0.51325,0.87575,0.73625,0.38575,0.35375,0.76625,0.94675,0.58275,-0.15610552670152,-0.15605490522464,1.56542845094123e-05,0.00395654957120625,0.00395654957120625,0.0127943492098281
"1028",1028,0.51375,0.86525,0.98475,0.15825,0.98625,0.29225,0.37925,0.04025,-0.0692231828382596,-0.0698050534028307,0.000125757253690022,0.0112141541673914,0.0112141541673914,-0.0518871558109195
"1029",1029,0.51425,0.60225,0.09225,0.47325,0.59675,0.64025,0.39325,0.47875,-0.0362486135734398,-0.0321655335695088,3.24461731203141e-05,0.00569615423951232,0.00569615423951232,0.716813455578159
"1030",1030,0.51475,0.18525,0.69375,0.41425,0.77475,0.42425,0.47175,0.00675,-0.0653543173416422,-0.0655843449545605,2.20067553093773e-05,0.00469113582295134,0.00469113582295134,-0.0490345241749128
"1031",1031,0.51525,0.73025,0.77375,0.69725,0.13525,0.66025,0.72175,0.51525,-0.0526052531550743,-0.059186470336439,2.1080674723402e-05,0.00459136959124421,0.00459136959124421,-1.43338867642351
"1032",1032,0.51575,0.91575,0.56175,0.81325,0.13625,0.76525,0.94425,0.63725,-0.0750515913072868,-0.087142218609508,5.46343651516605e-05,0.00739150628435507,0.00739150628435507,-1.63574606272233
"1033",1033,0.51625,0.68325,0.67625,0.78125,0.95925,0.72175,0.15275,0.72275,0.100576092706227,0.0975656836925623,3.77061178156412e-05,0.00614053074380719,0.00614053074380719,-0.490252250051958
"1034",1034,0.51675,0.88125,0.97475,0.90575,0.25825,0.66425,0.53325,0.82075,0.0563910001713214,0.0431036564407581,4.6389929586539e-05,0.00681101531245812,0.00681101531245812,-1.95086093937555
"1035",1035,0.51725,0.63075,0.21075,0.99875,0.07825,0.43475,0.02975,0.17125,0.18668064940703,0.165017937997963,0.000122194785403635,0.0110541750213951,0.0110541750213951,-1.95968594373975
"1036",1036,0.51775,0.72975,0.66875,0.72575,0.96075,0.62925,0.93825,0.61075,-0.0660093834746139,-0.0572291917565273,2.15867388164624e-05,0.00464615312021272,0.00464615312021272,1.88977665843363
"1037",1037,0.51825,0.56125,0.69075,0.94625,0.13775,0.11925,0.03775,0.38675,0.281458593166761,0.255314363721085,0.000187525152674244,0.0136939823526337,0.0136939823526337,-1.90917651070638
"1038",1038,0.51875,0.24075,0.50425,0.64475,0.88075,0.08125,0.77675,0.35525,0.0208211484765563,0.0287016435200038,2.62850447426217e-05,0.00512689425896631,0.00512689425896631,1.53708944350968
"1039",1039,0.51925,0.14525,0.85775,0.00125,0.89475,0.50575,0.97725,0.65775,-0.174221183539796,-0.165237741038793,8.54540679572618e-05,0.00924413695037356,0.00924413695037356,0.971798941234852
"1040",1040,0.51975,0.24425,0.56425,0.72025,0.10175,0.24025,0.81375,0.89825,0.0556330052518144,0.052815746579228,5.81822964245402e-05,0.00762773206297522,0.00762773206297522,-0.369344209960034
"1041",1041,0.52025,0.10075,0.89775,0.44725,0.61225,0.67375,0.33425,0.86425,0.00252759471304611,-0.000346534841184203,1.39747427239649e-05,0.00373828071765148,0.00373828071765148,-0.768837273418017
"1042",1042,0.52075,0.70975,0.64175,0.44925,0.41325,0.65725,0.95575,0.74525,-0.111928619395206,-0.11457752072029,9.39643140092223e-06,0.00306535991376579,0.00306535991376579,-0.86414039447323
"1043",1043,0.52125,0.73775,0.57075,0.92125,0.53725,0.62475,0.98225,0.11625,-0.0825803955127831,-0.0693330035941355,6.70869220716175e-05,0.0081906606614862,0.0081906606614862,1.61737770201358
"1044",1044,0.52175,0.28025,0.18825,0.46875,0.82175,0.94875,0.48625,0.28775,-0.130787807464482,-0.133765479716891,2.44400100031762e-05,0.00494368384943619,0.00494368384943619,-0.602318502375231
"1045",1045,0.52225,0.87075,0.68275,0.29225,0.74425,0.69575,0.56925,0.45975,-0.114778882037334,-0.108332045296903,1.43996352988246e-05,0.00379468513829864,0.00379468513829864,1.69891216411211
"1046",1046,0.52275,0.00875,0.25225,0.25325,0.04625,0.02525,0.43225,0.05125,-0.00520807001661092,-0.00693947484954792,5.8658409109179e-05,0.00765887779698691,0.00765887779698691,-0.226065081442892
"1047",1047,0.52325,0.90425,0.59025,0.16175,0.24675,0.40525,0.67925,0.22775,-0.120181990442943,-0.11919599913335,2.77981863685656e-05,0.00527239854037663,0.00527239854037663,0.187010011106364
"1048",1048,0.52375,0.81675,0.09875,0.91875,0.94075,0.14575,0.06275,0.23575,0.239955333368625,0.233974655668258,0.000167904440967242,0.0129577946027571,0.0129577946027571,-0.461550586632579
"1049",1049,0.52425,0.24325,0.39175,0.87475,0.46325,0.63525,0.95175,0.49275,-0.0512814497919966,-0.0435658974551309,4.91462006166276e-05,0.00701043512320224,0.00701043512320224,1.10058109108374
"1050",1050,0.52475,0.18275,0.02925,0.75225,0.31925,0.57725,0.51375,0.55825,0.022970469512227,0.023159912303398,3.08871220880694e-05,0.00555761838273098,0.00555761838273098,0.0340870455876654
"1051",1051,0.52525,0.25225,0.01125,0.41675,0.51775,0.91425,0.28525,0.16225,-0.110813734249461,-0.118376774903274,7.22206195490568e-05,0.00849827156244473,0.00849827156244473,-0.889950456188683
"1052",1052,0.52575,0.51975,0.30675,0.30075,0.92975,0.33025,0.86075,0.62325,-0.0730517456581783,-0.0691497890620426,8.53976263789668e-06,0.00292228722713848,0.00292228722713848,1.33524061560387
"1053",1053,0.52625,0.72275,0.45575,0.51975,0.39775,0.00975,0.67575,0.10375,0.00519281113220778,0.00784149451671236,6.81109895839759e-05,0.00825293823943787,0.00825293823943787,0.320938229229374
"1054",1054,0.52675,0.47675,0.65225,0.94525,0.07525,0.86375,0.07525,0.61725,0.119770758425348,0.0873700687903036,0.000183733992857797,0.0135548512665317,0.0135548512665317,-2.39033900099258
"1055",1055,0.52725,0.43525,0.29075,0.52225,0.93175,0.26875,0.98875,0.29725,-0.0712292163310613,-0.0560404434152755,3.30789382544588e-05,0.00575142923580381,0.00575142923580381,2.6408693027522
"1056",1056,0.52775,0.01225,0.38525,0.75325,0.26875,0.95475,0.20525,0.19275,-0.0274167076652453,-0.0462194212733724,0.000104063873872153,0.0102011702207224,0.0102011702207224,-1.84319183008355
"1057",1057,0.52825,0.30225,0.16725,0.82225,0.65275,0.70525,0.98425,0.05975,-0.113909210354465,-0.0932019101389786,5.12707425418487e-05,0.00716035910704545,0.00716035910704545,2.89193599174536
"1058",1058,0.52875,0.88175,0.38375,0.43925,0.44175,0.51925,0.98025,0.94275,-0.0734586650858099,-0.0802881317100369,2.99190011466235e-05,0.00546982642746765,0.00546982642746765,-1.24857099485492
"1059",1059,0.52925,0.11475,0.09325,0.70575,0.67225,0.73875,0.14375,0.13025,0.0184022158803189,0.00904145063728034,5.76252742049107e-05,0.00759113128623862,0.00759113128623862,-1.23311860776377
"1060",1060,0.52975,0.45775,0.58575,0.05975,0.22625,0.66625,0.83275,0.75275,-0.167497258960639,-0.174935962175237,3.02627598852441e-05,0.00550115986726837,0.00550115986726837,-1.35220633358756
"1061",1061,0.53025,0.88275,0.32975,0.12275,0.60925,0.21325,0.16275,0.96525,0.0932432662992528,0.105106629938636,7.36568679048747e-05,0.00858235794551093,0.00858235794551093,1.38229653373854
"1062",1062,0.53075,0.61825,0.63675,0.08375,0.29975,0.59675,0.52875,0.84975,-0.097964470532227,-0.101519500768264,1.08629636397837e-05,0.00329590103610282,0.00329590103610282,-1.0786216567475
"1063",1063,0.53125,0.04325,0.55325,0.15425,0.93075,0.45025,0.19575,0.41125,-0.0225180832020088,-0.0278049019002311,4.1999065590795e-05,0.0064806686067716,0.0064806686067716,-0.815782910531507
"1064",1064,0.53175,0.43975,0.75425,0.32925,0.98725,0.22675,0.80725,0.32425,-0.0651817411980218,-0.0576441496032275,3.45833754520844e-05,0.00588076316918853,0.00588076316918853,1.2817369749366
"1065",1065,0.53225,0.22075,0.14175,0.42925,0.34675,0.37625,0.39625,0.82425,0.0542168800355434,0.0541435561131932,2.34978154691328e-05,0.00484745453502483,0.00484745453502483,-0.0151262733503535
"1066",1066,0.53275,0.19425,0.73975,0.62575,0.90775,0.50775,0.60775,0.13575,-0.0464416742215749,-0.0393014171394454,2.15537174350404e-05,0.00464259813413141,0.00464259813413141,1.53798732430357
"1067",1067,0.53325,0.70425,0.47025,0.14925,0.48375,0.52925,0.19475,0.17425,-0.0647273700138447,-0.0629173981966287,2.86308583801383e-05,0.00535078110000198,0.00535078110000198,0.33826310278612
"1068",1068,0.53375,0.62975,0.65475,0.32875,0.85775,0.35975,0.47875,0.75825,0.0111112906407071,0.0163357646488528,1.14608480553761e-05,0.00338538743061648,0.00338538743061648,1.54324257273984
"1069",1069,0.53425,0.48325,0.87725,0.64925,0.19725,0.25225,0.12875,0.80075,0.211720921209414,0.201413993565244,6.50515670135152e-05,0.00806545516468322,0.00806545516468322,-1.27791022747255
"1070",1070,0.53475,0.74175,0.18075,0.09275,0.51475,0.68825,0.89475,0.87775,-0.163150048785633,-0.170248614490766,5.08437125871228e-05,0.00713047772502816,0.00713047772502816,-0.995524560748133
"1071",1071,0.53525,0.96175,0.99675,0.20575,0.38625,0.15925,0.29425,0.68075,0.062592648408716,0.0668967172963569,7.94842272130133e-05,0.00891539271221483,0.00891539271221483,0.482768289246975
"1072",1072,0.53575,0.01975,0.29675,0.63175,0.55625,0.78425,0.32375,0.62925,0.00552132721140762,-0.00350376097825588,3.46622438515214e-05,0.00588746497667047,0.00588746497667047,-1.53293280306993
"1073",1073,0.53625,0.81625,0.96275,0.81125,0.84225,0.02175,0.10825,0.76175,0.317740901729611,0.298377462578603,0.000201482902741708,0.0141944673285653,0.0141944673285653,-1.36415398357644
"1074",1074,0.53675,0.76225,0.72925,0.99725,0.05375,0.96625,0.59375,0.01375,-0.0718555451882403,-0.0886001738042977,0.000124383343353265,0.0111527280677539,0.0111527280677539,-1.50139306852388
"1075",1075,0.53725,0.91675,0.88925,0.25425,0.64225,0.50875,0.72525,0.44525,-0.106089309560047,-0.0980736994066177,2.95660921917615e-05,0.00543747112100482,0.00543747112100482,1.47414302992161
"1076",1076,0.53775,0.23625,0.63025,0.07925,0.54475,0.11025,0.24275,0.03775,-0.0116199240184872,-0.0190471004758391,3.05180904299463e-05,0.0055243180963759,0.0055243180963759,-1.34445126579954
"1077",1077,0.53825,0.66725,0.75725,0.83075,0.00875,0.62825,0.92225,0.21975,-0.0742197137433104,-0.0742759066072811,7.58825935053146e-05,0.00871106156018396,0.00871106156018396,-0.00645074811863807
"1078",1078,0.53875,0.20875,0.85325,0.07075,0.05275,0.32225,0.24925,0.60175,-0.00358621863287503,-0.00226929022568014,4.01852681367776e-05,0.00633918513192174,0.00633918513192174,0.207744115338001
"1079",1079,0.53925,0.23325,0.99125,0.10625,0.85825,0.21775,0.09625,0.01325,0.00341302868248611,-0.00770539860771096,9.78386108900422e-05,0.0098913401968612,0.0098913401968612,-1.12405670707042
"1080",1080,0.53975,0.58775,0.59425,0.91375,0.17825,0.75175,0.78725,0.04975,-0.0755699900664641,-0.0750509713395209,6.65421136543407e-05,0.00815733496028823,0.00815733496028823,0.0636260162749106
"1081",1081,0.54025,0.60125,0.80375,0.77375,0.03425,0.11075,0.33125,0.72475,0.204105079349626,0.197191706759159,3.56428335251815e-05,0.00597016193458615,0.00597016193458615,-1.15798744928788
"1082",1082,0.54075,0.39325,0.76075,0.63575,0.37025,0.00775,0.74525,0.31075,0.0427377743060778,0.0502843249368441,4.21059285544687e-05,0.00648890811727741,0.00648890811727741,1.16299237011429
"1083",1083,0.54125,0.93275,0.20075,0.16025,0.12575,0.87725,0.56575,0.91475,-0.140990228541179,-0.152531184253248,8.94340921577937e-05,0.00945695998499484,0.00945695998499484,-1.22036634715392
"1084",1084,0.54175,0.14625,0.48625,0.27225,0.54325,0.80675,0.40325,0.21825,-0.128327175306355,-0.133406543114455,1.1508538771003e-05,0.00339242373105174,0.00339242373105174,-1.49726809231028
"1085",1085,0.54225,0.77775,0.01925,0.14625,0.49525,0.65575,0.27225,0.55575,-0.0714597194045501,-0.0617105426064487,6.17444383778471e-05,0.00785776293723902,0.00785776293723902,1.2407064040961
"1086",1086,0.54275,0.11525,0.77775,0.97925,0.79825,0.27275,0.67475,0.12825,0.051530844927534,0.0630497957378894,9.31325806716697e-05,0.00965052230045969,0.00965052230045969,1.19360905573025
"1087",1087,0.54325,0.11125,0.93275,0.38175,0.51175,0.46525,0.91075,0.20375,-0.119715938245668,-0.100337128669435,5.77964624816749e-05,0.00760239846901456,0.00760239846901456,2.54903891912744
"1088",1088,0.54375,0.04375,0.83975,0.58025,0.07975,0.02875,0.50025,0.15525,0.0638297258169351,0.0686471389596808,4.75229343903838e-05,0.00689368801080988,0.00689368801080988,0.698815080576839
"1089",1089,0.54425,0.12125,0.73325,0.87725,0.66875,0.19425,0.88875,0.76925,0.0782071953590772,0.0859038880130819,7.96197986556109e-05,0.00892299269615362,0.00892299269615362,0.862568525616126
"1090",1090,0.54475,0.29675,0.47225,0.93875,0.67475,0.72725,0.72125,0.16625,-0.042008809639366,-0.0327662079248748,3.0641087775014e-05,0.00553543925763927,0.00553543925763927,1.66971423301878
"1091",1091,0.54525,0.45825,0.29975,0.30625,0.47025,0.10125,0.58375,0.30325,-0.00373097629020408,6.2642551165849e-05,2.24279358530632e-05,0.00473581417003067,0.00473581417003067,0.801048923198218
"1092",1092,0.54575,0.52675,0.98075,0.09725,0.21975,0.00875,0.31625,0.89325,0.0958855841261009,0.0982251550878342,9.73324749405811e-05,0.00986572222093148,0.00986572222093148,0.237141377928682
"1093",1093,0.54625,0.29325,0.30025,0.85375,0.01725,0.81625,0.14475,0.74225,0.112861926502635,0.085561422301007,0.000152642679527047,0.0123548646098226,0.0123548646098226,-2.20969675215405
"1094",1094,0.54675,0.86275,0.11875,0.57775,0.50575,0.56675,0.09975,0.97225,0.148014725745875,0.152861183080348,0.000108641175624148,0.0104231077718763,0.0104231077718763,0.464972390245234
"1095",1095,0.54725,0.85225,0.16175,0.01725,0.77775,0.99825,0.63225,0.71975,-0.215920401563012,-0.212386386485447,6.28060561663946e-05,0.00792502720288042,0.00792502720288042,0.445930971225
"1096",1096,0.54775,0.86475,0.28225,0.68875,0.59525,0.23125,0.03275,0.30825,0.198655944281199,0.194532353585275,7.41542489756884e-05,0.00861128613946188,0.00861128613946188,-0.47885886372157
"1097",1097,0.54825,0.90925,0.07225,0.87025,0.28825,0.04325,0.84725,0.26675,0.0556581262595612,0.0676267483900137,0.00016452464283888,0.0128267159802843,0.0128267159802843,0.93310104853411
"1098",1098,0.54875,0.36575,0.46975,0.15575,0.22975,0.73475,0.33375,0.20275,-0.125861093993528,-0.131325203093771,1.6677204683329e-05,0.00408377333887778,0.00408377333887778,-1.33800498872558
"1099",1099,0.54925,0.65175,0.82175,0.28225,0.16875,0.07475,0.93725,0.05325,-0.087040812314158,-0.0761375834635307,0.000132637794619641,0.01151684829368,0.01151684829368,0.946719846662439
"1100",1100,0.54975,0.88425,0.44125,0.32175,0.76525,0.63175,0.31025,0.58225,-0.0273795002944029,-0.0162152112546063,2.05770032746872e-05,0.00453618818775051,0.00453618818775051,2.46116090817056
"1101",1101,0.55025,0.93325,0.79025,0.90175,0.05325,0.92025,0.34225,0.66975,0.0405132248156691,0.0150013472196706,0.000106611364755691,0.0103252779505295,0.0103252779505295,-2.47081751389465
"1102",1102,0.55075,0.68075,0.73825,0.83325,0.04125,0.25075,0.50125,0.24175,0.0829335519695924,0.0789458744714152,3.69509327095203e-05,0.00607872788579323,0.00607872788579323,-0.656005265097804
"1103",1103,0.55125,0.61275,0.91125,0.49825,0.30375,0.04775,0.15175,0.83775,0.233026138411928,0.227215130490106,7.34099546816405e-05,0.00856796094071632,0.00856796094071632,-0.678225304950584
"1104",1104,0.55175,0.07175,0.63975,0.97275,0.48825,0.18675,0.56325,0.70575,0.171108363714732,0.175223465130944,6.94384297277382e-05,0.00833297244251643,0.00833297244251643,0.493833556344907
"1105",1105,0.55225,0.19725,0.82425,0.34525,0.78925,0.02275,0.36025,0.08475,0.0467564463624392,0.0412983160130878,4.86440064720094e-05,0.0069745255374118,0.0069745255374118,-0.782580882394599
"1106",1106,0.55275,0.09375,0.10975,0.93575,0.32575,0.43525,0.15475,0.68525,0.225115346271007,0.212920935978893,7.51395972274654e-05,0.00866830994066694,0.00866830994066694,-1.4067806037835
"1107",1107,0.55325,0.89725,0.85675,0.45225,0.93725,0.97275,0.08275,0.32975,-0.0510046234473158,-0.0458418376121236,0.000180566412723676,0.013437500240881,0.013437500240881,0.384207311080481
"1108",1108,0.55375,0.21475,0.57525,0.69125,0.68725,0.05375,0.16875,0.48775,0.226847073370323,0.219854241805457,2.95342103682038e-05,0.00543453865274724,0.00543453865274724,-1.28673876692937
"1109",1109,0.55425,0.68925,0.12325,0.22425,0.22525,0.52575,0.95125,0.60425,-0.128757807272517,-0.129735231153784,1.41818840398351e-05,0.00376588423080624,0.00376588423080624,-0.259546980566029
"1110",1110,0.55475,0.68775,0.41875,0.24775,0.83625,0.44875,0.48575,0.17225,-0.074583435912629,-0.068958994904593,4.2538174553311e-05,0.00652212960261531,0.00652212960261531,0.862362656176085
"1111",1111,0.55525,0.06075,0.51075,0.66275,0.21475,0.91725,0.94125,0.61775,-0.117102656828034,-0.123917025671908,8.61551916259043e-05,0.00928198209575435,0.00928198209575435,-0.734150181887438
"1112",1112,0.55575,0.85125,0.71025,0.95425,0.94125,0.33775,0.27875,0.52675,0.19274456092455,0.191102924998633,7.50750415909706e-05,0.00866458548292823,0.00866458548292823,-0.189465027398196
"1113",1113,0.55625,0.43875,0.99625,0.81925,0.86975,0.76825,0.13175,0.07775,0.0459776479563752,0.032227293051352,0.000163338366998076,0.0127803899392028,0.0127803899392028,-1.07589478649983
"1114",1114,0.55675,0.18775,0.68225,0.11025,0.22875,0.24325,0.74675,0.06525,-0.11311838498197,-0.106203768949205,5.79419253988607e-05,0.00761195936660599,0.00761195936660599,0.908388458180653
"1115",1115,0.55725,0.07575,0.64075,0.51475,0.47275,0.67975,0.53425,0.94375,-0.00272393851279985,-0.0119734909916252,3.64032887290008e-05,0.00603351379620539,0.00603351379620539,-1.5330291420967
"1116",1116,0.55775,0.17525,0.37325,0.15875,0.57025,0.55275,0.00875,0.80875,0.0508437190431032,0.0481190545974159,2.60889908698138e-05,0.00510773833215972,0.00510773833215972,-0.533438533554481
"1117",1117,0.55825,0.46725,0.34475,0.10775,0.18675,0.50525,0.38525,0.83025,-0.0376511017027784,-0.0394014974745781,1.51135527941283e-05,0.00388761530943177,0.00388761530943177,-0.450249222846987
"1118",1118,0.55875,0.48975,0.40525,0.18825,0.53125,0.52225,0.12825,0.39025,-0.0079863495987065,-0.00502324317960904,2.02121114986099e-05,0.00449578819547918,0.00449578819547918,0.659084968032316
"1119",1119,0.55925,0.04425,0.88975,0.29875,0.22375,0.03625,0.71125,0.40825,-0.000391858850271351,0.00851954032037078,7.62239764397484e-05,0.00873063436639907,0.00873063436639907,1.02070465863726
"1120",1120,0.55975,0.81025,0.47275,0.31575,0.81775,0.50675,0.40125,0.12675,-0.0597956663282779,-0.0531269593296578,4.34870897770735e-05,0.00659447418503352,0.00659447418503352,1.01125682071135
"1121",1121,0.56025,0.29125,0.62375,0.46175,0.12075,0.61825,0.84475,0.55775,-0.0886814193531075,-0.090477700189028,1.82925705845263e-05,0.0042769814804984,0.0042769814804984,-0.419987985477827
"1122",1122,0.56075,0.95475,0.42925,0.69675,0.87725,0.01175,0.70425,0.41425,0.0838365831616712,0.0913170263234311,0.000112873293130386,0.010624184351299,0.010624184351299,0.704095760616699
"1123",1123,0.56125,0.64175,0.13775,0.54675,0.57875,0.10675,0.60875,0.94075,0.117764154233129,0.123169170779323,3.49590536625102e-05,0.0059126181732385,0.0059126181732385,0.914149432252875
"1124",1124,0.56175,0.40875,0.55225,0.77275,0.55925,0.79775,0.18375,0.33875,0.0480243443849442,0.0374184508374978,3.13971543356663e-05,0.00560331636940716,0.00560331636940716,-1.89278863591429
"1125",1125,0.56225,0.31025,0.16375,0.29775,0.56875,0.22575,0.82675,0.28725,-0.0665068873462075,-0.0584651616010362,1.26768989310314e-05,0.00356046330286262,0.00356046330286262,2.25861778682166
"1126",1126,0.56275,0.35225,0.45125,0.21075,0.36675,0.89525,0.37075,0.47575,-0.128569672801986,-0.134812708605788,1.51385498173949e-05,0.00389082893705119,0.00389082893705119,-1.60455160193538
"1127",1127,0.56325,0.65225,0.70675,0.39025,0.13925,0.71725,0.76225,0.44125,-0.117656723329794,-0.12089773654111,9.84606750381326e-06,0.0031378444040158,0.0031378444040158,-1.03287887926124
"1128",1128,0.56375,0.91425,0.02975,0.27925,0.75575,0.92125,0.39125,0.66275,-0.107348499944681,-0.0954233498070109,7.0612279676236e-05,0.00840311130928515,0.00840311130928515,1.41913509160509
"1129",1129,0.56425,0.64125,0.95075,0.18925,0.28275,0.63875,0.54675,0.42575,-0.11018837260336,-0.106753224492271,1.67499830862017e-05,0.00409267431958636,0.00409267431958636,0.839340695801122
"1130",1130,0.56475,0.01525,0.18625,0.42025,0.58275,0.24725,0.99075,0.68175,-0.0363076509110766,-0.0315768876880633,7.75496732960902e-05,0.00880622923254274,0.00880622923254274,0.537206458983731
"1131",1131,0.56525,0.76625,0.53825,0.61575,0.72425,0.95275,0.10025,0.30875,-0.00780331651801683,-0.0124424680928641,8.77755516405113e-05,0.00936886074400251,0.00936886074400251,-0.49516709679104
"1132",1132,0.56575,0.66875,0.90825,0.93125,0.33675,0.36725,0.20075,0.56875,0.215762936715582,0.201722895873206,8.76939452077494e-05,0.00936450453615937,0.00936450453615937,-1.49928282784881
"1133",1133,0.56625,0.71875,0.97125,0.16575,0.31275,0.11325,0.72725,0.44325,-0.0378948720019662,-0.0330329458934439,7.85796513901636e-05,0.00886451642167601,0.00886451642167601,0.548470539987229
"1134",1134,0.56675,0.93625,0.54725,0.98175,0.67425,0.13575,0.92275,0.28325,0.0550467406043656,0.0653178853039821,0.00010976437451287,0.0104768494554838,0.0104768494554838,0.980365781073657
"1135",1135,0.56725,0.80325,0.08075,0.85625,0.23825,0.94475,0.21025,0.48725,0.0445391602195135,0.0312284210108742,0.000115476425928786,0.010745995809081,0.010745995809081,-1.23866968172377
"1136",1136,0.56775,0.51825,0.67425,0.14275,0.76225,0.03175,0.72275,0.99575,0.0300601730403629,0.0250082027678935,4.34734346842003e-05,0.00659343876017668,0.00659343876017668,-0.766211753263334
"1137",1137,0.56825,0.83975,0.78275,0.89875,0.10475,0.30975,0.81925,0.07225,0.00528733700217634,0.00608450908948611,9.22426584391068e-05,0.00960430416215078,0.00960430416215078,0.0830015453333218
"1138",1138,0.56875,0.10375,0.34025,0.49775,0.32225,0.44525,0.05825,0.27725,0.0970459741740354,0.0857445062092078,4.52090998514768e-05,0.0067237712521677,0.0067237712521677,-1.68082279140357
"1139",1139,0.56925,0.98275,0.21425,0.37425,0.84425,0.25975,0.96075,0.44425,-0.0628314709477348,-0.0490089143959431,7.32893405258925e-05,0.0085609193738694,0.0085609193738694,1.61461122902085
"1140",1140,0.56975,0.59875,0.56225,0.52075,0.60475,0.72525,0.42925,0.06375,-0.0703785099558639,-0.069232732936703,1.44786320080236e-05,0.00380507976368743,0.00380507976368743,0.301117740052457
"1141",1141,0.57025,0.59825,0.79375,0.56525,0.44075,0.40475,0.37475,0.98525,0.121221255847488,0.120577352155572,1.5722877011619e-05,0.00396520831881744,0.00396520831881744,-0.162388364026239
"1142",1142,0.57075,0.08025,0.72525,0.42875,0.64575,0.94425,0.45475,0.56375,-0.0949200572949137,-0.101155813974137,1.34882527491295e-05,0.00367263566789975,0.00367263566789975,-1.69789689016153
"1143",1143,0.57125,0.89775,0.34675,0.52525,0.23325,0.42175,0.15675,0.53875,0.11379959832838,0.117017008830325,3.33302889263181e-05,0.0057732390324945,0.0057732390324945,0.557297295995522
"1144",1144,0.57175,0.12075,0.17625,0.36425,0.80375,0.94975,0.94825,0.49525,-0.182148167467781,-0.178728951817912,8.25896040203619e-05,0.00908788226268155,0.00908788226268155,0.376238990673289
"1145",1145,0.57225,0.72575,0.98325,0.56225,0.23225,0.27375,0.76975,0.63825,0.0223441660147791,0.0230637529861161,2.44837280350425e-05,0.00494810347861102,0.00494810347861102,0.145426823518855
"1146",1146,0.57275,0.12275,0.15525,0.56825,0.70275,0.15425,0.39925,0.93375,0.172601115398014,0.173509504276181,3.24210078142791e-05,0.00569394483765685,0.00569394483765685,0.159535946354691
"1147",1147,0.57325,0.91725,0.61425,0.22325,0.06625,0.60175,0.39875,0.37325,-0.0720942010836058,-0.072543958852592,1.88753887550412e-05,0.004344581539693,0.004344581539693,-0.103521539388114
"1148",1148,0.57375,0.00125,0.81975,0.34925,0.37075,0.54775,0.98075,0.01675,-0.153709774504455,-0.127331628299845,0.000108520377933994,0.010417311454209,0.010417311454209,2.53214529685125
"1149",1149,0.57425,0.26225,0.76675,0.38025,0.58575,0.95375,0.30975,0.51675,-0.0852852263636857,-0.0904205674737597,1.22177804459717e-05,0.00349539417605107,0.00349539417605107,-1.4691736758215
"1150",1150,0.57475,0.85325,0.35725,0.66425,0.22425,0.23725,0.12575,0.15375,0.152080965196241,0.14633722830882,5.79531299068183e-05,0.00761269531157121,0.00761269531157121,-0.75449451900309
"1151",1151,0.57525,0.28425,0.63625,0.09325,0.30225,0.95125,0.91825,0.47425,-0.22955075205653,-0.228963036286936,6.16280275598587e-05,0.00785035206598142,0.00785035206598142,0.0748648932753966
"1152",1152,0.57575,0.89325,0.17725,0.10275,0.53375,0.95525,0.78225,0.65075,-0.20390814030394,-0.204663939470755,5.02580957790868e-05,0.00708929444860959,0.00708929444860959,-0.10661133802437
"1153",1153,0.57625,0.78425,0.38275,0.06825,0.99425,0.32675,0.92825,0.02725,-0.155757259086054,-0.140059816289405,0.00010824715551754,0.010404189325341,0.010404189325341,1.50876174065917
"1154",1154,0.57675,0.70825,0.12025,0.38125,0.27975,0.05625,0.50225,0.17525,0.0355566016699427,0.0422835342287808,7.40456005102921e-05,0.00860497533467076,0.00860497533467076,0.781749197087673
"1155",1155,0.57725,0.37875,0.63125,0.55975,0.67175,0.75575,0.56425,0.31725,-0.0658333597741696,-0.0626039389045217,3.94674659143231e-06,0.00198664203907808,0.00198664203907808,1.62556756885429
"1156",1156,0.57775,0.42425,0.87375,0.99425,0.04675,0.66175,0.87875,0.92175,0.0415978018127056,0.0213501122372078,0.000162093213868925,0.0127315833213676,0.0127315833213676,-1.59035125988736
"1157",1157,0.57825,0.43025,0.06625,0.59625,0.83725,0.08325,0.97775,0.46525,0.0117501707873327,0.0263764044459433,5.02249675207473e-05,0.0070869575644805,0.0070869575644805,2.063824077615
"1158",1158,0.57875,0.37125,0.18425,0.99125,0.02025,0.56225,0.02225,0.13875,0.186362041804332,0.154497741104725,0.000150728794881187,0.012277165588245,0.012277165588245,-2.5954118212852
"1159",1159,0.57925,0.65125,0.43575,0.27125,0.46775,0.25825,0.12975,0.53825,0.103650173834436,0.110550740285078,1.87216878955679e-05,0.00432685658366069,0.00432685658366069,1.59482208786404
"1160",1160,0.57975,0.46475,0.63325,0.17225,0.00325,0.93475,0.66075,0.04575,-0.210672719715216,-0.21606958609329,4.35698265592104e-05,0.00660074439432481,0.00660074439432481,-0.817614810643798
"1161",1161,0.58025,0.99725,0.67525,0.18875,0.38025,0.62625,0.96375,0.46375,-0.15781374101828,-0.15154799230638,3.0725429075647e-05,0.00554305232481591,0.00554305232481591,1.13037877774464
"1162",1162,0.58075,0.69275,0.91625,0.69325,0.54025,0.57475,0.69375,0.57925,0.000793946528080584,0.00374019715176444,7.96739965494656e-06,0.00282265826038976,0.00282265826038976,1.04378580468931
"1163",1163,0.58125,0.35275,0.73225,0.65225,0.54425,0.05525,0.74875,0.23075,0.0453009211862531,0.0554377246162291,4.50409040682274e-05,0.00671125204922505,0.00671125204922505,1.51041912233746
"1164",1164,0.58175,0.86875,0.90875,0.76275,0.74125,0.34575,0.00175,0.52275,0.251954137702721,0.233489052152474,0.000160819514869226,0.0126814634356302,0.0126814634356302,-1.45606898162612
"1165",1165,0.58225,0.59425,0.99875,0.52325,0.86225,0.52425,0.06775,0.40175,0.103566455221466,0.0982250183884058,7.87175707742643e-05,0.00887229230662879,0.00887229230662879,-0.602035713934879
"1166",1166,0.58275,0.26775,0.39575,0.50775,0.88475,0.35125,0.65275,0.30375,-0.0107721174498253,-0.00261358682287558,1.42571403781389e-05,0.00377586286537778,0.00377586286537778,2.16070628564352
"1167",1167,0.58325,0.76575,0.68025,0.54225,0.09225,0.39775,0.56875,0.66875,0.0410155033156588,0.0384547476462362,7.22368898676043e-06,0.00268769213020398,0.00268769213020398,-0.952771204947589
"1168",1168,0.58375,0.92675,0.08525,0.82725,0.07175,0.79025,0.88575,0.20525,-0.0828647659603096,-0.0822620459874495,7.83605521712902e-05,0.00885214957912993,0.00885214957912993,0.0680874139633936
"1169",1169,0.58425,0.89175,0.43975,0.25675,0.47575,0.33725,0.26125,0.44175,0.0367209964685851,0.0476042675308271,2.50620544901311e-05,0.0050062016030251,0.0050062016030251,2.17395780778496
"1170",1170,0.58475,0.04675,0.34275,0.63225,0.32875,0.92675,0.47325,0.04325,-0.0928047128000348,-0.102067965760478,3.68383119630889e-05,0.00606945730383606,0.00606945730383606,-1.52620778048617
"1171",1171,0.58525,0.91625,0.51525,0.62175,0.84925,0.96275,0.39575,0.64775,-0.0321406231830939,-0.0277003981274439,3.88657707491811e-05,0.00623424179425061,0.00623424179425061,0.712231768062782
"1172",1172,0.58575,0.65325,0.93625,0.43425,0.73725,0.45075,0.47275,0.03575,-0.0377671581261457,-0.0331016081045971,4.63901211815471e-05,0.00681102937752782,0.00681102937752782,0.684999250912355
"1173",1173,0.58625,0.15425,0.65975,0.21675,0.43025,0.65775,0.30575,0.67025,-0.035071292164411,-0.0377027745221084,7.16737749381768e-06,0.00267719582657259,0.00267719582657259,-0.98292486921522
"1174",1174,0.58675,0.31075,0.88025,0.67375,0.76625,0.25175,0.07775,0.65575,0.248562982647846,0.234104095514782,5.40243690716461e-05,0.00735012714663128,0.00735012714663128,-1.96716149865391
"1175",1175,0.58725,0.55475,0.01175,0.77875,0.20275,0.28975,0.88025,0.28475,0.00841785956614526,0.0237835576375644,7.19009642358997e-05,0.00847944362773288,0.00847944362773288,1.81211158962884
"1176",1176,0.58775,0.58975,0.37225,0.80225,0.64975,0.84375,0.15075,0.56075,0.0910482083735912,0.0811151629258149,4.80991189819101e-05,0.00693535283759306,0.00693535283759306,-1.43223361238873
"1177",1177,0.58825,0.87775,0.23675,0.72925,0.17975,0.52675,0.13975,0.46425,0.142696449689035,0.138399030110652,5.53785735795314e-05,0.0074416781426995,0.0074416781426995,-0.57747990385729
"1178",1178,0.58875,0.46675,0.96325,0.70775,0.97775,0.75325,0.23375,0.90225,0.107851610138112,0.100724645375285,7.72804409655867e-05,0.00879092947108476,0.00879092947108476,-0.810718000442286
"1179",1179,0.58925,0.12675,0.39775,0.93225,0.09825,0.62125,0.26675,0.68875,0.162200555729361,0.143000351962856,8.16212304811793e-05,0.0090344468829685,0.0090344468829685,-2.12522183319277
"1180",1180,0.58975,0.56875,0.02325,0.47875,0.71475,0.14125,0.77625,0.73475,0.0497019143330497,0.0567572362346824,2.57319574579302e-05,0.00507266768652651,0.00507266768652651,1.39085040409257
"1181",1181,0.59025,0.99375,0.03825,0.82275,0.89425,0.00825,0.62325,0.50375,0.1551233224141,0.170839329226708,0.000212523907553451,0.0145781997363684,0.0145781997363684,1.07804853115032
"1182",1182,0.59075,0.42375,0.88275,0.23275,0.78025,0.78625,0.73875,0.99525,-0.108170781276363,-0.113092144028042,4.59564550322841e-05,0.00677911904544271,0.00677911904544271,-0.725959039617016
"1183",1183,0.59125,0.29375,0.31475,0.00975,0.28125,0.24225,0.01875,0.83575,0.11181206186497,0.116701466332541,4.69853632881113e-05,0.00685458702535108,0.00685458702535108,0.713304018095907
"1184",1184,0.59175,0.00025,0.96175,0.32275,0.32975,0.33825,0.13625,0.68675,0.119908860316421,0.11596438336492,3.16799655694123e-05,0.00562849585319314,0.00562849585319314,-0.700804807249389
"1185",1185,0.59225,0.84925,0.97225,0.75275,0.93675,0.08925,0.80975,0.03075,0.0265349426577262,0.0327528393432555,0.000187710371712549,0.0137007434729853,0.0137007434729853,0.453836443094461
"1186",1186,0.59275,0.43725,0.55575,0.92425,0.65725,0.95925,0.90075,0.05825,-0.106805586463986,-0.0902767756255663,5.75935093484497e-05,0.00758903876314054,0.00758903876314054,2.17798476912505
"1187",1187,0.59325,0.75225,0.04575,0.90325,0.95425,0.34025,0.75275,0.79425,0.110033921081225,0.123567707571713,6.425131420751e-05,0.00801569174853362,0.00801569174853362,1.68841154513755
"1188",1188,0.59375,0.24625,0.39925,0.76725,0.04225,0.18275,0.15875,0.73175,0.275913828008226,0.264587724537341,4.68609819754766e-05,0.00684550816050033,0.00684550816050033,-1.65453070909161
"1189",1189,0.59425,0.69725,0.49225,0.94025,0.30425,0.96475,0.30375,0.94975,0.100979587022095,0.0735928787122984,0.000150847291750564,0.012281990545126,0.012281990545126,-2.22982652601575
"1190",1190,0.59475,0.22775,0.76575,0.08525,0.20575,0.16825,0.61775,0.26575,-0.0515368403653658,-0.0465500036474479,3.64325829234545e-05,0.00603594093107731,0.00603594093107731,0.826190444018782
"1191",1191,0.59525,0.51325,0.44875,0.79475,0.29225,0.22025,0.49825,0.68775,0.162355519594186,0.165762420671905,1.95385472960862e-05,0.00442024290012282,0.00442024290012282,0.770749742649736
"1192",1192,0.59575,0.26725,0.33975,0.64125,0.42375,0.55225,0.99525,0.65275,-0.0440158071599505,-0.0395504295876169,4.53524443619981e-05,0.00673442234805615,0.00673442234805615,0.663067645827486
"1193",1193,0.59625,0.05325,0.08975,0.25975,0.56275,0.79525,0.71675,0.27175,-0.153628332699498,-0.155265284021661,3.45862506235715e-05,0.00588100761975118,0.00588100761975118,-0.278345383649116
"1194",1194,0.59675,0.00775,0.12975,0.24725,0.42975,0.20075,0.83925,0.16425,-0.0721143061821371,-0.0635427412957912,4.52129305964115e-05,0.0067240561119321,0.0067240561119321,1.27476105845329
"1195",1195,0.59725,0.50425,0.38725,0.68125,0.21425,0.06625,0.11325,0.12475,0.209244423114243,0.198562265871869,5.4194418214463e-05,0.00736168582693278,0.00736168582693278,-1.45104769389821
"1196",1196,0.59775,0.47325,0.60175,0.66325,0.25475,0.88675,0.77925,0.23775,-0.10613629559849,-0.107073941249136,1.09607542020275e-05,0.00331070297701674,0.00331070297701674,-0.283216482165641
"1197",1197,0.59825,0.19375,0.05775,0.97075,0.78175,0.05875,0.07475,0.98875,0.448342266772545,0.41911647796246,0.000163041828703318,0.0127687833681725,0.0127687833681725,-2.28884678887523
"1198",1198,0.59875,0.49725,0.39125,0.34375,0.18025,0.38425,0.84625,0.12425,-0.0924904516701899,-0.0838506326689251,1.97446943380186e-05,0.00444350023495202,0.00444350023495202,1.9443723516216
"1199",1199,0.59925,0.15325,0.91425,0.65275,0.30275,0.99225,0.91425,0.28075,-0.14163291177678,-0.133697149051373,4.58281602288318e-05,0.0067696499339945,0.0067696499339945,1.17225599592037
"1200",1200,0.59975,0.17975,0.81025,0.39825,0.68975,0.46825,0.38425,0.34475,0.00773306938129296,0.00992480012585078,1.01353060163787e-05,0.0031835995376898,0.0031835995376898,0.688444233833588
"1201",1201,0.60025,0.97875,0.81125,0.40125,0.61075,0.76025,0.10575,0.68125,0.0387884022244728,0.0464131775453931,0.000105179112109021,0.010255686818006,0.010255686818006,0.743468034489256
"1202",1202,0.60075,0.91325,0.32225,0.63975,0.49175,0.19925,0.50375,0.34275,0.0905368250972105,0.100478608867546,5.81195671812096e-05,0.00762361903437007,0.00762361903437007,1.30407667611856
"1203",1203,0.60125,0.79725,0.32275,0.02975,0.53775,0.75925,0.60575,0.50775,-0.159472940128566,-0.155312825525482,1.97649703631099e-05,0.00444578118704799,0.00444578118704799,0.935744344594323
"1204",1204,0.60175,0.43075,0.27025,0.66025,0.79525,0.41625,0.59775,0.47225,0.0442612521996684,0.0545425786931492,1.58083543098699e-05,0.00397597212136478,0.00397597212136478,2.58586483497567
"1205",1205,0.60225,0.56975,0.52225,0.62925,0.00975,0.11225,0.41925,0.84525,0.194512852037409,0.193710353682658,2.1544222807155e-05,0.00464157546606269,0.00464157546606269,-0.172893527341861
"1206",1206,0.60275,0.71225,0.84375,0.29125,0.14325,0.95975,0.18775,0.82375,-0.0492922752788659,-0.0544081680417849,0.000158509538567056,0.012590057131207,0.012590057131207,-0.406343887847675
"1207",1207,0.60325,0.51125,0.46375,0.96525,0.54575,0.43675,0.57925,0.08175,0.0600492712712476,0.0681580052948595,3.45527008784145e-05,0.00587815454699981,0.00587815454699981,1.37946934854759
"1208",1208,0.60375,0.91075,0.07425,0.93975,0.12675,0.32325,0.95025,0.97575,0.102625747098164,0.0907591438546949,0.000153269625115839,0.012380211028728,0.012380211028728,-0.958513810138851
"1209",1209,0.60425,0.79925,0.37375,0.57525,0.62475,0.37275,0.24475,0.48975,0.124681102373526,0.133291256101835,1.69392713720121e-05,0.00411573460903544,0.00411573460903544,2.09200897196014
"1210",1210,0.60475,0.52475,0.97775,0.28525,0.53825,0.82975,0.94925,0.10025,-0.193529653818487,-0.172687847041474,6.00797788173916e-05,0.00775111468225001,0.00775111468225001,2.68887864925294
"1211",1211,0.60525,0.18175,0.53525,0.10025,0.73425,0.42675,0.85075,0.11725,-0.141944932708868,-0.131527121423497,3.09412744271109e-05,0.00556248815073892,0.00556248815073892,1.87286893977241
"1212",1212,0.60575,0.78725,0.08175,0.02575,0.12775,0.64425,0.18475,0.10625,-0.0986473850807441,-0.0938170565915938,8.95395457406604e-05,0.00946253379072753,0.00946253379072753,0.51046882325362
"1213",1213,0.60625,0.59275,0.62875,0.61125,0.27225,0.20775,0.84275,0.74175,0.0573444566493115,0.0570631522194771,1.42150115034894e-05,0.00377028002985048,0.00377028002985048,-0.0746110176451684
"1214",1214,0.60675,0.78175,0.51025,0.43375,0.75825,0.98975,0.83625,0.01075,-0.188677942276958,-0.173158750401741,5.42324541330164e-05,0.00736426874394304,0.00736426874394304,2.10736359777489
"1215",1215,0.60725,0.52725,0.61825,0.05225,0.04075,0.23225,0.94875,0.05575,-0.134349195606401,-0.12294763812464,9.60467158135956e-05,0.00980034263756097,0.00980034263756097,1.16338355743433
"1216",1216,0.60775,0.12375,0.09675,0.87575,0.81575,0.66075,0.07275,0.63525,0.2040723483664,0.182356639091189,7.32963699592898e-05,0.00856132991767575,0.00856132991767575,-2.53648784523263
"1217",1217,0.60825,0.83225,0.92125,0.55575,0.42525,0.78525,0.45325,0.79775,0.00530801469833455,0.00113768523679617,3.7363574780971e-05,0.00611257513499597,0.00611257513499597,-0.682254102311518
"1218",1218,0.60875,0.45875,0.39475,0.55675,0.93125,0.46875,0.51425,0.76975,0.0646829359705448,0.0698083745381722,1.2202594063896e-05,0.0034932211587439,0.0034932211587439,1.46725281186331
"1219",1219,0.60925,0.36725,0.68925,0.06375,0.24025,0.35875,0.90225,0.79675,-0.0877138790991379,-0.0923115572429152,7.27867932631952e-05,0.00853151764126378,0.00853151764126378,-0.5389050737632
"1220",1220,0.60975,0.12175,0.26975,0.12475,0.92475,0.14525,0.77325,0.85825,-0.00302582510967573,-0.0142464610284654,4.74821332639825e-05,0.00689072806486967,0.00689072806486967,-1.62836725134964
"1221",1221,0.61025,0.55875,0.98125,0.75475,0.41975,0.29025,0.92925,0.74725,0.0552471906478259,0.0560051535320991,4.03267464489046e-05,0.00635033435725274,0.00635033435725274,0.119357948988549
"1222",1222,0.61075,0.25375,0.23225,0.01475,0.48325,0.90425,0.29375,0.81825,-0.12390425953442,-0.129992117788883,8.49703296507647e-05,0.00921793521623822,0.00921793521623822,-0.660436216099534
"1223",1223,0.61125,0.86825,0.81875,0.66125,0.29325,0.16775,0.99025,0.27625,-0.00114801376867148,0.00521272860950016,6.81989680641129e-05,0.00825826665009752,0.00825826665009752,0.770227294379811
"1224",1224,0.61175,0.51175,0.44275,0.74775,0.68025,0.41325,0.89575,0.67625,0.0293859638428739,0.0364099669801655,2.04109527799377e-05,0.00451784824666983,0.00451784824666983,1.55472312344026
"1225",1225,0.61225,0.99675,0.39275,0.90875,0.93025,0.82825,0.28425,0.27975,0.0629654142195231,0.0654624985630672,0.000107559826847052,0.0103711053821207,0.0103711053821207,0.240773210910473
"1226",1226,0.61275,0.28175,0.20725,0.96475,0.40725,0.11475,0.82375,0.45275,0.119585591614935,0.135092083432049,9.04700231213748e-05,0.00951157311496762,0.00951157311496762,1.63027625711173
"1227",1227,0.61325,0.82775,0.47675,0.00475,0.90625,0.70875,0.87475,0.44875,-0.188202439050195,-0.177097520031336,4.7597138168428e-05,0.00689906792026488,0.00689906792026488,1.60962598820634
"1228",1228,0.61375,0.17575,0.47925,0.91325,0.14375,0.63725,0.31725,0.32875,0.106003992835493,0.0923775917923433,3.15913152904964e-05,0.00562061520569558,0.00562061520569558,-2.42436113209486
"1229",1229,0.61425,0.25025,0.59475,0.17825,0.45675,0.15075,0.43325,0.88675,0.0844803804811321,0.0863265084168079,1.83532095105525e-05,0.00428406460158487,0.00428406460158487,0.430929060918651
"1230",1230,0.61475,0.71175,0.39025,0.17275,0.86575,0.69125,0.12525,0.30075,-0.0396067701527058,-0.0298606598937205,6.02168706421725e-05,0.00775995300515232,0.00775995300515232,1.25594964976131
"1231",1231,0.61525,0.48575,0.74175,0.53775,0.96775,0.97725,0.13225,0.01425,-0.0503743135608863,-0.0628066568935581,0.000149682655712824,0.0122344863281146,0.0122344863281146,-1.01617207288078
"1232",1232,0.61575,0.68525,0.06125,0.29325,0.36825,0.35275,0.29625,0.62525,0.0680114084031634,0.0807766884654216,3.511932352114e-05,0.00592615588059747,0.00592615588059747,2.15405742262912
"1233",1233,0.61625,0.24175,0.14675,0.97475,0.06525,0.51825,0.47225,0.10825,0.0789997508202318,0.0782944615533889,2.7096885406161e-05,0.00520546687686714,0.00520546687686714,-0.135490107520841
"1234",1234,0.61675,0.15275,0.64625,0.01075,0.69575,0.24125,0.36275,0.84875,0.0347904061017061,0.0351270771548073,3.75504376499574e-05,0.0061278411900079,0.0061278411900079,0.0549412170880307
"1235",1235,0.61725,0.07425,0.55475,0.57075,0.36175,0.03225,0.20425,0.69175,0.257907601029016,0.252306566749469,9.81060551690877e-06,0.00313218861451682,0.00313218861451682,-1.78821743160286
"1236",1236,0.61775,0.75925,0.90425,0.67975,0.41075,0.31775,0.87825,0.58125,0.0301609607764922,0.0322487947394611,1.80929449522314e-05,0.00425358025106279,0.00425358025106279,0.490841559283439
"1237",1237,0.61825,0.51375,0.40975,0.69225,0.51575,0.23825,0.07075,0.92225,0.319553081252363,0.308515845580342,5.05928426976106e-05,0.00711286459154191,0.00711286459154191,-1.55172863618768
"1238",1238,0.61875,0.95775,0.15775,0.06425,0.63275,0.93425,0.79975,0.93125,-0.181418171481039,-0.187689477786991,0.000142034897163762,0.0119178394503267,0.0119178394503267,-0.52621167889454
"1239",1239,0.61925,0.84125,0.88125,0.88275,0.83925,0.62375,0.99375,0.09525,-0.0573943557098187,-0.0372870850401325,6.00291139370058e-05,0.00774784576104905,0.00774784576104905,2.59520791840901
"1240",1240,0.61975,0.09175,0.60375,0.25175,0.88375,0.13325,0.93775,0.93025,0.00748148335673963,-0.00235497176894293,0.000102646434132705,0.0101314576509358,0.0101314576509358,-0.970882519039499
"1241",1241,0.62025,0.99175,0.66625,0.73975,0.21775,0.20975,0.40775,0.01475,0.0991241043750397,0.0941196605477156,9.20041238082645e-05,0.00959187801258255,0.00959187801258255,-0.521737643114237
"1242",1242,0.62075,0.80575,0.33825,0.43875,0.33175,0.59575,0.90175,0.38175,-0.0915545392787819,-0.087009842474541,8.73014217272788e-06,0.00295468139952989,0.00295468139952989,1.5381342993407
"1243",1243,0.62125,0.86325,0.78575,0.27025,0.62625,0.95425,0.43375,0.32225,-0.132463294206012,-0.127598428205061,4.05297692574099e-05,0.00636629949479365,0.00636629949479365,0.764159148486411
"1244",1244,0.62175,0.21075,0.86025,0.54025,0.87925,0.01775,0.65775,0.28875,0.0763615124278402,0.0805956603218591,5.26743781704682e-05,0.0072577116345628,0.0072577116345628,0.583399852076647
"1245",1245,0.62225,0.71575,0.72075,0.45625,0.09525,0.91175,0.00775,0.84725,0.0652232007543992,0.0497976113362088,0.000291816482237706,0.0170826368643048,0.0170826368643048,-0.902998146054553
"1246",1246,0.62275,0.95575,0.92825,0.92225,0.03725,0.86875,0.14825,0.19225,0.0848529103075228,0.0469732827881874,0.000251762746203779,0.0158670333145103,0.0158670333145103,-2.38731631606866
"1247",1247,0.62325,0.93475,0.74025,0.44775,0.57425,0.77425,0.50475,0.22875,-0.0746232725927643,-0.0707136732539491,1.59994454953431e-05,0.00399993068631734,0.00399993068631734,0.977416771792786
"1248",1248,0.62375,0.18475,0.59825,0.62875,0.42475,0.06725,0.36375,0.71475,0.21856886358576,0.219487625074083,7.99789328326855e-06,0.00282805468180312,0.00282805468180312,0.324874018255271
"1249",1249,0.62425,0.99425,0.44625,0.89175,0.72475,0.25425,0.55875,0.35325,0.132027081939785,0.141133493286753,7.76247707797087e-05,0.00881049208499212,0.00881049208499212,1.03358714350132
"1250",1250,0.62475,0.14975,0.97325,0.86075,0.71025,0.69075,0.87775,0.36925,-0.0250923382320566,-0.00926841314618825,6.77240481447293e-05,0.00822946220264297,0.00822946220264297,1.92283829686785
"1251",1251,0.62525,0.11425,0.99275,0.18475,0.62975,0.12775,0.31825,0.47775,0.0792216150354046,0.0819238735721985,3.51735492902573e-05,0.00593072923764501,0.00593072923764501,0.455636807635973
"1252",1252,0.62575,0.89375,0.49725,0.08225,0.71375,0.15725,0.33775,0.98025,0.0985122668703047,0.112914362049377,8.90476007203134e-05,0.00943650362794999,0.00943650362794999,1.52621095131196
"1253",1253,0.62625,0.41675,0.30425,0.15675,0.01575,0.66775,0.24525,0.08025,-0.0808466340409949,-0.0880452163589369,5.92018277135188e-05,0.00769427239662847,0.00769427239662847,-0.935576744215129
"1254",1254,0.62675,0.04925,0.09575,0.99575,0.20175,0.77925,0.30675,0.99975,0.187110512148273,0.154793851705212,0.000189282934390639,0.0137580134609121,0.0137580134609121,-2.34893362583747
"1255",1255,0.62725,0.57475,0.25825,0.08075,0.80625,0.45225,0.29275,0.67575,0.0020898478400243,0.0132983356899659,5.56020526839708e-05,0.0074566783948331,0.0074566783948331,1.50314754860666
"1256",1256,0.62775,0.88875,0.45975,0.32225,0.74175,0.59325,0.80325,0.60375,-0.077138069937573,-0.0716239743118384,1.39761178112574e-05,0.00373846463287503,0.00373846463287503,1.47496262964351
"1257",1257,0.62825,0.86225,0.17825,0.36375,0.30725,0.34125,0.31425,0.81225,0.111224203599575,0.124149541362425,4.30836303365786e-05,0.00656381218017232,0.00656381218017232,1.96918153781034
"1258",1258,0.62875,0.57925,0.95425,0.97975,0.50225,0.14475,0.19625,0.43775,0.304172486541439,0.285099530945674,0.000130462122933522,0.0114220017043215,0.0114220017043215,-1.66984352563604
"1259",1259,0.62925,0.00375,0.24225,0.95475,0.48475,0.05275,0.46725,0.42525,0.229092212832487,0.233881998035664,6.46880970212555e-05,0.00804289108599983,0.00804289108599983,0.595530282825105
"1260",1260,0.62975,0.63675,0.34625,0.18775,0.28725,0.77375,0.40625,0.82175,-0.0613599235359164,-0.0633530638513496,4.12312370131644e-05,0.00642115542664748,0.00642115542664748,-0.310402129056364
"1261",1261,0.63025,0.94525,0.21925,0.12325,0.24275,0.23425,0.80275,0.30475,-0.0716699355534155,-0.0674464706182455,3.93684926106236e-05,0.0062744316563832,0.0062744316563832,0.673123107632117
"1262",1262,0.63075,0.63225,0.78875,0.04475,0.67375,0.19075,0.37625,0.04775,-0.0267243956651407,-0.024287246171244,6.68937618945366e-05,0.00817886067215579,0.00817886067215579,0.297981539432963
"1263",1263,0.63125,0.80175,0.06225,0.83025,0.89575,0.78675,0.73575,0.13175,-0.0464769314935203,-0.0244781055501792,6.9692226688595e-05,0.00834818703004401,0.00834818703004401,2.63516208539294
"1264",1264,0.63175,0.72675,0.94575,0.73575,0.10275,0.93125,0.56175,0.70375,-0.00887590629028053,-0.030839790046738,6.49410806654214e-05,0.00805860289786148,0.00805860289786148,-2.72552004793363
"1265",1265,0.63225,0.92075,0.92175,0.93425,0.92775,0.28825,0.86725,0.97925,0.143518105222838,0.133780735295311,6.94909374847312e-05,0.00833612244900057,0.00833612244900057,-1.16809343757833
"1266",1266,0.63275,0.94175,0.41075,0.07475,0.52325,0.17725,0.48275,0.63875,0.0233209942082714,0.0346658599155249,4.93291537599328e-05,0.00702347163160305,0.00702347163160305,1.61527892505549
"1267",1267,0.63325,0.75725,0.25475,0.47425,0.34475,0.87125,0.26725,0.12575,-0.0517592081554197,-0.056736757497126,2.79235201468762e-05,0.00528427101376114,0.00528427101376114,-0.94195572648411
"1268",1268,0.63375,0.29875,0.48075,0.52675,0.23875,0.11775,0.74425,0.08575,0.0167400305022925,0.0274766404729392,3.64282001565951e-05,0.00603557786434697,0.00603557786434697,1.77888682939034
"1269",1269,0.63425,0.20775,0.45675,0.55025,0.11125,0.22325,0.43775,0.24425,0.0859215246607635,0.089509653521832,8.37959350866385e-06,0.00289475275432356,0.00289475275432356,1.23952861110826
"1270",1270,0.63475,0.66175,0.17975,0.46725,0.50425,0.31975,0.81575,0.61575,0.0100311003240541,0.0153979184760794,1.56840872086299e-05,0.00396031402904238,0.00396031402904238,1.35514964537371
"1271",1271,0.63525,0.21375,0.61625,0.00075,0.89025,0.68375,0.15975,0.01225,-0.106327647949538,-0.113797045881057,0.000109367584102314,0.0104578957779428,0.0104578957779428,-0.714235262056544
"1272",1272,0.63575,0.70325,0.60725,0.40525,0.51325,0.96775,0.70375,0.95625,-0.0932056071575125,-0.108667877046006,6.61973184490685e-05,0.00813617345249402,0.00813617345249402,-1.90043513437558
"1273",1273,0.63625,0.97625,0.33175,0.89375,0.61975,0.87275,0.20325,0.41825,0.0981148127197231,0.089958183376311,0.000102250394319846,0.010111893705921,0.010111893705921,-0.806637172089339
"1274",1274,0.63675,0.61725,0.42975,0.18725,0.31675,0.36275,0.55025,0.02875,-0.0659292547320739,-0.0622218657545701,2.00701685564458e-05,0.00447997416917171,0.00447997416917171,0.827546953956933
"1275",1275,0.63725,0.93975,0.16425,0.10875,0.86325,0.94125,0.51575,0.55475,-0.155603156130452,-0.143054227793536,6.7898458251558e-05,0.00824005207820667,0.00824005207820667,1.52291857112232
"1276",1276,0.63775,0.09325,0.94375,0.26725,0.69725,0.33525,0.06825,0.85175,0.171420511652833,0.165130108056512,3.84590251245027e-05,0.00620153409444008,0.00620153409444008,-1.01433024482775
"1277",1277,0.63825,0.84875,0.46825,0.46525,0.20425,0.63925,0.01525,0.13075,0.065777169404178,0.055551164129898,9.635919105784e-05,0.00981627174938836,0.00981627174938836,-1.0417402385908
"1278",1278,0.63875,0.78775,0.46225,0.55275,0.74675,0.86025,0.36825,0.31425,-0.0302582239701959,-0.0274033695644403,1.66822414777376e-05,0.00408438997620668,0.00408438997620668,0.69896714622902
"1279",1279,0.63925,0.08375,0.96375,0.13425,0.82375,0.13125,0.78075,0.11875,-0.0596518940780179,-0.0519239251326056,0.000159383166988079,0.0126247046297361,0.0126247046297361,0.612130673315708
"1280",1280,0.63975,0.12875,0.02775,0.11775,0.65825,0.52075,0.54025,0.06725,-0.104902620816861,-0.106664043036849,4.45867583000816e-05,0.006677331675159,0.006677331675159,-0.263791332478037
"1281",1281,0.64025,0.30075,0.24525,0.86825,0.46925,0.54375,0.31975,0.14775,0.106682366888452,0.103598419256865,4.48823631762239e-06,0.00211854580257836,0.00211854580257836,-1.45569079877041
"1282",1282,0.64075,0.64525,0.09025,0.45075,0.23625,0.19225,0.90875,0.56425,0.0121541666550812,0.0152675652046001,1.50756086290519e-05,0.00388273210884448,0.00388273210884448,0.80185767707921
"1283",1283,0.64125,0.33075,0.11475,0.94225,0.30475,0.44275,0.23925,0.43125,0.211761292596449,0.205014154029538,3.36506136058373e-05,0.00580091489386263,0.00580091489386263,-1.16311628257975
"1284",1284,0.64175,0.31825,0.48275,0.54325,0.19075,0.57075,0.94075,0.93475,-0.014871208027296,-0.0306368738124844,8.57637658748645e-05,0.00926087284627451,0.00926087284627451,-1.70239523281336
"1285",1285,0.64225,0.27825,0.40725,0.40425,0.36325,0.82925,0.46575,0.57125,-0.0507864221447194,-0.0593459703178919,1.74751088634386e-05,0.00418032401416907,0.00418032401416907,-2.04758007852028
"1286",1286,0.64275,0.28525,0.70875,0.38425,0.55975,0.50125,0.52475,0.52925,0.00473087781697343,0.00790137473015255,5.22712761050437e-06,0.0022862912348396,0.0022862912348396,1.38674236460586
"1287",1287,0.64325,0.14675,0.48325,0.47775,0.43075,0.79325,0.24025,0.90275,0.0595589801622458,0.0447346963776211,5.67068747784397e-05,0.00753039672118539,0.00753039672118539,-1.96859266961584
"1288",1288,0.64375,0.29625,0.83875,0.30775,0.57375,0.69375,0.41975,0.03225,-0.083012691714252,-0.0836274950017752,2.02905126857503e-05,0.00450449916036737,0.00450449916036737,-0.136486491757511
"1289",1289,0.64425,0.23525,0.42325,0.64525,0.10225,0.97775,0.97825,0.22675,-0.139381300060599,-0.136851175971332,2.53864011713773e-05,0.0050384919540848,0.0050384919540848,0.502159001606778
"1290",1290,0.64475,0.70075,0.00025,0.31525,0.52125,0.43075,0.95975,0.65925,-0.0591674480918231,-0.0581463459905077,3.41823594760689e-05,0.00584656817937402,0.00584656817937402,0.174649823620928
"1291",1291,0.64525,0.10875,0.13275,0.79775,0.75425,0.80375,0.10375,0.52625,0.139806404286067,0.115654084621827,8.3377924324365e-05,0.0091311513142848,0.0091311513142848,-2.64504648241411
"1292",1292,0.64575,0.59475,0.13525,0.75025,0.47325,0.13225,0.50775,0.12175,0.120959608235135,0.132257572664604,8.04432123365255e-05,0.00896901401139086,0.00896901401139086,1.2596662704641
"1293",1293,0.64625,0.06625,0.56775,0.22175,0.51675,0.85825,0.57225,0.27275,-0.138967869864379,-0.143907481202291,1.85394898473398e-05,0.00430575078788122,0.00430575078788122,-1.14721254927591
"1294",1294,0.64675,0.69925,0.26775,0.50525,0.37475,0.78275,0.67375,0.87125,-0.0264115154666831,-0.0369657307985517,3.51118012836073e-05,0.00592552118244524,0.00592552118244524,-1.78114549031336
"1295",1295,0.64725,0.49575,0.47125,0.95275,0.43725,0.39325,0.96675,0.25075,0.027910267055781,0.0462936998796653,5.26462446004881e-05,0.0072557731910864,0.0072557731910864,2.53362837284771
"1296",1296,0.64775,0.73625,0.48125,0.70325,0.81825,0.59425,0.25125,0.58725,0.134876934086209,0.137115606695465,1.57796308972667e-05,0.0039723583545882,0.0039723583545882,0.56356260171499
"1297",1297,0.64825,0.84725,0.56025,0.60625,0.26975,0.53875,0.74575,0.28025,-0.0226074474578127,-0.0208241542233914,8.86061325159564e-06,0.00297667822439639,0.00297667822439639,0.599088346132178
"1298",1298,0.64875,0.87525,0.96575,0.41475,0.90025,0.81125,0.52375,0.91125,-0.0213013168321441,-0.0185225544153417,6.71723096701641e-05,0.00819587150156492,0.00819587150156492,0.339044165867147
"1299",1299,0.64925,0.39075,0.59225,0.71025,0.63625,0.59175,0.84975,0.93975,0.0371040778789171,0.0295151260825364,4.89859551070396e-05,0.00699899672146227,0.00699899672146227,-1.0842913775212
"1300",1300,0.64975,0.03175,0.06475,0.57175,0.34425,0.47975,0.68475,0.11525,-0.0225811623772325,-0.012732260031584,3.2089040965095e-05,0.00566471896611782,0.00566471896611782,1.73863918131815
"1301",1301,0.65025,0.90125,0.69425,0.03125,0.18275,0.74725,0.82875,0.31125,-0.185283295495523,-0.186173704501011,3.75315925146997e-05,0.00612630333192046,0.00612630333192046,-0.145341971699087
"1302",1302,0.65075,0.02775,0.61875,0.26775,0.11275,0.82575,0.37775,0.78775,-0.0435628308596834,-0.0588230722597381,8.18234072365807e-05,0.00904562917859121,0.00904562917859121,-1.68702929323833
"1303",1303,0.65125,0.83075,0.31725,0.24125,0.24825,0.83225,0.70525,0.21375,-0.151977139098926,-0.15412779806953,9.42142149229561e-06,0.00306943341551753,0.00306943341551753,-0.70066969354388
"1304",1304,0.65175,0.54925,0.27875,0.10375,0.01875,0.97325,0.20025,0.59325,-0.107138750526589,-0.113402685215661,0.000169900568478262,0.0130345912278929,0.0130345912278929,-0.480562418840395
"1305",1305,0.65225,0.34675,0.30725,0.38725,0.44275,0.03525,0.68275,0.70925,0.0995503045424448,0.100554286013037,7.60738146043123e-06,0.00275814819406631,0.00275814819406631,0.364005629846898
"1306",1306,0.65275,0.47625,0.09175,0.89025,0.97025,0.25575,0.07875,0.16675,0.26871286658915,0.252547014499255,0.000107288462024832,0.0103580143862051,0.0103580143862051,-1.56070956142182
"1307",1307,0.65325,0.16625,0.28575,0.28275,0.76125,0.31925,0.41025,0.33675,0.0319185856764384,0.0323186029332921,3.50206814288388e-05,0.00591782742472597,0.00591782742472597,0.0675952893087658
"1308",1308,0.65375,0.53775,0.09375,0.35775,0.79725,0.19775,0.42825,0.87175,0.137441742478175,0.144529071659976,5.00863795182801e-05,0.00707717313044411,0.00707717313044411,1.00143504350815
"1309",1309,0.65425,0.52225,0.75075,0.88025,0.29625,0.37125,0.65625,0.99075,0.176734119398758,0.167144099759384,5.22837087240418e-05,0.00723074745265258,0.00723074745265258,-1.3262833064175
"1310",1310,0.65475,0.95425,0.94125,0.32625,0.91625,0.64225,0.80675,0.59125,-0.078310609160057,-0.0727602380363679,2.66018513204799e-05,0.00515769825799067,0.00515769825799067,1.07613335368933
"1311",1311,0.65525,0.56325,0.95175,0.17775,0.02675,0.92575,0.24375,0.83925,-0.0615846326691535,-0.0643822400879359,0.000208363294399242,0.0144347945741961,0.0144347945741961,-0.193809991850072
"1312",1312,0.65575,0.67025,0.34075,0.08575,0.90825,0.02225,0.99975,0.16375,-0.0723035860070388,-0.069617686503091,0.000125859200912737,0.0112186987174421,0.0112186987174421,0.239412749338918
"1313",1313,0.65625,0.09975,0.55925,0.20875,0.11425,0.84025,0.23775,0.64825,-0.0447623647361724,-0.0567654083884247,9.83653897610137e-05,0.00991793273626181,0.00991793273626181,-1.21023644457347
"1314",1314,0.65675,0.61975,0.69775,0.23175,0.75025,0.50925,0.34975,0.60575,0.0182679183179062,0.0271218228642054,1.79581460930268e-05,0.00423770528624005,0.00423770528624005,2.08931578490087
"1315",1315,0.65725,0.63975,0.33425,0.38675,0.86175,0.88475,0.78325,0.45625,-0.122469758559455,-0.117285859978406,2.25130449147808e-05,0.00474479134575808,0.00474479134575808,1.09254510963553
"1316",1316,0.65775,0.90675,0.84025,0.43625,0.32075,0.57825,0.06675,0.77225,0.149194996916231,0.151424398683444,0.000126353467505826,0.0112407058277417,0.0112407058277417,0.198332898429822
"1317",1317,0.65825,0.01575,0.48725,0.31825,0.77925,0.12425,0.84175,0.09425,-0.0291567245290726,-0.0211819699758537,6.96417702430927e-05,0.00834516448268653,0.00834516448268653,0.955613825199478
"1318",1318,0.65875,0.38675,0.43775,0.70825,0.38225,0.93525,0.40225,0.95425,0.0557313886577095,0.0340577174378315,7.64168372002908e-05,0.00874167244869601,0.00874167244869601,-2.47935064452238
"1319",1319,0.65925,0.15225,0.52975,0.27075,0.55375,0.80225,0.88925,0.90725,-0.109098360976429,-0.126330118310381,0.000122874113486207,0.0110848596511731,0.0110848596511731,-1.55453094366679
"1320",1320,0.65975,0.25475,0.66675,0.64575,0.69825,0.66875,0.25175,0.35175,0.0783995348689939,0.0695999319376816,1.64259240520784e-05,0.00405289082656792,0.00405289082656792,-2.17119170189047
"1321",1321,0.66025,0.42675,0.50075,0.39625,0.29175,0.95875,0.04475,0.95325,0.0525187828710663,0.0367829756272666,0.000237651176682865,0.0154159390464177,0.0154159390464177,-1.02074918669689
"1322",1322,0.66075,0.71325,0.39975,0.40725,0.50625,0.98425,0.64425,0.31575,-0.129344754872068,-0.132106981083317,9.39139128912064e-06,0.00306453769582308,0.00306453769582308,-0.901351683490097
"1323",1323,0.66125,0.86025,0.27425,0.78275,0.81725,0.84475,0.32825,0.45775,0.0623268065699411,0.064684005434138,3.89947578464716e-05,0.00624457827611053,0.00624457827611053,0.377479272413749
"1324",1324,0.66175,0.88375,0.20975,0.07375,0.47525,0.06875,0.05625,0.64175,0.181088668725872,0.201798729333272,0.000105672447175782,0.0102797104616707,0.0102797104616707,2.01465407849961
"1325",1325,0.66225,0.15675,0.36825,0.02825,0.34275,0.38575,0.90525,0.15825,-0.134179986361146,-0.128339717772099,4.57088582717646e-05,0.00676083266112722,0.00676083266112722,0.863838654464386
"1326",1326,0.66275,0.15925,0.13025,0.75725,0.82675,0.35925,0.90425,0.66075,0.0625345608030434,0.0719395410489068,6.26835805622885e-05,0.00791729629117721,0.00791729629117721,1.18790302901055
"1327",1327,0.66325,0.06775,0.89425,0.02375,0.12025,0.39625,0.60075,0.83125,-0.0320352533922258,-0.0320236185048041,7.32076113104681e-05,0.00855614465226413,0.00855614465226413,0.00135982827483208
"1328",1328,0.66375,0.11025,0.88625,0.89425,0.89725,0.83425,0.91775,0.11675,-0.0618934680738605,-0.0365170148031773,9.76190461599518e-05,0.00988023512675441,0.00988023512675441,2.56840580665606
"1329",1329,0.66425,0.88075,0.94225,0.94275,0.35575,0.92325,0.00325,0.86925,0.236339023689266,0.186402089892619,0.000505280003785,0.0224784341933552,0.0224784341933552,-2.22154859039998
"1330",1330,0.66475,0.55375,0.50875,0.08775,0.72175,0.38275,0.78525,0.38575,-0.0848101550284017,-0.0821181459875128,1.2408113381255e-05,0.00352251520667477,0.00352251520667477,0.76422921774414
"1331",1331,0.66525,0.59325,0.66275,0.98825,0.91175,0.75525,0.56125,0.67825,0.104367677312248,0.101426978142202,4.80412841290519e-05,0.006931182015288,0.006931182015288,-0.424270948816485
"1332",1332,0.66575,0.52425,0.42375,0.94575,0.81225,0.05475,0.70875,0.60925,0.206760485022785,0.211529578779125,6.65196631457429e-05,0.0081559587508608,0.0081559587508608,0.584737356087864
"1333",1333,0.66625,0.87125,0.66075,0.05325,0.38825,0.11525,0.34175,0.75975,0.0954488259104822,0.111198037240202,6.11797325315629e-05,0.00782174740908724,0.00782174740908724,2.01351571535313
"1334",1334,0.66675,0.15475,0.50575,0.31275,0.01225,0.93575,0.42775,0.24225,-0.110241505619729,-0.127301084537321,7.10370224782884e-05,0.00842834636677257,0.00842834636677257,-2.02407188494848
"1335",1335,0.66725,0.26425,0.44775,0.15225,0.33975,0.53525,0.58775,0.48175,-0.0619879534815644,-0.0634476373260316,5.97669515829828e-06,0.00244472803360584,0.00244472803360584,-0.597074122111756
"1336",1336,0.66775,0.05225,0.53125,0.99325,0.18475,0.35325,0.22125,0.49175,0.279608904269814,0.260921515026641,5.11339162296151e-05,0.00715079829317085,0.00715079829317085,-2.61332909655972
"1337",1337,0.66825,0.36075,0.27725,0.92675,0.79125,0.42575,0.15225,0.61025,0.287410521717111,0.271913013103719,4.40067989479902e-05,0.00663376205090221,0.00663376205090221,-2.33615684350395
"1338",1338,0.66875,0.83525,0.07575,0.74275,0.73125,0.44625,0.85375,0.59075,0.0461216294529737,0.0577949522206462,3.85141297008721e-05,0.00620597532228997,0.00620597532228997,1.88098117724469
"1339",1339,0.66925,0.75775,0.96525,0.04125,0.43825,0.55525,0.63375,0.45725,-0.100043159563972,-0.0935616450152923,3.25930306617249e-05,0.00570903062364574,0.00570903062364574,1.13530912267916
"1340",1340,0.66975,0.21225,0.33625,0.60475,0.37825,0.92925,0.00825,0.64225,0.105355430166897,0.0729934262583186,0.00019634531607246,0.0140123272896568,0.0140123272896568,-2.30953811166446
"1341",1341,0.67025,0.22275,0.30825,0.23675,0.44675,0.84975,0.02825,0.20675,-0.0297387063432905,-0.0449591481237473,0.00012148229968096,0.0110219009105036,0.0110219009105036,-1.38092711085364
"1342",1342,0.67075,0.45125,0.49775,0.45975,0.19875,0.49525,0.64675,0.50625,0.0073122494874679,0.00737798871133299,7.70492837062898e-06,0.00277577527379811,0.00277577527379811,0.023683193839802
"1343",1343,0.67125,0.56025,0.25125,0.11075,0.35025,0.91825,0.22975,0.48825,-0.0975960663912636,-0.0973036352562704,6.89855090811717e-05,0.00830575156630462,0.00830575156630462,0.0352082689517903
"1344",1344,0.67175,0.65875,0.25575,0.08675,0.96275,0.08625,0.62825,0.33625,0.00222172712221681,0.00162394182864387,8.59372673435728e-05,0.00927023556030659,0.00927023556030659,-0.0644843693220208
"1345",1345,0.67225,0.76825,0.53425,0.20475,0.17125,0.14375,0.26625,0.65675,0.138416000414648,0.152401866753215,2.76946392462461e-05,0.00526256964288798,0.00526256964288798,2.65761163987026
"1346",1346,0.67275,0.72875,0.15075,0.42175,0.52175,0.76725,0.55175,0.68425,-0.0260402148488461,-0.0254815936403206,1.9509046845093e-05,0.00441690466787466,0.00441690466787466,0.126473458344823
"1347",1347,0.67325,0.83375,0.64025,0.85225,0.83675,0.18525,0.87075,0.97175,0.168957897417209,0.157645333994293,6.45139838436148e-05,0.00803205975099879,0.00803205975099879,-1.40842620369069
"1348",1348,0.67375,0.55775,0.51925,0.76875,0.45975,0.72825,0.26875,0.44225,0.107326339694765,0.0974451152460157,1.80266637954661e-05,0.0042457818827003,0.0042457818827003,-2.32730383277835
"1349",1349,0.67425,0.78325,0.90325,0.92275,0.46375,0.78175,0.37975,0.83875,0.152047584931809,0.133430610488979,0.0001033047688441,0.0101638953577898,0.0101638953577898,-1.83167710680547
"1350",1350,0.67475,0.39525,0.69975,0.32325,0.32925,0.45175,0.68725,0.24725,-0.0442524984934856,-0.0392414250906821,1.45578856844249e-05,0.00381547974498947,0.00381547974498947,1.31335342806736
"1351",1351,0.67525,0.68625,0.80475,0.68725,0.77875,0.27825,0.66825,0.94475,0.156933903050376,0.152827839014602,1.61664591706467e-05,0.00402075355756191,0.00402075355756191,-1.02121753472098
"1352",1352,0.67575,0.16225,0.66375,0.83475,0.76575,0.61075,0.78175,0.38725,0.0264898216765982,0.0380111930942779,2.93696086643019e-05,0.00541937345680309,0.00541937345680309,2.12596004123255
"1353",1353,0.67625,0.57675,0.16225,0.59225,0.14975,0.77175,0.93875,0.17625,-0.100059494587521,-0.0947992711959354,8.32611547657508e-06,0.0028855009056618,0.0028855009056618,1.82298448815741
"1354",1354,0.67675,0.95275,0.00725,0.78675,0.61175,0.33425,0.52625,0.39875,0.133703815270594,0.15028682728966,8.79636776940058e-05,0.00937889533442003,0.00937889533442003,1.76811995739064
"1355",1355,0.67725,0.06125,0.91375,0.99625,0.30125,0.31075,0.44025,0.20825,0.183659639224582,0.183025629478369,4.91444860585934e-05,0.0070103128360005,0.0070103128360005,-0.0904395796657075
"1356",1356,0.67775,0.48225,0.85375,0.87625,0.32375,0.21275,0.91675,0.99875,0.162676605007017,0.148995823626333,0.000117945421322821,0.0108602680133973,0.0108602680133973,-1.25970937032192
"1357",1357,0.67825,0.60375,0.64725,0.71525,0.41625,0.98175,0.13775,0.71075,0.0960693613212446,0.0711770353469719,0.000148025737906181,0.0121665828360383,0.0121665828360383,-2.04595869766652
"1358",1358,0.67875,0.42275,0.57025,0.42375,0.15475,0.67025,0.11825,0.98425,0.139474847870678,0.131185005810931,0.000106384580181432,0.010314290095854,0.010314290095854,-0.803723957994862
"1359",1359,0.67925,0.13775,0.62125,0.40825,0.39525,0.69725,0.18325,0.51425,0.0558628723972444,0.0460366534893905,3.9566024917851e-05,0.00629015301227649,0.00629015301227649,-1.56215896317245
"1360",1360,0.67975,0.34475,0.10225,0.05075,0.99825,0.81575,0.54575,0.74025,-0.117039032273911,-0.123598865724449,0.000138852359951138,0.0117835631262847,0.0117835631262847,-0.55669353829874
"1361",1361,0.68025,0.41075,0.59725,0.00325,0.07925,0.91225,0.92175,0.66225,-0.203685935748212,-0.222951395013214,0.00014055366442096,0.0118555330719863,0.0118555330719863,-1.62501838998069
"1362",1362,0.68075,0.92525,0.11775,0.25225,0.21875,0.83975,0.50625,0.58025,-0.0819866759244684,-0.0841979251544064,4.576077558495e-05,0.00676467113649658,0.00676467113649658,-0.32688199992575
"1363",1363,0.68125,0.48125,0.46775,0.94175,0.48225,0.55725,0.60425,0.09025,0.0633447645654832,0.0707016642614197,1.60764501871078e-05,0.00400954488528409,0.00400954488528409,1.83484657396852
"1364",1364,0.68175,0.24925,0.27525,0.61525,0.40775,0.50275,0.22825,0.23975,0.114941088200811,0.10925178586398,1.22285502763572e-05,0.00349693441121751,0.00349693441121751,-1.62693996163634
"1365",1365,0.68225,0.27675,0.86275,0.34275,0.41575,0.60025,0.46775,0.55875,0.00356242341628583,0.00504934723453072,1.11385591811594e-05,0.00333744800426305,0.00333744800426305,0.445527186145098
"1366",1366,0.68275,0.84175,0.28725,0.66675,0.46075,0.02325,0.74475,0.64025,0.156596836847264,0.157530205198154,5.79553045145564e-05,0.00761283813794542,0.00761283813794542,0.122604518049283
"1367",1367,0.68325,0.32525,0.87075,0.34175,0.90575,0.61325,0.97575,0.82925,-0.0638061387394953,-0.0704387446091722,9.56318689408732e-05,0.00977915481730774,0.00977915481730774,-0.678239172360592
"1368",1368,0.68375,0.29025,0.86375,0.27625,0.60025,0.14975,0.32875,0.36625,0.10867748275606,0.112450957078112,2.89826222373727e-05,0.00538355108059473,0.00538355108059473,0.700926631058385
"1369",1369,0.68425,0.48525,0.95375,0.01275,0.76425,0.53025,0.61025,0.55725,-0.0828131353950866,-0.0780663726444732,4.62690366894404e-05,0.00680213471561983,0.00680213471561983,0.697834275424352
"1370",1370,0.68475,0.46275,0.47475,0.80175,0.28075,0.17575,0.25625,0.99725,0.353799253354888,0.344238751067632,5.07894197525226e-05,0.00712666961157332,0.00712666961157332,-1.34151052431703
"1371",1371,0.68525,0.57425,0.73125,0.92075,0.68175,0.72125,0.41875,0.99025,0.182410431110446,0.166972820810054,7.73694462563974e-05,0.00879599035108596,0.00879599035108596,-1.75507358287246
"1372",1372,0.68575,0.03375,0.00325,0.68525,0.87125,0.32725,0.93425,0.26375,0.0155707159400087,0.037398039198949,0.000104852070190785,0.0102397299862245,0.0102397299862245,2.13163074498103
"1373",1373,0.68625,0.09525,0.31525,0.52925,0.11375,0.80625,0.63825,0.01725,-0.0842422001287985,-0.0876388906637205,3.91380219558421e-05,0.00625603883906119,0.00625603883906119,-0.542945883537981
"1374",1374,0.68675,0.14375,0.18775,0.68825,0.15875,0.30875,0.18025,0.40225,0.223520670697135,0.215998931992995,1.80193985967281e-05,0.00424492621805469,0.00424492621805469,-1.77193626408587
"1375",1375,0.68725,0.37725,0.67125,0.79975,0.99975,0.25725,0.48325,0.83275,0.233488593212033,0.228674803796599,2.27541035048024e-05,0.00477012615187506,0.00477012615187506,-1.00915348193502
"1376",1376,0.68775,0.73125,0.02275,0.29425,0.59775,0.72275,0.21775,0.05175,-0.0347629338354232,-0.0300533218365678,3.30527982885921e-05,0.00574915631102444,0.00574915631102444,0.819183153852395
"1377",1377,0.68825,0.92575,0.19275,0.80775,0.31875,0.21175,0.27275,0.04675,0.193755908499055,0.193716128921136,0.000130636598858589,0.011429636864686,0.011429636864686,-0.00348038860638823
"1378",1378,0.68875,0.53825,0.72375,0.06225,0.62075,0.52725,0.66775,0.31325,-0.0998695681399429,-0.096688887969985,1.605970662762e-05,0.00400745637875449,0.00400745637875449,0.793690528191463
"1379",1379,0.68925,0.27375,0.91025,0.29475,0.48925,0.15525,0.08475,0.97375,0.275103497928085,0.273877413464288,6.00907144680412e-05,0.00775182007453999,0.00775182007453999,-0.158167301615256
"1380",1380,0.68975,0.54875,0.93875,0.62225,0.33325,0.48425,0.37525,0.04925,0.0617048157883483,0.0586375800074932,3.00613523905733e-05,0.00548282339589497,0.00548282339589497,-0.559426331906214
"1381",1381,0.69025,0.33125,0.78975,0.70925,0.78375,0.78875,0.02525,0.26325,0.133546769533034,0.100334464622047,0.000120619524621881,0.0109826920480309,0.0109826920480309,-3.02405865208081
"1382",1382,0.69075,0.67825,0.43525,0.84675,0.24475,0.89375,0.82625,0.86175,0.0150619748014753,-0.00847305445071996,7.48191059644725e-05,0.00864980381075042,0.00864980381075042,-2.72087434202204
"1383",1383,0.69125,0.29275,0.49625,0.20975,0.55725,0.24375,0.52025,0.92925,0.0910401987424601,0.0887997884809805,2.61215123044809e-05,0.00511092088614967,0.00511092088614967,-0.438357452871359
"1384",1384,0.69175,0.75425,0.90375,0.95325,0.41025,0.40075,0.54125,0.15125,0.126769405357461,0.123941674978124,3.59339103784722e-05,0.00599449000153242,0.00599449000153242,-0.471721594099603
"1385",1385,0.69225,0.36325,0.52025,0.23525,0.64625,0.28875,0.04075,0.28925,0.140180229719356,0.136235622583818,4.34515932898098e-05,0.00659178225442936,0.00659178225442936,-0.59841283939369
"1386",1386,0.69275,0.49975,0.03175,0.73275,0.71675,0.81375,0.52325,0.60975,0.0444065762863359,0.0465204062368389,1.23164532579421e-05,0.00350948048262732,0.00350948048262732,0.602319904888177
"1387",1387,0.69325,0.13075,0.66725,0.06575,0.70025,0.74925,0.52675,0.47125,-0.111321357060806,-0.115894453390596,4.28910098774004e-05,0.00654912283267006,0.00654912283267006,-0.698276157988254
"1388",1388,0.69375,0.99225,0.47825,0.40225,0.85125,0.55975,0.42875,0.45825,0.0305039613969582,0.0414311588901978,2.57648836243906e-05,0.00507591209778013,0.00507591209778013,2.15275546202198
"1389",1389,0.69425,0.58675,0.06825,0.14225,0.58325,0.20625,0.09725,0.63925,0.166715342558707,0.181089733897789,6.04495467846015e-05,0.00777493066107998,0.00777493066107998,1.84881280177042
"1390",1390,0.69475,0.02125,0.11225,0.25575,0.83875,0.10325,0.42425,0.40625,0.101718742994596,0.0948915980640728,7.90304777301343e-05,0.00888990875825699,0.00888990875825699,-0.767965691906806
"1391",1391,0.69525,0.68875,0.37475,0.13225,0.77975,0.81025,0.86325,0.86725,-0.128640824707789,-0.142742269189033,0.000110996325740534,0.0105354793787722,0.0105354793787722,-1.33847203096015
"1392",1392,0.69575,0.74725,0.26825,0.65725,0.15725,0.15375,0.81975,0.77275,0.131325514658399,0.124764818499805,3.4068092551589e-05,0.00583678786247958,0.00583678786247958,-1.12402511675435
"1393",1393,0.69625,0.12025,0.04625,0.67325,0.05575,0.30375,0.57325,0.56825,0.135053803888708,0.139469973860024,3.5822808157692e-05,0.00598521579875714,0.00598521579875714,0.737846406846857
"1394",1394,0.69675,0.73175,0.63425,0.40875,0.14675,0.30475,0.92525,0.71525,0.0174998755120467,0.00490611135517435,4.12247314287551e-05,0.00642064883238097,0.00642064883238097,-1.961447275135
"1395",1395,0.69725,0.92025,0.27925,0.68475,0.77075,0.74025,0.90925,0.69025,-0.0148442900956988,-0.0151571958641835,2.57752632100801e-05,0.00507693443035067,0.00507693443035067,-0.0616328165701933
"1396",1396,0.69775,0.77325,0.73775,0.29825,0.41125,0.86775,0.11175,0.84675,0.0389732711867491,0.0435891702265647,0.000178363268523204,0.0133552711886807,0.0133552711886807,0.34562375968283
"1397",1397,0.69825,0.13225,0.93475,0.62375,0.07025,0.79175,0.83375,0.73575,-0.0218262136292963,-0.0337000856204303,0.000141104385662664,0.0118787367031458,0.0118787367031458,-0.999590468908153
"1398",1398,0.69875,0.74475,0.16975,0.51375,0.23475,0.56825,0.69975,0.62625,0.017363912081356,0.0144033684549552,1.94568731213532e-05,0.00441099457280932,0.00441099457280932,-0.67117371774848
"1399",1399,0.69925,0.11625,0.95475,0.02475,0.28325,0.87825,0.26325,0.32325,-0.119203893057853,-0.120148882370233,0.000122104296627295,0.0110500812950537,0.0110500812950537,-0.0855187656223843
"1400",1400,0.69975,0.73975,0.05025,0.57675,0.66775,0.55475,0.80875,0.48875,0.00043095637509618,0.00938718098156787,2.35552479533168e-05,0.00485337490343748,0.00485337490343748,1.84536014313016
"1401",1401,0.70025,0.36775,0.91675,0.27675,0.78575,0.32425,0.64125,0.78125,0.0490688483842976,0.0476819818757908,2.00637484842173e-05,0.00447925758181166,0.00447925758181166,-0.309619726746296
"1402",1402,0.70075,0.13125,0.54175,0.45425,0.74825,0.24825,0.60375,0.04125,0.0303147063165997,0.0346905784853983,3.13863162857337e-05,0.0056023491756346,0.0056023491756346,0.781078085569867
"1403",1403,0.70125,0.45625,0.78125,0.70075,0.93975,0.40025,0.07725,0.89975,0.325963872840112,0.302407704225094,7.59189358966327e-05,0.00871314730144238,0.00871314730144238,-2.70352007145782
"1404",1404,0.70175,0.57125,0.03125,0.96975,0.90175,0.59375,0.20925,0.13825,0.183915536534539,0.177387545571584,7.15398945382403e-05,0.00845812594717295,0.00845812594717295,-0.771801106264786
"1405",1405,0.70225,0.75975,0.33075,0.80575,0.21725,0.73225,0.81025,0.74275,0.038053575046168,0.0242844280496755,3.61195989020718e-05,0.00600995831117586,0.00600995831117586,-2.29105532577289
"1406",1406,0.70275,0.83125,0.19375,0.02125,0.67875,0.20675,0.31925,0.63225,0.0733440782542589,0.0904971044145353,9.57074907660429e-05,0.00978302053386595,0.00978302053386595,1.75334663776874
"1407",1407,0.70325,0.92625,0.52475,0.01025,0.87325,0.63625,0.18525,0.84125,0.00662873997746839,0.0328782760951556,0.000164413169376523,0.0128223698814425,0.0128223698814425,2.04716728345807
"1408",1408,0.70375,0.67525,0.57925,0.86975,0.27875,0.66725,0.06925,0.79925,0.283210057428471,0.252632754126065,0.000141594313934775,0.0118993409033767,0.0118993409033767,-2.56966361000121
"1409",1409,0.70425,0.07275,0.36425,0.92575,0.82825,0.64675,0.44275,0.51125,0.146072099677848,0.14149201325339,2.09906224798346e-05,0.00458155240937333,0.00458155240937333,-0.999680024414361
"1410",1410,0.70475,0.52825,0.36325,0.32675,0.73575,0.95675,0.13275,0.18675,-0.0460557345206229,-0.0557261994901498,5.67723660186933e-05,0.00753474392522355,0.00753474392522355,-1.28344971846405
"1411",1411,0.70525,0.92975,0.06675,0.11125,0.00525,0.06525,0.08675,0.24025,0.150525608905328,0.169093448113656,0.000125797857555578,0.0112159644059518,0.0112159644059518,1.6554830718324
"1412",1412,0.70575,0.70025,0.07275,0.14775,0.36425,0.08675,0.67425,0.58625,0.0480047483090791,0.04733689780322,3.93557102714843e-05,0.00627341296835178,0.00627341296835178,-0.106457283974176
"1413",1413,0.70625,0.99975,0.95675,0.59425,0.14125,0.65875,0.93525,0.71325,-0.0167821750991249,-0.0401264169465523,8.79875552936434e-05,0.00938016819111701,0.00938016819111701,-2.4886805195598
"1414",1414,0.70675,0.73825,0.87775,0.46075,0.09575,0.39725,0.79475,0.27525,-0.00854756354928556,-0.0097982740082931,3.37062053050087e-05,0.00580570454854608,0.00580570454854608,-0.215427851787731
"1415",1415,0.70725,0.32725,0.93425,0.68075,0.39825,0.23325,0.03175,0.65725,0.353887141770026,0.331814621218991,6.01925500964684e-05,0.00775838579193304,0.00775838579193304,-2.84498878284519
"1416",1416,0.70775,0.69225,0.15675,0.22275,0.29825,0.45475,0.73725,0.59775,-0.0281345098847918,-0.0321968140011966,2.26771846592412e-05,0.0047620567677466,0.0047620567677466,-0.853056633830738
"1417",1417,0.70825,0.82925,0.64225,0.08875,0.25075,0.49025,0.45875,0.72675,-0.00283134341812957,0.00546669546756408,3.32962916888436e-05,0.00577029389969381,0.00577029389969381,1.43806173999802
"1418",1418,0.70875,0.28075,0.96925,0.67475,0.46875,0.69875,0.35925,0.81475,0.130677898565547,0.121402322184079,3.35915254517487e-05,0.00579581965314214,0.00579581965314214,-1.60039078794306
"1419",1419,0.70925,0.41875,0.92575,0.98125,0.33375,0.02125,0.34275,0.52225,0.352168094666475,0.342179645099627,7.75316821694863e-05,0.00880520767327417,0.00880520767327417,-1.13437978267852
"1420",1420,0.70975,0.98125,0.53625,0.94375,0.27575,0.80925,0.13425,0.91425,0.258231770983455,0.225316258797059,0.000292251847878933,0.0170953750435296,0.0170953750435296,-1.9254045086805
"1421",1421,0.71025,0.93725,0.55975,0.41275,0.43575,0.00525,0.09775,0.55975,0.300544400111309,0.304905749472864,8.00843503548618e-05,0.00894898599590266,0.00894898599590266,0.487356820488023
"1422",1422,0.71075,0.65825,0.02025,0.37525,0.60675,0.33175,0.80125,0.62225,0.0253116038245427,0.0253387847422738,2.8945743868187e-05,0.00538012489336325,0.00538012489336325,0.00505209791033487
"1423",1423,0.71125,0.05825,0.08225,0.94075,0.82875,0.14175,0.66525,0.59025,0.223838953774067,0.231267523150991,7.26126501393506e-05,0.00852130565930777,0.00852130565930777,0.871764219466744
"1424",1424,0.71175,0.53225,0.04025,0.59875,0.74975,0.67275,0.02925,0.91875,0.235972343631722,0.22339334342966,9.78036184832563e-05,0.0098895711981489,0.0098895711981489,-1.27194596712308
"1425",1425,0.71225,0.77075,0.23525,0.23975,0.47975,0.74525,0.75625,0.33475,-0.111975711081152,-0.113351043384212,1.17850755175776e-05,0.00343293977773826,0.00343293977773826,-0.400628147332697
"1426",1426,0.71275,0.04125,0.56875,0.85725,0.80325,0.71125,0.84675,0.62775,0.0411473795776227,0.0468582078556792,8.03757219106353e-05,0.00896525080020829,0.00896525080020829,0.636995930769034
"1427",1427,0.71325,0.77375,0.18025,0.01775,0.95375,0.84275,0.13475,0.39275,-0.0760865230373669,-0.0601417896823491,0.000123162355210711,0.0110978536308023,0.0110978536308023,1.43674028199137
"1428",1428,0.71375,0.17825,0.65575,0.19975,0.96475,0.42125,0.30325,0.03875,0.00642906251775932,-0.00276426729426531,7.57698481736876e-05,0.00870458776586735,0.00870458776586735,-1.05614763838372
"1429",1429,0.71425,0.26275,0.37575,0.72725,0.54675,0.57525,0.28125,0.28225,0.133541328145768,0.127055972005567,7.20118534171267e-06,0.00268350243929695,0.00268350243929695,-2.41675060369987
"1430",1430,0.71475,0.64075,0.57975,0.85025,0.07725,0.21225,0.74975,0.21025,0.114740190018224,0.119404867130142,5.81360534239469e-05,0.00762470021862807,0.00762470021862807,0.611784985398066
"1431",1431,0.71525,0.31425,0.50675,0.77025,0.88975,0.61675,0.77225,0.59725,0.0553595968596726,0.0600854192117255,2.14770414462168e-05,0.004634332901963,0.004634332901963,1.01974166552669
"1432",1432,0.71575,0.82575,0.35525,0.62275,0.88225,0.76275,0.45175,0.33775,0.0269426714186065,0.0316393574495893,2.17111328598409e-05,0.00465952066846376,0.00465952066846376,1.00797622012294
"1433",1433,0.71625,0.00525,0.18575,0.29525,0.13125,0.88325,0.88075,0.02075,-0.168437931865504,-0.166121791434152,9.20189955551406e-05,0.00959265320728007,0.00959265320728007,0.24144940730206
"1434",1434,0.71675,0.61925,0.43475,0.48625,0.42925,0.90175,0.47925,0.03025,-0.0737290871759918,-0.0806757481736216,1.14183720720825e-05,0.0033791081770317,0.0033791081770317,-2.05576756756332
"1435",1435,0.71725,0.19025,0.70425,0.85275,0.29025,0.27575,0.30875,0.70975,0.299837715334904,0.29336566332023,1.76995431409798e-05,0.00420708249752484,0.00420708249752484,-1.53837059731577
"1436",1436,0.71775,0.55425,0.56275,0.22975,0.84725,0.82725,0.83875,0.64425,-0.116388586130161,-0.124296971957506,5.84334321593759e-05,0.0076441763558526,0.0076441763558526,-1.03456349764748
"1437",1437,0.71825,0.74825,0.20375,0.70275,0.38675,0.85325,0.54775,0.84075,0.0584056303187909,0.0476899563644171,4.59719303404584e-05,0.00678026034459286,0.00678026034459286,-1.58042219764015
"1438",1438,0.71875,0.46225,0.96725,0.43225,0.49875,0.48325,0.54975,0.45075,0.0403552381436119,0.0452010114404031,1.82261756765472e-05,0.00426921253588378,0.00426921253588378,1.13505084510581
"1439",1439,0.71925,0.35675,0.36025,0.73125,0.16825,0.65125,0.92975,0.89375,0.0405717439726464,0.0233401909672573,9.12023686472198e-05,0.00954999312288861,0.00954999312288861,-1.80435239938445
"1440",1440,0.71975,0.18425,0.54375,0.73325,0.65625,0.06475,0.69075,0.04525,0.116506327709259,0.12672921439143,6.50718890892408e-05,0.00806671488830743,0.00806671488830743,1.26729242618813
"1441",1441,0.72025,0.82875,0.87875,0.62825,0.74325,0.31825,0.63325,0.27075,0.083350950862485,0.0852049251198665,2.54175929525065e-05,0.00504158635277693,0.00504158635277693,0.367736289265448
"1442",1442,0.72075,0.59675,0.04775,0.44375,0.81925,0.64775,0.03675,0.18725,0.101649192637893,0.0953214479548538,5.0107072071098e-05,0.00707863490166699,0.00707863490166699,-0.893921606487862
"1443",1443,0.72125,0.57025,0.32375,0.18325,0.29575,0.86975,0.50075,0.84175,-0.0678431289792199,-0.0778692281855949,9.52240852438542e-05,0.00975828290447936,0.00975828290447936,-1.02744502332195
"1444",1444,0.72175,0.73725,0.21375,0.73875,0.50725,0.72075,0.10525,0.37575,0.167619515296801,0.154639849146786,4.51899674373995e-05,0.0067223483573376,0.0067223483573376,-1.93082319749874
"1445",1445,0.72225,0.46875,0.84625,0.74975,0.99525,0.06275,0.29775,0.16325,0.249659241033231,0.233417442856049,6.6642027304384e-05,0.00816345682320817,0.00816345682320817,-1.98957359963093
"1446",1446,0.72275,0.24125,0.12275,0.96625,0.49275,0.44175,0.12025,0.46325,0.319826516078179,0.296195778842223,4.94068081576324e-05,0.00702899766379478,0.00702899766379478,-3.36189288519388
"1447",1447,0.72325,0.36825,0.62325,0.53725,0.25275,0.21875,0.92125,0.06425,0.00393256304129996,0.0162470382827522,7.38215155114947e-05,0.00859194480379702,0.00859194480379702,1.43325818806589
"1448",1448,0.72375,0.96725,0.85225,0.79325,0.89925,0.70375,0.51125,0.07125,0.0392412068933525,0.0358156724779085,9.35636954645769e-05,0.00967283285623074,0.00967283285623074,-0.354139729938313
"1449",1449,0.72425,0.89625,0.26375,0.62075,0.70325,0.53575,0.81275,0.05025,-0.0229692051384657,-0.0103782513446733,3.79947668656724e-05,0.00616398952511054,0.00616398952511054,2.0426630743774
"1450",1450,0.72475,0.20075,0.98925,0.72525,0.93475,0.38725,0.19875,0.15625,0.194749162305547,0.174541448420542,4.7300936708607e-05,0.00687756764478598,0.00687756764478598,-2.93820648937199
"1451",1451,0.72525,0.75675,0.30175,0.76325,0.65175,0.28925,0.78275,0.69325,0.141137895866838,0.14192801126413,2.13977358162707e-05,0.00462576867301757,0.00462576867301757,0.170807373464389
"1452",1452,0.72575,0.80425,0.22975,0.91825,0.91325,0.52975,0.33475,0.86825,0.269489102896402,0.26632710266178,7.02079120160699e-05,0.00837901617232417,0.00837901617232417,-0.377371301068263
"1453",1453,0.72625,0.39625,0.84775,0.29675,0.63125,0.83375,0.10125,0.28675,0.00594217127371551,-0.00277915307224344,6.85045510220182e-05,0.00827674761135183,0.00827674761135183,-1.05371394121012
"1454",1454,0.72675,0.76075,0.31625,0.84525,0.35425,0.39275,0.89925,0.03925,0.0320725462889599,0.0464505316164265,5.96283530284558e-05,0.00772193971929694,0.00772193971929694,1.86196549702873
"1455",1455,0.72725,0.80825,0.08625,0.04575,0.02625,0.17075,0.15925,0.18125,0.0880824382238235,0.10693485939004,0.000101317227327776,0.0100656458971978,0.0100656458971978,1.87294698807802
"1456",1456,0.72775,0.72375,0.98625,0.11275,0.81525,0.44225,0.71475,0.46825,-0.0491799521253616,-0.0497653718226734,4.74874470939026e-05,0.00689111363234583,0.00689111363234583,-0.0849528434074756
"1457",1457,0.72825,0.98675,0.22675,0.93775,0.53525,0.14425,0.69625,0.08225,0.149961150577712,0.158487459402359,0.000183139482803584,0.0135329037092408,0.0135329037092408,0.630042820656804
"1458",1458,0.72875,0.47775,0.26925,0.87425,0.94175,0.82675,0.91975,0.14275,-0.0362539312656467,-0.00840559727023892,7.10768386917472e-05,0.00843070807772083,0.00843070807772083,3.30320226233433
"1459",1459,0.72925,0.62625,0.87925,0.79275,0.92925,0.73525,0.86525,0.07675,-0.0319935937830542,-0.0183326563499731,4.88978516181015e-05,0.00699269988045401,0.00699269988045401,1.95359984936092
"1460",1460,0.72975,0.06275,0.82975,0.49075,0.50775,0.46275,0.00275,0.39175,0.213742031529938,0.191958537223487,6.55275809068257e-05,0.00809491080289497,0.00809491080289497,-2.69101103605251
"1461",1461,0.73025,0.14925,0.71975,0.19075,0.90075,0.26775,0.83575,0.37925,-0.0224661603981433,-0.0274876173152494,6.61698225071397e-05,0.00813448354274195,0.00813448354274195,-0.61730494514142
"1462",1462,0.73075,0.19125,0.00575,0.96325,0.98275,0.34875,0.39525,0.81625,0.307837541770198,0.30018839491178,4.48683207414514e-05,0.00669838194950477,0.00669838194950477,-1.14193948868256
"1463",1463,0.73125,0.33975,0.31675,0.05675,0.53875,0.00125,0.96775,0.26975,-0.0287811314668051,-0.0400741761678981,7.12660226791599e-05,0.00844192055631655,0.00844192055631655,-1.33773406486787
"1464",1464,0.73175,0.52575,0.25275,0.65525,0.58875,0.72575,0.38825,0.19175,0.0487428310507586,0.0481566795618461,5.59511821093348e-06,0.00236540022214709,0.00236540022214709,-0.247802246496978
"1465",1465,0.73225,0.65675,0.71525,0.37475,0.03275,0.73925,0.96175,0.07725,-0.127289997978575,-0.130882294741004,4.67598492261514e-05,0.00683811737440587,0.00683811737440587,-0.525334176899986
"1466",1466,0.73275,0.02525,0.01975,0.97325,0.48875,0.64125,0.47475,0.63275,0.183298521174053,0.180760082840627,3.43284804431011e-05,0.00585905115552861,0.00585905115552861,-0.433250754438406
"1467",1467,0.73325,0.20625,0.66125,0.12375,0.85075,0.90825,0.14075,0.29225,-0.0673197023943927,-0.0778060337994613,0.000102495372711902,0.0101239998376088,0.0101239998376088,-1.03578936914971
"1468",1468,0.73375,0.90975,0.78725,0.48725,0.24625,0.63425,0.54725,0.93875,0.0772843087854723,0.0689589707800647,6.4425228891085e-05,0.00802653280632958,0.00802653280632958,-1.03722718218287
"1469",1469,0.73425,0.37825,0.79925,0.20925,0.88425,0.11175,0.58975,0.15675,0.0398481185585366,0.0356684266547712,8.33985166414257e-05,0.00913227883068765,0.00913227883068765,-0.457683342926431
"1470",1470,0.73475,0.63375,0.94475,0.56375,0.26225,0.64575,0.12075,0.08125,0.102355898762887,0.0872481394976146,7.47615018929895e-05,0.00864647337895569,0.00864647337895569,-1.74727413167576
"1471",1471,0.73525,0.31175,0.02825,0.35075,0.17075,0.32075,0.79375,0.72025,0.0454406877621314,0.0373712515270989,3.07043648109007e-05,0.00554115193898351,0.00554115193898351,-1.4562741328679
"1472",1472,0.73575,0.72925,0.25775,0.12425,0.99275,0.00925,0.31375,0.42375,0.146543013857245,0.146551985957099,0.000144655425172199,0.0120272783775964,0.0120272783775964,0.000745979229242964
"1473",1473,0.73625,0.17025,0.86075,0.23025,0.54775,0.11975,0.89325,0.61525,0.0341530509472586,0.0269440083290981,0.00014597008227696,0.0120818079059783,0.0120818079059783,-0.596685750531867
"1474",1474,0.73675,0.70175,0.02675,0.58775,0.80675,0.93225,0.04225,0.37825,0.0927165340025305,0.0797100024033421,0.000104233474387938,0.0102094796335532,0.0102094796335532,-1.27396616341177
"1475",1475,0.73725,0.01675,0.98275,0.89325,0.33225,0.89625,0.59575,0.84925,0.0965172271007078,0.0806957185937504,0.000169503025596081,0.0130193327630905,0.0130193327630905,-1.21523190127001
"1476",1476,0.73775,0.75575,0.03675,0.10575,0.43225,0.99975,0.08825,0.34625,-0.0812983416853639,-0.0745422561551404,0.000160531852382901,0.0126701165102339,0.0126701165102339,0.533229945025879
"1477",1477,0.73825,0.66275,0.50475,0.96175,0.86275,0.71575,0.21175,0.42075,0.213753545800575,0.1947575380146,8.66070292656815e-05,0.00930628976905842,0.00930628976905842,-2.04120097884046
"1478",1478,0.73875,0.42825,0.31075,0.49475,0.33625,0.09875,0.03875,0.80375,0.383396355711717,0.375386502304363,1.81681368443121e-05,0.00426240974617788,0.00426240974617788,-1.87918428408636
"1479",1479,0.73925,0.58875,0.69725,0.84425,0.82425,0.16225,0.93475,0.75925,0.169395509736858,0.159290807960089,0.000114603845726434,0.0107053185719265,0.0107053185719265,-0.943895476708881
"1480",1480,0.73975,0.22975,0.02575,0.83425,0.04175,0.82375,0.68825,0.72325,0.0650667150092624,0.0533463309360721,9.98627031214543e-05,0.00999313279814965,0.00999313279814965,-1.17284382284607
"1481",1481,0.74025,0.06025,0.78525,0.71175,0.21575,0.21725,0.40675,0.82275,0.277777832134343,0.27937079139822,2.4152961953098e-05,0.00491456630366282,0.00491456630366282,0.32413018066107
"1482",1482,0.74075,0.23825,0.71775,0.59775,0.42625,0.46075,0.65675,0.63625,0.0937417222890513,0.0963340587980063,2.61728517703986e-05,0.00511594094672706,0.00511594094672706,0.506717441805785
"1483",1483,0.74125,0.81875,0.91825,0.36825,0.74225,0.76425,0.22575,0.25375,0.0171378520955889,0.0159033860753012,5.12294391060552e-05,0.00715747435245528,0.00715747435245528,-0.172472293926451
"1484",1484,0.74175,0.66625,0.93225,0.85575,0.16625,0.71425,0.39275,0.12775,0.0945894789367642,0.0802100351981065,3.16057638314285e-05,0.00562190037544499,0.00562190037544499,-2.5577549900143
"1485",1485,0.74225,0.67775,0.52125,0.54275,0.27775,0.54675,0.64925,0.33175,0.0278282955798412,0.0289070252215941,1.23661664138199e-05,0.00351655604445883,0.00351655604445883,0.306757414957938
"1486",1486,0.74275,0.86975,0.71575,0.37925,0.42025,0.86525,0.63075,0.83075,-0.0323972635743343,-0.0453785335950571,8.00937601554406e-05,0.00894951172720839,0.00894951172720839,-1.45050036431116
"1487",1487,0.74325,0.95225,0.66775,0.56325,0.16125,0.51625,0.53575,0.74425,0.112773684544085,0.108517298883227,3.18428014076259e-05,0.00564294261955816,0.00564294261955816,-0.754284767331423
"1488",1488,0.74375,0.21775,0.96125,0.73625,0.80125,0.89225,0.45275,0.95825,0.107218187432268,0.0899554394375988,0.00010188315951053,0.0100937188147149,0.0100937188147149,-1.71024657131355
"1489",1489,0.74425,0.39575,0.86475,0.19675,0.57625,0.81825,0.65125,0.82875,-0.0687236018517737,-0.0782552626563371,0.000102080084533111,0.0101034689356236,0.0101034689356236,-0.943404771697365
"1490",1490,0.74475,0.21875,0.21875,0.13575,0.97825,0.44425,0.58575,0.25425,-0.0346483708577938,-0.0409569016615833,4.68536924697402e-05,0.00684497570994523,0.00684497570994523,-0.921629392288958
"1491",1491,0.74525,0.30725,0.32025,0.14575,0.48625,0.57025,0.70325,0.89575,-0.0227629796187457,-0.0385749298361768,6.49884122104425e-05,0.00806153907206574,0.00806153907206574,-1.96140588987797
"1492",1492,0.74575,0.87975,0.36225,0.09775,0.57475,0.36225,0.19825,0.52375,0.0932812929521167,0.11414816656539,4.51702795557217e-05,0.00672088383739235,0.00672088383739235,3.10478117434172
"1493",1493,0.74625,0.67475,0.74975,0.42975,0.08775,0.10225,0.00725,0.17975,0.275019059841817,0.271246122275448,9.59120296845547e-05,0.00979346872586801,0.00979346872586801,-0.38525038185943
"1494",1494,0.74675,0.97125,0.22425,0.59825,0.62875,0.99675,0.26025,0.07275,-0.00932424210683609,-0.01864813665061,5.24062805332788e-05,0.007239218226665,0.007239218226665,-1.28796981273892
"1495",1495,0.74725,0.96025,0.99525,0.08625,0.14275,0.85775,0.21875,0.72175,-0.0368655271673308,-0.0183924385263946,0.000314188127368603,0.0177253526726157,0.0177253526726157,1.0421845467411
"1496",1496,0.74775,0.93875,0.11675,0.53225,0.37675,0.55875,0.59675,0.72775,0.0810818855235647,0.0817007973447681,2.98557303517214e-05,0.00546403974653565,0.00546403974653565,0.113270007158312
"1497",1497,0.74825,0.91125,0.26675,0.87925,0.30525,0.79575,0.67525,0.50125,0.0644265388216893,0.0590272053441874,2.84535243388327e-05,0.00533418450551091,0.00533418450551091,-1.01221348304013
"1498",1498,0.74875,0.44775,0.47425,0.47475,0.62175,0.31425,0.34625,0.76575,0.203027731282113,0.206548783452231,1.05433141781163e-05,0.00324704699351831,0.00324704699351831,1.08438595965708
"1499",1499,0.74925,0.89675,0.38675,0.78625,0.80475,0.11425,0.89275,0.54075,0.154146945154604,0.147378964611236,9.63708684825742e-05,0.00981686653075075,0.00981686653075075,-0.689423709914737
"1500",1500,0.74975,0.71775,0.00425,0.27975,0.44925,0.98375,0.55525,0.20125,-0.123457852012572,-0.126996350141405,1.78437888142259e-05,0.00422419090646077,0.00422419090646077,-0.837674765934697
"1501",1501,0.75025,0.14775,0.17925,0.14025,0.63425,0.61225,0.51725,0.03175,-0.0791716578407778,-0.0828323291954164,5.49617244242232e-05,0.00741361749918508,0.00741361749918508,-0.493776669087795
"1502",1502,0.75075,0.33925,0.99775,0.54525,0.64825,0.19475,0.14325,0.60475,0.30462249172804,0.297536345130044,3.57140360953429e-05,0.00597612216201634,0.00597612216201634,-1.1857432639237
"1503",1503,0.75125,0.34075,0.06025,0.52725,0.56125,0.26525,0.21575,0.03375,0.167269568503486,0.166114191109989,4.84693031822324e-05,0.00696198988667984,0.00696198988667984,-0.16595505197552
"1504",1504,0.75175,0.67125,0.58025,0.36675,0.50075,0.18125,0.05325,0.68025,0.301016553076386,0.30556423301245,3.0496397001977e-05,0.00552235429884547,0.00552235429884547,0.823503833684628
"1505",1505,0.75225,0.54625,0.50975,0.81675,0.00225,0.91775,0.44775,0.99275,0.130165964110578,0.101837244827534,0.000193182419908914,0.0138990078749857,0.0138990078749857,-2.03818283562726
"1506",1506,0.75275,0.80125,0.89525,0.78325,0.00675,0.19025,0.96825,0.60825,0.129358758002463,0.112450873409012,0.000132920903049198,0.0115291327969279,0.0115291327969279,-1.46653567889827
"1507",1507,0.75325,0.91825,0.98375,0.10525,0.04875,0.05975,0.36525,0.14625,0.0863004315812723,0.100776635781351,9.42187350427269e-05,0.00970663355869206,0.00970663355869206,1.49137227778786
"1508",1508,0.75375,0.27275,0.08275,0.09375,0.05075,0.30925,0.94625,0.59575,-0.040435480434039,-0.0587516548247832,6.24010267282744e-05,0.0078994320509942,0.0078994320509942,-2.31866978189134
"1509",1509,0.75425,0.12725,0.92625,0.67625,0.53975,0.64175,0.00125,0.00175,0.173164303838149,0.133984667330225,0.000124458876066259,0.0111561138424748,0.0111561138424748,-3.51194305303294
"1510",1510,0.75475,0.94975,0.22775,0.19475,0.61425,0.41775,0.30175,0.88075,0.124267256367669,0.142000199911582,7.46727617836781e-05,0.00864134027704488,0.00864134027704488,2.05210568909308
"1511",1511,0.75525,0.15125,0.42825,0.38475,0.22225,0.72375,0.16775,0.82525,0.121423984599025,0.11400236520354,0.00011725865160244,0.010828603400367,0.010828603400367,-0.685371799214058
"1512",1512,0.75575,0.34375,0.10025,0.20025,0.94375,0.28675,0.70625,0.28425,0.000638364499121649,-0.00484842117603883,3.09505913094676e-05,0.00556332556205977,0.00556332556205977,-0.986242062226006
"1513",1513,0.75625,0.66325,0.92875,0.54475,0.60325,0.91675,0.01425,0.10075,0.0684694376191576,0.0391661167506008,0.000153569292520133,0.0123923077963765,0.0123923077963765,-2.36463791491082
"1514",1514,0.75675,0.49525,0.35675,0.56025,0.44125,0.14325,0.86775,0.47175,0.0997845648969807,0.0991098322015682,2.58397564325361e-05,0.00508328205321484,0.00508328205321484,-0.132735639759706
"1515",1515,0.75725,0.76275,0.11125,0.13775,0.67675,0.61575,0.87125,0.68475,-0.0766865837815245,-0.0920633801453221,7.03389796946801e-05,0.00838683371092334,0.00838683371092334,-1.83344476518835
"1516",1516,0.75775,0.28975,0.82225,0.43025,0.95275,0.95725,0.89825,0.37475,-0.116342064965002,-0.113279618244665,0.000114391032442902,0.0106953743479554,0.0106953743479554,0.286333757071574
"1517",1517,0.75825,0.01125,0.37875,0.47625,0.22675,0.20525,0.87325,0.36525,0.0556799877729608,0.0638344798592137,4.65431244320555e-05,0.00682225215248275,0.00682225215248275,1.19527861239859
"1518",1518,0.75875,0.53075,0.12775,0.26575,0.77625,0.30825,0.99475,0.56725,-0.0109213847120471,-0.025659561950973,5.24160312921196e-05,0.00723989166300986,0.00723989166300986,-2.03569030103397
"1519",1519,0.75925,0.38125,0.77625,0.00175,0.65325,0.88175,0.07125,0.89475,-0.0136851058621187,0.00170169686239212,0.000350841028580975,0.0187307508813976,0.0187307508813976,0.821472818785508
"1520",1520,0.75975,0.45325,0.96425,0.79825,0.85175,0.92625,0.45575,0.40575,0.0589823726067799,0.0494414179910447,5.67871636515827e-05,0.00753572582115238,0.00753572582115238,-1.26609630474536
"1521",1521,0.76025,0.25525,0.54025,0.32525,0.74275,0.90325,0.85925,0.94575,-0.0750785319564965,-0.0982734367623298,0.000179084376521084,0.0133822410873921,0.0133822410873921,-1.73326012095882
"1522",1522,0.76075,0.84625,0.04975,0.71825,0.55025,0.17925,0.29325,0.81525,0.343939932769463,0.347168868643855,5.4101068456994e-05,0.0073553428510841,0.0073553428510841,0.438991891984489
"1523",1523,0.76125,0.76725,0.10875,0.98575,0.29475,0.60625,0.22775,0.61975,0.290383576249143,0.277489171124005,8.63818709991108e-05,0.009294184794758,0.009294184794758,-1.38736267998572
"1524",1524,0.76175,0.18125,0.76725,0.76225,0.89775,0.10375,0.44225,0.92425,0.344110665893741,0.329087024271001,4.74137850885253e-05,0.00688576684825483,0.00688576684825483,-2.18184001198758
"1525",1525,0.76225,0.88925,0.17575,0.86375,0.64675,0.86475,0.21925,0.04625,0.106915344382307,0.0920377394479645,9.291110267881e-05,0.00963904054762765,0.00963904054762765,-1.54347363317236
"1526",1526,0.76275,0.22625,0.92975,0.24025,0.54875,0.22925,0.35525,0.70725,0.160107668035141,0.169737861752604,5.13200982909254e-05,0.0071638047356782,0.0071638047356782,1.34428478619766
"1527",1527,0.76325,0.09275,0.73275,0.65475,0.31775,0.24275,0.30125,0.58675,0.271498445437845,0.275094415701787,1.26858823379444e-05,0.00356172462971864,0.00356172462971864,1.00961490226886
"1528",1528,0.76375,0.98225,0.41125,0.93475,0.58475,0.37725,0.30525,0.16825,0.242552288538239,0.237027930034876,8.89558323171023e-05,0.00943163995904754,0.00943163995904754,-0.585726186257104
"1529",1529,0.76425,0.69875,0.85475,0.17125,0.16675,0.90925,0.88125,0.59925,-0.141172738330855,-0.162449341219762,0.000149091869879887,0.012210318172754,0.012210318172754,-1.74251011217574
"1530",1530,0.76475,0.47825,0.27775,0.39225,0.37925,0.81175,0.14125,0.31475,0.0502500039925174,0.0436644403926973,5.4609006031335e-05,0.00738979066221331,0.00738979066221331,-0.891170521716466
"1531",1531,0.76525,0.93925,0.33725,0.43125,0.09025,0.84825,0.92775,0.91075,-0.0501563568232429,-0.0881273362981658,0.000125956620451043,0.0112230397152929,0.0112230397152929,-3.38330616643745
"1532",1532,0.76575,0.31925,0.05725,0.97025,0.10325,0.40925,0.64825,0.74825,0.22837910783314,0.233803040607295,5.75497132580683e-05,0.00758615273100063,0.00758615273100063,0.71497806153971
"1533",1533,0.76625,0.36125,0.55025,0.30675,0.14025,0.78975,0.99925,0.08675,-0.141756488273238,-0.139076677542662,5.45865722226576e-05,0.00738827261426225,0.00738827261426225,0.362711403664628
"1534",1534,0.76675,0.46025,0.14575,0.70675,0.76675,0.73375,0.68625,0.80725,0.0815374961062512,0.0802039598315399,1.89273085831999e-05,0.0043505526756034,0.0043505526756034,-0.306521119072843
"1535",1535,0.76725,0.29475,0.52525,0.15775,0.31475,0.31025,0.03825,0.58325,0.196981748854058,0.209025777265705,5.92058095060435e-05,0.00769453114270412,0.00769453114270412,1.56527125412535
"1536",1536,0.76775,0.14225,0.05475,0.60425,0.21925,0.80125,0.31225,0.55075,0.0971311660850157,0.0873982092178882,8.98787513658797e-05,0.0094804404626515,0.0094804404626515,-1.02663551397963
"1537",1537,0.76825,0.68825,0.32675,0.74725,0.70775,0.61875,0.48475,0.78025,0.168818642712828,0.16922114391729,1.04656506769504e-05,0.0032350657917499,0.0032350657917499,0.124418243823191
"1538",1538,0.76875,0.06525,0.37025,0.79675,0.00775,0.02025,0.14425,0.68625,0.459599904326972,0.445026854209557,3.07715483496447e-05,0.00554721086219414,0.00554721086219414,-2.62709503558529
"1539",1539,0.76925,0.45425,0.24825,0.69925,0.80525,0.34525,0.16725,0.69575,0.325570912890113,0.314629637849855,1.70102652254529e-05,0.00412435027918979,0.00412435027918979,-2.65284815779696
"1540",1540,0.76975,0.89925,0.75875,0.53275,0.53075,0.35075,0.90275,0.42475,0.0433457832996426,0.0335446851473194,4.38750019057854e-05,0.00662382079360435,0.00662382079360435,-1.47967441416692
"1541",1541,0.77025,0.44975,0.24925,0.31425,0.89325,0.16425,0.88275,0.67075,0.069016156610108,0.04863732668517,5.79462928479854e-05,0.00761224624194367,0.00761224624194367,-2.67711123329802
"1542",1542,0.77075,0.85775,0.33575,0.64975,0.73375,0.60525,0.33225,0.88325,0.204427920449338,0.205226445065657,3.34932972292425e-05,0.00578733939122655,0.00578733939122655,0.137977844798515
"1543",1543,0.77125,0.07325,0.24275,0.21875,0.00475,0.01525,0.05425,0.74675,0.33103471328967,0.336432877892942,7.05534720299939e-05,0.00839961142136908,0.00839961142136908,0.642668372674811
"1544",1544,0.77175,0.13575,0.49025,0.60975,0.42725,0.38125,0.94975,0.52175,0.0568495112320779,0.0631463798085228,7.35685782006217e-05,0.00857721272912254,0.00857721272912254,0.734139256575147
"1545",1545,0.77225,0.17125,0.19825,0.33075,0.15675,0.50475,0.96325,0.02775,-0.0798461719144193,-0.0683823075034696,6.98900252065878e-05,0.00836002543097734,0.00836002543097734,1.37127147585836
"1546",1546,0.77275,0.16125,0.86625,0.07125,0.89175,0.53975,0.38575,0.41575,-0.00467998669302387,-0.00504252510940627,8.94111292448083e-05,0.00945574583228675,0.00945574583228675,-0.0383405415937163
"1547",1547,0.77325,0.49675,0.32825,0.50825,0.45525,0.45425,0.80225,0.21175,0.0130700482422343,0.02079193238657,1.61542262804369e-05,0.00401923205108101,0.00401923205108101,1.92123371982437
"1548",1548,0.77375,0.70625,0.44475,0.66525,0.32325,0.42475,0.92625,0.75425,0.0911497033224379,0.0782007370700612,3.13462886756944e-05,0.00559877564077133,0.00559877564077133,-2.3128210671776
"1549",1549,0.77425,0.89075,0.22925,0.04275,0.24225,0.03775,0.20975,0.02925,0.114881238677764,0.130769834003431,0.000148563792264467,0.0121886747542326,0.0121886747542326,1.30355396677966
"1550",1550,0.77475,0.04975,0.62175,0.15725,0.83475,0.30525,0.52975,0.69775,0.0788707958530449,0.0706260341005641,6.25974631823497e-05,0.00791185586208127,0.00791185586208127,-1.04207683964454
"1551",1551,0.77525,0.26325,0.73375,0.25025,0.41825,0.79875,0.10625,0.18575,0.0136575362954853,0.00777861505379401,9.20468814216816e-05,0.00959410659841142,0.00959410659841142,-0.612763802589468
"1552",1552,0.77575,0.65025,0.98725,0.15025,0.74525,0.40225,0.16825,0.19525,0.0819084616248287,0.0900359836081221,6.30896132070616e-05,0.00794289702860748,0.00794289702860748,1.02324403224931
"1553",1553,0.77625,0.08575,0.87325,0.14125,0.70875,0.79675,0.83525,0.72625,-0.100814638956896,-0.113561022938294,0.000184511640722454,0.0135835062013625,0.0135835062013625,-0.938372154614945
"1554",1554,0.77675,0.17325,0.21825,0.28725,0.03525,0.54225,0.43975,0.80025,0.0823783037474424,0.0835390451843457,8.44600684780979e-05,0.00919021591030907,0.00919021591030907,0.126301868011745
"1555",1555,0.77725,0.81775,0.49125,0.26225,0.09325,0.89925,0.49325,0.70775,-0.042310589346644,-0.0502807436977364,0.000110485324812453,0.0105111999701487,0.0105111999701487,-0.758253517555298
"1556",1556,0.77775,0.34275,0.60025,0.22475,0.62675,0.98575,0.45225,0.75725,-0.0620943042121002,-0.0699895516049548,0.000146561404130035,0.0121062547524011,0.0121062547524011,-0.652162667507777
"1557",1557,0.77825,0.87725,0.13225,0.18025,0.41925,0.00625,0.30025,0.43875,0.193956437290489,0.20760616642322,6.90243319781114e-05,0.00830808834679262,0.00830808834679262,1.6429446297355
"1558",1558,0.77875,0.86625,0.62225,0.13525,0.79025,0.58375,0.43425,0.92075,0.0444918960721037,0.0507785451427228,8.63811382670991e-05,0.00929414537583199,0.00929414537583199,0.676409590812575
"1559",1559,0.77925,0.59225,0.99175,0.64075,0.19825,0.43775,0.30825,0.39925,0.194141742729743,0.200006847336303,2.66711053821236e-05,0.00516440755383651,0.00516440755383651,1.13567810933182
"1560",1560,0.77975,0.37775,0.19675,0.23625,0.88625,0.39225,0.44375,0.23625,0.0457441438586203,0.0454637506833431,4.0463585679575e-05,0.00636109940808781,0.00636109940808781,-0.0440793575589612
"1561",1561,0.78025,0.40925,0.06275,0.24175,0.83825,0.52275,0.68175,0.24475,-0.0310719038305168,-0.0305776062808349,2.39947612771971e-05,0.00489844478147882,0.00489844478147882,0.100909078642849
"1562",1562,0.78075,0.58575,0.90275,0.02325,0.16725,0.01725,0.38925,0.61825,0.147708808878653,0.170298835065014,0.000119888244900341,0.0109493490628594,0.0109493490628594,2.06313873607219
"1563",1563,0.78125,0.33875,0.66225,0.96375,0.02125,0.40575,0.72775,0.51825,0.184657387558614,0.195761608100451,6.66031140725584e-05,0.00816107309565099,0.00816107309565099,1.36063240847021
"1564",1564,0.78175,0.80225,0.46725,0.86575,0.94525,0.83725,0.64025,0.74475,0.107550249444452,0.105214970757252,6.35244815448184e-05,0.00797022468596829,0.00797022468596829,-0.293000358109264
"1565",1565,0.78225,0.84575,0.35275,0.21025,0.25725,0.56625,0.24725,0.83175,0.109639289596945,0.128273050803515,7.58853948044504e-05,0.00871122234846812,0.00871122234846812,2.13905241551397
"1566",1566,0.78275,0.21025,0.94325,0.11625,0.77125,0.47325,0.35375,0.87675,0.088456397103226,0.0943819947214927,0.00011713212224294,0.0108227594560232,0.0108227594560232,0.547512641516662
"1567",1567,0.78325,0.54375,0.07875,0.51775,0.33525,0.63325,0.90375,0.28525,-0.0284459024434255,-0.0219306356581325,1.98268836155276e-05,0.00445273888921499,0.00445273888921499,1.46320432151853
"1568",1568,0.78375,0.08475,0.64975,0.59575,0.78225,0.57875,0.99425,0.31825,-0.0113855765168609,0.00486996883815888,0.00013464528713367,0.0116036755872297,0.0116036755872297,1.40089622747724
"1569",1569,0.78425,0.33725,0.10725,0.05175,0.79225,0.97075,0.71725,0.37125,-0.169852339427868,-0.179431672003579,0.000133431696339574,0.0115512638416571,0.0115512638416571,-0.829288700095763
"1570",1570,0.78475,0.77825,0.13175,0.30975,0.52375,0.05325,0.17675,0.33025,0.246171848598868,0.25549137752173,5.61605119231341e-05,0.00749403175354456,0.00749403175354456,1.24359346602101
"1571",1571,0.78525,0.11925,0.70225,0.31175,0.25175,0.02575,0.23325,0.51025,0.263534756300288,0.277168389394248,5.04927504355625e-05,0.00710582510589464,0.00710582510589464,1.91865587609948
"1572",1572,0.78575,0.31775,0.44425,0.85925,0.40225,0.88775,0.52275,0.67175,0.11433063797387,0.109105465772133,3.72430422673292e-05,0.00610270778157772,0.00610270778157772,-0.856205538385806
"1573",1573,0.78625,0.46175,0.73725,0.47825,0.72575,0.60875,0.60925,0.40025,0.037810091118676,0.0410132000697019,1.8005796112073e-05,0.00424332371049782,0.00424332371049782,0.754858495264345
"1574",1574,0.78675,0.75525,0.18225,0.98375,0.85575,0.13725,0.77525,0.11425,0.184254335393313,0.198089393292863,0.000162026682003167,0.0127289701862785,0.0127289701862785,1.08689530237598
"1575",1575,0.78725,0.76925,0.36725,0.00225,0.27725,0.87975,0.39425,0.13675,-0.131656692580694,-0.130656514466533,7.19045504746647e-05,0.00847965509172777,0.00847965509172777,0.117950329741208
"1576",1576,0.78775,0.77925,0.93675,0.52275,0.55325,0.09125,0.39175,0.23875,0.211817283256881,0.214333537165756,7.19899371560226e-05,0.00848468839475102,0.00848468839475102,0.296564091903676
"1577",1577,0.78825,0.20825,0.76625,0.88525,0.01425,0.76475,0.40925,0.99175,0.228499441499945,0.214714287597343,0.000178099128332699,0.0133453785383817,0.0133453785383817,-1.03295338254778
"1578",1578,0.78875,0.88825,0.65525,0.20325,0.12175,0.57225,0.41325,0.46875,0.0271791586702016,0.0375324831844607,3.15267798996629e-05,0.00561487131639389,0.00561487131639389,1.84391127255761
"1579",1579,0.78925,0.50875,0.17775,0.25625,0.40925,0.62225,0.61125,0.40375,-0.0181807675193249,-0.0170133560116317,2.75310626874653e-05,0.00524700511601288,0.00524700511601288,0.222491017615073
"1580",1580,0.78975,0.12425,0.10125,0.75825,0.59625,0.47175,0.51875,0.37275,0.160720831772842,0.173592599418865,2.01871640408661e-05,0.0044930128022148,0.0044930128022148,2.86484107939287
"1581",1581,0.79025,0.42625,0.28125,0.41225,0.94025,0.54875,0.94575,0.12325,-0.0518944172934712,-0.0424900065789338,2.42192629244964e-05,0.00492130703416241,0.00492130703416241,1.91095793236522
"1582",1582,0.79075,0.59075,0.14075,0.80975,0.05825,0.51225,0.25425,0.76875,0.301876411921614,0.29852792072366,5.90314363713143e-05,0.00768319180883272,0.00768319180883272,-0.435820331090071
"1583",1583,0.79125,0.49625,0.40125,0.92725,0.24175,0.43875,0.66475,0.83325,0.235889273401819,0.23784902612511,3.29474260976404e-05,0.00573998485169085,0.00573998485169085,0.341421236105475
"1584",1584,0.79175,0.72025,0.66575,0.31025,0.52675,0.35525,0.10925,0.02575,0.142715309129082,0.145484045313089,4.38509185864528e-05,0.00662200261148037,0.00662200261148037,0.418111611615333
"1585",1585,0.79225,0.09925,0.58225,0.99475,0.92275,0.77525,0.39075,0.65475,0.221499841500487,0.209401733854058,4.29006132565271e-05,0.00654985597219718,0.00654985597219718,-1.8470799507322
"1586",1586,0.79275,0.23075,0.40225,0.78375,0.24875,0.78125,0.13675,0.48425,0.214486156745412,0.193468515514755,6.8348401485327e-05,0.0082673092046522,0.0082673092046522,-2.54225899992103
"1587",1587,0.79325,0.09625,0.06725,0.58375,0.46975,0.71925,0.68425,0.11275,-0.00660090035477142,0.00943958717036741,5.54259136383085e-05,0.00744485820135673,0.00744485820135673,2.15457260451457
"1588",1588,0.79375,0.42175,0.86525,0.53875,0.88725,0.59825,0.54225,0.15275,0.0448701563644997,0.0481283591634919,2.0852233767903e-05,0.00456642461537503,0.00456642461537503,0.713512884461493
"1589",1589,0.79425,0.73875,0.07125,0.09825,0.97225,0.69625,0.11275,0.21575,0.0114937245328107,0.0190061765678976,7.83274707391751e-05,0.00885028082826614,0.00885028082826614,0.848837701408698
"1590",1590,0.79475,0.05025,0.41475,0.68175,0.02725,0.15475,0.64725,0.48575,0.203822025665536,0.221882311454405,4.0973586739701e-05,0.00640106137602984,0.00640106137602984,2.82145174494025
"1591",1591,0.79525,0.28575,0.25625,0.38225,0.04525,0.87475,0.37175,0.30675,-0.00976525411011537,-0.0132526168991225,0.000113125507241645,0.0106360475385194,0.0106360475385194,-0.32788145938398
"1592",1592,0.79575,0.35925,0.11075,0.07425,0.86625,0.56325,0.12425,0.53175,0.0780931996607559,0.0822247283938764,8.904033113072e-05,0.00943611843560264,0.00943611843560264,0.437841975099865
"1593",1593,0.79625,0.45925,0.77825,0.21925,0.11975,0.17625,0.57625,0.85225,0.14767362442282,0.155269382818596,6.99950369010135e-05,0.00836630365818822,0.00836630365818822,0.907898960652944
"1594",1594,0.79675,0.33375,0.04075,0.36575,0.68425,0.75225,0.51325,0.54425,0.0149949413952895,0.0159753396068996,4.79570873600151e-05,0.00692510558475573,0.00692510558475573,0.141571590441633
"1595",1595,0.79725,0.25275,0.56075,0.98775,0.50025,0.31875,0.14625,0.27125,0.376912175028464,0.355935536377309,3.27916149829897e-05,0.00572639633478069,0.00572639633478069,-3.66314823927715
"1596",1596,0.79775,0.02425,0.47575,0.72375,0.56025,0.99775,0.45125,0.95675,0.106076637467334,0.0892098479583936,0.000133487907810376,0.0115536967162193,0.0115536967162193,-1.4598608500137
"1597",1597,0.79825,0.56775,0.74675,0.52825,0.70575,0.13875,0.38675,0.07625,0.18590942140918,0.187031044282927,4.78651852072588e-05,0.00691846696944191,0.00691846696944191,0.162120145792571
"1598",1598,0.79875,0.56925,0.71675,0.62525,0.26675,0.78025,0.53775,0.47925,0.0624336972036466,0.0634252213649505,3.78415846205205e-05,0.00615155139948619,0.00615155139948619,0.161182780881375
"1599",1599,0.79925,0.06725,0.93725,0.55125,0.26775,0.03375,0.05225,0.54475,0.423817075777945,0.417581959375883,7.3757889112721e-05,0.00858824132827676,0.00858824132827676,-0.726006194252236
"1600",1600,0.79975,0.01375,0.33525,0.48925,0.34325,0.29275,0.84025,0.24675,0.0552574292214984,0.0704204619031228,6.01434836937245e-05,0.00775522299445506,0.00775522299445506,1.95520266695953
"1601",1601,0.80025,0.49925,0.05225,0.29725,0.51625,0.53625,0.64875,0.74075,0.047064556409237,0.043450864212071,4.09285768113355e-05,0.00639754459236788,0.00639754459236788,-0.56485611706045
"1602",1602,0.80075,0.26925,0.56525,0.98675,0.10575,0.70425,0.88175,0.98625,0.155012462411608,0.148426338419824,0.00022118410848065,0.0148722596965172,0.0148722596965172,-0.442846220156197
"1603",1603,0.80125,0.94375,0.36275,0.25075,0.85675,0.45925,0.40275,0.19925,0.049073039429736,0.0540714823479823,3.51683582381269e-05,0.00593029158120635,0.00593029158120635,0.842866299203033
"1604",1604,0.80175,0.19525,0.95825,0.28625,0.99025,0.14275,0.66425,0.97875,0.173813529090623,0.151412963857626,0.000179118278320236,0.0133835076986654,0.0133835076986654,-1.67374396438915
"1605",1605,0.80225,0.91475,0.67325,0.22225,0.05975,0.49125,0.55475,0.77325,0.0625049954881968,0.0653648810314948,4.20303479877123e-05,0.00648308167368824,0.00648308167368824,0.441130574508252
"1606",1606,0.80275,0.34625,0.49475,0.20625,0.55875,0.89675,0.17375,0.11325,-0.0359265651011847,-0.0409743130859565,7.48947149702505e-05,0.00865417326902174,0.00865417326902174,-0.583273274969036
"1607",1607,0.80325,0.33575,0.45825,0.60775,0.03975,0.51675,0.69025,0.57075,0.102589114130712,0.11078473129537,4.92555733608514e-05,0.0070182314980949,0.0070182314980949,1.16776101883825
"1608",1608,0.80375,0.08825,0.32575,0.66475,0.37725,0.23525,0.98725,0.69975,0.13420675138954,0.134709877419757,0.000105512383748352,0.0102719221058355,0.0102719221058355,0.0489807092609463
"1609",1609,0.80425,0.36025,0.07675,0.39475,0.78775,0.81975,0.10075,0.89875,0.15514337066643,0.146500906245751,0.000125581237853631,0.0112063034874855,0.0112063034874855,-0.771214560656007
"1610",1610,0.80475,0.20325,0.02425,0.67425,0.20675,0.09025,0.97175,0.06875,0.0899964648216682,0.11393146009158,0.000163733191643829,0.0127958271183941,0.0127958271183941,1.87053131059461
"1611",1611,0.80525,0.43675,0.56575,0.07625,0.12425,0.51575,0.36975,0.09175,-0.0133818838275308,0.00135490498428141,8.11201599562697e-05,0.00900667307923795,0.00900667307923795,1.63620780749589
"1612",1612,0.80575,0.78075,0.86425,0.04175,0.12125,0.49975,0.32575,0.46975,0.0325053375529394,0.0594070077606322,7.32444892522803e-05,0.00855829943693724,0.00855829943693724,3.14334295100571
"1613",1613,0.80625,0.56675,0.80175,0.97675,0.03375,0.18825,0.62875,0.35375,0.260420760797892,0.273216031638924,8.77978900244077e-05,0.00937005282932853,0.00937005282932853,1.36554948772353
"1614",1614,0.80675,0.47725,0.63275,0.23575,0.70925,0.67775,0.97225,0.39675,-0.0872134059864968,-0.0950083077667002,6.23385685666905e-05,0.0078954777288452,0.0078954777288452,-0.987261575284501
"1615",1615,0.80725,0.63875,0.82525,0.94675,0.07575,0.37525,0.29725,0.51075,0.338879372194628,0.337978146074371,3.7372439621331e-05,0.00611330022339252,0.00611330022339252,-0.147420556381063
"1616",1616,0.80775,0.11275,0.46525,0.42675,0.09375,0.56725,0.60125,0.96075,0.112330121427646,0.112000739609361,0.000102610541305212,0.0101296861405086,0.0101296861405086,-0.0325164880447594
"1617",1617,0.80825,0.71625,0.01325,0.96275,0.00275,0.33575,0.62575,0.51475,0.247635513854736,0.259772730608774,0.00011906587472577,0.0109117310600001,0.0109117310600001,1.11230900828652
"1618",1618,0.80875,0.59925,0.72175,0.61075,0.59125,0.32475,0.15825,0.21325,0.261343327508667,0.258098801092243,1.83648291924389e-05,0.00428542053857481,0.00428542053857481,-0.757108056774996
"1619",1619,0.80925,0.71675,0.29625,0.62975,0.80575,0.64325,0.18625,0.31875,0.182365045241456,0.178253574732511,8.28599804772774e-06,0.00287854095814663,0.00287854095814663,-1.42831752916665
"1620",1620,0.80975,0.68975,0.72275,0.57225,0.90425,0.79475,0.66875,0.91975,0.072362153769595,0.0630916990318036,7.80849182411789e-05,0.00883656710726393,0.00883656710726393,-1.04910137899262
"1621",1621,0.81025,0.89575,0.80825,0.15375,0.82225,0.92775,0.47375,0.50575,-0.0768822925144519,-0.0752680104934794,0.000137143948656428,0.0117108474781473,0.0117108474781473,0.137845021377384
"1622",1622,0.81075,0.74425,0.36075,0.77825,0.27275,0.22975,0.25225,0.28825,0.314765499460203,0.318780440875764,4.42326280291767e-05,0.00665076146235728,0.00665076146235728,0.603681463887291
"1623",1623,0.81125,0.48675,0.48925,0.86325,0.15625,0.23375,0.91175,0.17775,0.130560751441854,0.150378876203928,0.000102748825528446,0.0101365095337817,0.0101365095337817,1.95512318081748
"1624",1624,0.81175,0.24675,0.40625,0.90525,0.95525,0.49475,0.89975,0.47625,0.126703679806258,0.148485593975604,0.000126177726994574,0.0112328859601874,0.0112328859601874,1.93912003082266
"1625",1625,0.81225,0.06325,0.88475,0.98225,0.80075,0.96525,0.55375,0.64675,0.133720220701414,0.134746549722745,9.53748639066188e-05,0.00976600552460518,0.00976600552460518,0.105091996799016
"1626",1626,0.81275,0.13975,0.71225,0.02175,0.93425,0.89025,0.01925,0.32025,-0.0262974782227857,-0.03144400290128,0.00022545309609367,0.0150150956072104,0.0150150956072104,-0.342756703861605
"1627",1627,0.81325,0.02975,0.31325,0.03875,0.36475,0.70175,0.56475,0.16725,-0.0926842868805101,-0.090928967237348,0.000115794494598198,0.0107607850363344,0.0107607850363344,0.163121894660581
"1628",1628,0.81375,0.20575,0.08875,0.88175,0.39075,0.69925,0.17275,0.30575,0.245042564974907,0.232118097194751,3.89395010721025e-05,0.00624015232763612,0.00624015232763612,-2.0711782503957
"1629",1629,0.81425,0.20275,0.86775,0.86425,0.73275,0.74575,0.80775,0.89275,0.130191369102353,0.133184531792502,0.000186211797504088,0.0136459443610213,0.0136459443610213,0.219344488806416
"1630",1630,0.81475,0.06925,0.70925,0.74475,0.82525,0.77475,0.98325,0.72225,0.0393359666601106,0.0493290082231552,0.000251976863026926,0.0158737791035067,0.0158737791035067,0.629531348388049
"1631",1631,0.81525,0.27425,0.54825,0.75075,0.53675,0.59525,0.86275,0.34325,0.0621931750954662,0.0837762006795082,5.65716295703294e-05,0.00752141140812875,0.00752141140812875,2.86954461242689
"1632",1632,0.81575,0.32425,0.85575,0.85075,0.62225,0.16475,0.95075,0.22075,0.143995629586809,0.16127478536748,0.000284600789025874,0.016870115264155,0.016870115264155,1.02424645653638
"1633",1633,0.81625,0.69025,0.67925,0.57475,0.25875,0.62875,0.44425,0.93275,0.180004859364989,0.184179363410803,5.68375904021774e-05,0.00753907092433659,0.00753907092433659,0.55371598008694
"1634",1634,0.81675,0.83325,0.84325,0.42725,0.38075,0.18225,0.90775,0.29075,0.0669397450350607,0.0536982194361432,0.000118718172930331,0.0108957869348813,0.0108957869348813,-1.21528859531262
"1635",1635,0.81725,0.88225,0.77925,0.03275,0.08575,0.19175,0.22725,0.16575,0.11090025263754,0.142383711543923,8.29128288781148e-05,0.00910564818550084,0.00910564818550084,3.45757471242024
"1636",1636,0.81775,0.10225,0.54125,0.19625,0.01525,0.96875,0.71625,0.59425,-0.105790696210107,-0.112837847578721,0.000204348144201741,0.014295039146562,0.014295039146562,-0.492978808687548
"1637",1637,0.81825,0.20225,0.70325,0.01375,0.34725,0.74075,0.31475,0.39575,-0.0402694180152668,-0.0240450231366225,0.000150095563864774,0.0122513494711715,0.0122513494711715,1.32429451276545
"1638",1638,0.81875,0.98775,0.35475,0.99825,0.43275,0.04425,0.42075,0.30625,0.37352226031434,0.369548827671222,0.000198395699808107,0.0140853008419454,0.0140853008419454,-0.282097818690908
"1639",1639,0.81925,0.40825,0.83175,0.19325,0.35475,0.33975,0.78975,0.81425,0.0602512657307958,0.051205933114086,8.812424673329e-05,0.00938745155690776,0.00938745155690776,-0.963555717105543
"1640",1640,0.81975,0.54475,0.72975,0.08425,0.84875,0.76175,0.12775,0.61175,0.041116558416224,0.0557824898450072,0.000148945414978618,0.012204319521326,0.012204319521326,1.20170005407968
"1641",1641,0.82025,0.62275,0.79725,0.51425,0.66225,0.25275,0.67675,0.42675,0.14198641017786,0.143727733266814,4.5835615048472e-05,0.0067702005175971,0.0067702005175971,0.257204064255993
"1642",1642,0.82075,0.93075,0.58875,0.84625,0.43325,0.24625,0.91225,0.15925,0.128259051131344,0.129629010454393,9.37702737074116e-05,0.00968350523867322,0.00968350523867322,0.141473494285703
"1643",1643,0.82125,0.87375,0.14425,0.64825,0.33925,0.46575,0.46175,0.88475,0.241498702768923,0.246788073397246,3.43604132449364e-05,0.00586177560513334,0.00586177560513334,0.902349558330236
"1644",1644,0.82175,0.82675,0.99075,0.23375,0.95625,0.94525,0.67025,0.05675,-0.126303927249676,-0.130429185049706,0.000166366017703122,0.012898295147155,0.012898295147155,-0.319829694774809
"1645",1645,0.82225,0.02025,0.05325,0.24925,0.83325,0.78375,0.82125,0.09475,-0.104846896910195,-0.0951566472241173,0.000111426830199272,0.0105558907818939,0.0105558907818939,0.917994500539831
"1646",1646,0.82275,0.16375,0.80025,0.94475,0.96175,0.66525,0.21275,0.90675,0.365450311216911,0.333555079625577,8.50951237965906e-05,0.00922470182697471,0.00922470182697471,-3.4575894364484
"1647",1647,0.82325,0.13825,0.72475,0.12025,0.67925,0.09325,0.57975,0.06225,0.0633422470420043,0.0652440835035778,0.000178907743533853,0.013375639929882,0.013375639929882,0.142186577355801
"1648",1648,0.82375,0.53375,0.11325,0.09475,0.59225,0.79625,0.98925,0.77975,-0.109705149409507,-0.138455475095372,0.000150376490823091,0.012262809254942,0.012262809254942,-2.34451381311981
"1649",1649,0.82425,0.00575,0.97025,0.12525,0.21375,0.62425,0.48025,0.14925,-0.03377874169225,-0.0113223955494452,0.000175143762325945,0.0132341891450117,0.0132341891450117,1.69684337262696
"1650",1650,0.82475,0.87275,0.60675,0.95375,0.87075,0.35225,0.56225,0.23175,0.231576757927609,0.235232679451129,6.45623546512479e-05,0.00803507029535199,0.00803507029535199,0.454995586738651
"1651",1651,0.82525,0.78375,0.82825,0.00525,0.90875,0.31225,0.73125,0.96175,0.0502914610975628,0.0224307594428592,0.000152030850873909,0.0123300791106103,0.0123300791106103,-2.25957201123948
"1652",1652,0.82575,0.30525,0.71625,0.83975,0.67975,0.56125,0.14975,0.78325,0.372150300343683,0.352405612528439,3.16996690835541e-05,0.0056302459167921,0.0056302459167921,-3.50689616529109
"1653",1653,0.82625,0.58125,0.90575,0.57825,0.71525,0.27025,0.04375,0.00725,0.290493057716814,0.271983065784583,8.15153664613593e-05,0.00902858607210228,0.00902858607210228,-2.05015400910068
"1654",1654,0.82675,0.48925,0.42525,0.20375,0.38175,0.16575,0.62675,0.70275,0.13683740552176,0.135846087617351,2.59162556649804e-05,0.00509080108283366,0.00509080108283366,-0.194727291103897
"1655",1655,0.82725,0.48875,0.98425,0.60825,0.97875,0.18775,0.44075,0.73725,0.302733384972338,0.295182374320876,5.71948749849625e-05,0.00756272933437145,0.00756272933437145,-0.998450469084458
"1656",1656,0.82775,0.90875,0.86175,0.39575,0.20725,0.21625,0.59075,0.47525,0.153183561615285,0.158821740812257,4.67261508290474e-05,0.00683565291900104,0.00683565291900104,0.824819408442983
"1657",1657,0.82825,0.00675,0.69175,0.46925,0.84275,0.32375,0.09125,0.56275,0.319471132106131,0.302656964512613,5.2534153460702e-05,0.00724804480261415,0.00724804480261415,-2.31982114506986
"1658",1658,0.82875,0.24375,0.06075,0.54625,0.63825,0.24975,0.33275,0.67225,0.29382199767471,0.297632609630139,1.31414304554486e-05,0.00362511109560088,0.00362511109560088,1.0511710827437
"1659",1659,0.82925,0.59775,0.08425,0.86925,0.93275,0.57175,0.05675,0.27225,0.332220874534515,0.302322634189625,8.70153535151785e-05,0.00932820205158414,0.00932820205158414,-3.20514501932477
"1660",1660,0.82975,0.75025,0.05175,0.37075,0.69275,0.73125,0.95325,0.14225,-0.0795115951457768,-0.0709729920648369,3.73176455544558e-05,0.00610881703396458,0.00610881703396458,1.397750666531
"1661",1661,0.83025,0.99625,0.50175,0.46575,0.06825,0.56075,0.23225,0.36075,0.162308492806597,0.175959467667136,5.34572582064783e-05,0.00731144706651688,0.00731144706651688,1.86706882185529
"1662",1662,0.83075,0.46775,0.32175,0.60875,0.53225,0.18325,0.86475,0.81125,0.195230906282659,0.183637917361362,5.1698065805596e-05,0.00719013670284481,0.00719013670284481,-1.61234610695373
"1663",1663,0.83125,0.60025,0.88775,0.84375,0.61675,0.78825,0.46275,0.79825,0.201716860718478,0.201889987625091,6.99046241132956e-05,0.00836089852308325,0.00836089852308325,0.0207067345854066
"1664",1664,0.83175,0.82175,0.24875,0.44125,0.79175,0.07575,0.19925,0.23425,0.292667893305548,0.289742854768351,4.6153614020874e-05,0.00679364512032193,0.00679364512032193,-0.430555097505357
"1665",1665,0.83225,0.70925,0.53875,0.73425,0.27375,0.85125,0.07425,0.01025,0.158458833531324,0.134471554738641,7.02017144481947e-05,0.00837864633745778,0.00837864633745778,-2.86290622930877
"1666",1666,0.83275,0.07225,0.80125,0.24575,0.33025,0.62175,0.31325,0.19475,0.0442490421754357,0.0641902895101769,9.52695536373127e-05,0.00976061235975042,0.00976061235975042,2.043032404091
"1667",1667,0.83325,0.22175,0.50625,0.04375,0.15925,0.63075,0.37425,0.91375,0.0475271979008092,0.0679331825008966,0.00019854982943363,0.0140907710730687,0.0140907710730687,1.44818083370106
"1668",1668,0.83375,0.44675,0.69475,0.93725,0.79275,0.37075,0.72575,0.34375,0.202542422069897,0.221779265211352,6.49386763433961e-05,0.00805845371913223,0.00805845371913223,2.38716307271
"1669",1669,0.83425,0.46425,0.65075,0.78575,0.31625,0.70725,0.06125,0.91225,0.368692463890722,0.347189896790054,9.86562568297875e-05,0.0099325856064666,0.0099325856064666,-2.16485092126151
"1670",1670,0.83475,0.01875,0.23275,0.50125,0.62925,0.30275,0.60825,0.96475,0.22739142565338,0.222376105420849,4.65242699657202e-05,0.00682087017657719,0.00682087017657719,-0.735290381241026
"1671",1671,0.83525,0.48375,0.81175,0.21725,0.71875,0.78225,0.47775,0.37725,-0.0211949565685714,-0.0133023066885074,6.60592752798686e-05,0.00812768572718389,0.00812768572718389,0.971082069975493
"1672",1672,0.83575,0.44875,0.25525,0.06175,0.16775,0.60375,0.52175,0.96125,0.0338953603041849,0.0392702083163698,0.000138851359738621,0.0117835206852036,0.0117835206852036,0.456132607204061
"1673",1673,0.83625,0.62025,0.60075,0.04775,0.71575,0.88125,0.26225,0.22025,-0.067194457782312,-0.0568071619005911,9.96244319046238e-05,0.00998120393061998,0.00998120393061998,1.04068566817427
"1674",1674,0.83675,0.22825,0.58275,0.58325,0.88775,0.41975,0.75475,0.20425,0.0837484342062098,0.0993067286609264,6.52290073927123e-05,0.0080764476964017,0.0080764476964017,1.92637840787953
"1675",1675,0.83725,0.31975,0.62025,0.34325,0.35275,0.56775,0.75825,0.65125,0.0405844968304423,0.044654236849066,4.27223045889054e-05,0.00653623015115788,0.00653623015115788,0.622643316484617
"1676",1676,0.83775,0.85675,0.26725,0.69875,0.66175,0.57575,0.33325,0.45925,0.217550767402846,0.225277926503904,1.59683317832964e-05,0.00399603951222912,0.00399603951222912,1.93370437840028
"1677",1677,0.83825,0.74225,0.92325,0.44225,0.88925,0.34075,0.06075,0.15075,0.257113435908871,0.245702519240535,4.43939417230741e-05,0.00666287788594944,0.00666287788594944,-1.71261080627024
"1678",1678,0.83875,0.65075,0.60275,0.71225,0.01775,0.10025,0.00025,0.04475,0.416857771095991,0.405245315555756,0.000157223401232716,0.0125388755968275,0.0125388755968275,-0.926116177687662
"1679",1679,0.83925,0.81975,0.58525,0.19875,0.40125,0.53175,0.81125,0.22625,-0.0385590908478638,-0.0447242992999717,3.28706058766228e-05,0.00573328927201679,0.00573328927201679,-1.07533531967404
"1680",1680,0.83975,0.61625,0.52825,0.16975,0.11675,0.71325,0.60175,0.06125,-0.0686044024528039,-0.0607439764066718,8.4058052531739e-05,0.00916831786816638,0.00916831786816638,0.857346588453761
"1681",1681,0.84025,0.57225,0.74625,0.83825,0.58625,0.15225,0.51525,0.07325,0.253615227770756,0.266114576744431,7.29547012482889e-05,0.00854135242501379,0.00854135242501379,1.46339225355811
"1682",1682,0.84075,0.42725,0.29575,0.09125,0.90675,0.74225,0.28975,0.80975,0.0430326404574643,0.0509016214366761,0.000166170593451649,0.0128907173365817,0.0128907173365817,0.610437788196701
"1683",1683,0.84125,0.11825,0.07825,0.97775,0.07225,0.29425,0.27675,0.14025,0.345289760998338,0.361431783372783,4.26073124310408e-05,0.00652742770400721,0.00652742770400721,2.47295306917537
"1684",1684,0.84175,0.05475,0.82075,0.85675,0.69975,0.55025,0.02375,0.97975,0.490620320335787,0.440413065935861,0.000113414847732156,0.0106496407325391,0.0106496407325391,-4.71445522537881
"1685",1685,0.84225,0.91975,0.58625,0.90125,0.84525,0.70775,0.95675,0.67425,0.108934741683734,0.110300274800819,0.000120886953557665,0.0109948603246092,0.0109948603246092,0.124197404675401
"1686",1686,0.84275,0.28125,0.91725,0.44575,0.16025,0.76125,0.46075,0.38775,0.0542895399014695,0.0766518978213189,0.00011131343064566,0.0105505180273605,0.0105505180273605,2.1195507047007
"1687",1687,0.84325,0.74675,0.49325,0.34725,0.08275,0.73175,0.14875,0.36325,0.111176015949763,0.128817500832524,0.000107128614685799,0.010350295391234,0.010350295391234,1.70444264785932
"1688",1688,0.84375,0.33325,0.14825,0.33375,0.97925,0.39475,0.28375,0.05725,0.128544693330289,0.127741378078283,5.4099261913905e-05,0.00735522004524032,0.00735522004524032,-0.109217025060431
"1689",1689,0.84425,0.71475,0.35825,0.87175,0.12725,0.30675,0.77025,0.20025,0.176356306993234,0.197433403685426,7.01275721982215e-05,0.00837422069199406,0.00837422069199406,2.5169024638128
"1690",1690,0.84475,0.16425,0.52325,0.70375,0.15175,0.55925,0.82575,0.08925,0.054515568262667,0.0935154341299761,0.000110942378077019,0.0105329187824183,0.0105329187824183,3.70266463389125
"1691",1691,0.84525,0.88025,0.26225,0.20725,0.57525,0.63375,0.51175,0.77425,0.0568296191645592,0.0632378433100351,5.57705497982843e-05,0.00746796825102278,0.00746796825102278,0.858094722697603
"1692",1692,0.84575,0.09025,0.38875,0.29625,0.80025,0.43375,0.25375,0.80675,0.220907810330008,0.22201933006589,5.98111809372749e-05,0.00773376887017416,0.00773376887017416,0.143722905938999
"1693",1693,0.84625,0.36525,0.89025,0.34025,0.27675,0.71175,0.74025,0.81325,0.0283953783753623,0.0331840059767124,0.00014467897519324,0.0120282573631113,0.0120282573631113,0.398114827176548
"1694",1694,0.84675,0.64425,0.23875,0.15475,0.24525,0.88225,0.32075,0.41875,-0.0247562887133759,-0.00843192961460525,0.000147046760361155,0.0121262838644473,0.0121262838644473,1.34619635176376
"1695",1695,0.84725,0.61475,0.19075,0.33125,0.75375,0.87375,0.59525,0.00975,-0.0674466901912971,-0.0570048351775692,4.21111022253743e-05,0.00648930675999943,0.00648930675999943,1.60908636313701
"1696",1696,0.84775,0.26825,0.63475,0.95875,0.14175,0.31275,0.29075,0.80475,0.456953369527275,0.463683896726363,2.98786622244155e-05,0.00546613777949435,0.00546613777949435,1.23131312648885
"1697",1697,0.84825,0.51225,0.64375,0.54725,0.37575,0.03975,0.48975,0.82125,0.343065598411794,0.350186024639671,3.91560215840196e-05,0.00625747725397541,0.00625747725397541,1.13790684949807
"1698",1698,0.84875,0.53975,0.02625,0.04225,0.25375,0.00325,0.78375,0.90375,0.139873712727927,0.105353069913474,0.000227503318546692,0.0150832131373488,0.0150832131373488,-2.28867964008104
"1699",1699,0.84925,0.59575,0.73175,0.62425,0.91525,0.78775,0.87625,0.92375,0.0703013336808253,0.0624650440875407,0.000180852663371138,0.0134481472096024,0.0134481472096024,-0.582704031354538
"1700",1700,0.84975,0.82725,0.87625,0.56275,0.76375,0.53725,0.23275,0.46575,0.232477781235954,0.236388683421181,2.9043364949175e-05,0.00538918963752205,0.00538918963752205,0.725693925854357
"1701",1701,0.85025,0.22875,0.85275,0.43575,0.22275,0.03325,0.90125,0.62975,0.171687557610083,0.170750442281328,0.000244738322996383,0.0156441146440565,0.0156441146440565,-0.0599021005711589
"1702",1702,0.85075,0.46075,0.15175,0.23475,0.34825,0.70675,0.49225,0.24925,-0.0043883366261376,0.0111067306678549,8.01938707377169e-05,0.00895510305567261,0.00895510305567261,1.73030585998417
"1703",1703,0.85125,0.42575,0.89725,0.89525,0.11475,0.93175,0.29025,0.07475,0.139624415548912,0.138448756900691,5.97713691816178e-05,0.00773119455075461,0.00773119455075461,-0.152066881838622
"1704",1704,0.85175,0.02675,0.46425,0.04425,0.72225,0.95625,0.40475,0.20325,-0.108233656891098,-0.103158360727017,0.000220896954317459,0.0148626025418652,0.0148626025418652,0.341480985566614
"1705",1705,0.85225,0.62525,0.95875,0.91775,0.69625,0.18425,0.74125,0.52425,0.282906613156504,0.287550582361442,0.000136973414102853,0.0117035641623761,0.0117035641623761,0.396799568106537
"1706",1706,0.85275,0.76675,0.74075,0.07975,0.44875,0.04625,0.40875,0.71575,0.217111370322795,0.231938755662296,8.8165744976858e-05,0.00938966160076379,0.00938966160076379,1.57911818017966
"1707",1707,0.85325,0.98425,0.20875,0.35025,0.46675,0.46425,0.41475,0.60225,0.156333864271459,0.171155340195959,3.7309261727369e-05,0.00610813078833198,0.00610813078833198,2.42651580951944
"1708",1708,0.85375,0.69575,0.53225,0.77625,0.94975,0.28775,0.17225,0.92325,0.488050456302462,0.459684596461273,0.000108813473785316,0.0104313696984296,0.0104313696984296,-2.71928429930533
"1709",1709,0.85425,0.57975,0.79475,0.14825,0.91275,0.20125,0.33975,0.07075,0.12480270983656,0.127389022727329,0.000102354388473707,0.0101170345691663,0.0101170345691663,0.25563942409086
"1710",1710,0.85475,0.36375,0.75375,0.37675,0.64425,0.61375,0.11025,0.67975,0.225524829230044,0.236799729613374,6.21021460778434e-05,0.00788049148707385,0.00788049148707385,1.43073568467448
"1711",1711,0.85525,0.37975,0.43425,0.41025,0.84825,0.80175,0.86975,0.56975,-0.0184265693233134,-0.013439392452404,6.87243737816393e-05,0.00829001651274829,0.00829001651274829,0.601588291560117
"1712",1712,0.85575,0.32125,0.69825,0.28375,0.04025,0.23925,0.28925,0.53725,0.23395191427006,0.274438232304026,7.14670138108206e-05,0.008453816523371,0.008453816523371,4.78911719009272
"1713",1713,0.85625,0.12325,0.44675,0.37125,0.92025,0.12675,0.11425,0.88975,0.42676682917488,0.401577083012929,0.000107037015337292,0.0103458694819378,0.0103458694819378,-2.4347635745771
"1714",1714,0.85675,0.56425,0.39425,0.33925,0.05125,0.61175,0.10875,0.41725,0.176584457212592,0.202402629608347,0.00010990592967035,0.0104836028954911,0.0104836028954911,2.46271941556077
"1715",1715,0.85725,0.85075,0.00875,0.25475,0.42275,0.32575,0.16375,0.26775,0.201773549150098,0.223336030197028,8.82606571530067e-05,0.00939471431992515,0.00939471431992515,2.2951715520714
"1716",1716,0.85775,0.81375,0.75575,0.70175,0.12225,0.63825,0.71175,0.66375,0.140107343447282,0.146833048185798,8.53149544526913e-05,0.00923660946736904,0.00923660946736904,0.728157313814822
"1717",1717,0.85825,0.69775,0.61225,0.73775,0.05875,0.32875,0.06225,0.36475,0.408347930792128,0.408884733093832,4.67390328555686e-05,0.00683659512151836,0.00683659512151836,0.0785189545618109
"1718",1718,0.85875,0.37325,0.69325,0.37575,0.14875,0.09825,0.63275,0.85725,0.246826563309383,0.257662198789737,7.15578971182555e-05,0.00845919009824555,0.00845919009824555,1.28093060381766
"1719",1719,0.85925,0.79325,0.71075,0.65675,0.64025,0.00725,0.55775,0.45675,0.312561311332518,0.309017826203581,5.70030785545769e-05,0.00755003831477542,0.00755003831477542,-0.469333396891833
"1720",1720,0.85975,0.57775,0.44025,0.37325,0.07275,0.09775,0.49775,0.26125,0.198757164116274,0.223370577904183,4.56908153006336e-05,0.00675949815449591,0.00675949815449591,3.64130786418486
"1721",1721,0.86025,0.54025,0.31875,0.03775,0.45575,0.30775,0.09575,0.36825,0.179357752740316,0.209593397615193,6.24667092708765e-05,0.00790358837939303,0.00790358837939303,3.82555915408122
"1722",1722,0.86075,0.30775,0.26525,0.54975,0.24425,0.21425,0.26475,0.00825,0.24876326552781,0.272948910594154,5.66248802908567e-05,0.00752495051750221,0.00752495051750221,3.21406034632265
"1723",1723,0.86125,0.39725,0.56625,0.08825,0.44025,0.38325,0.48225,0.60775,0.0942595306451454,0.113669059539974,5.18508965416726e-05,0.00720075666452301,0.00720075666452301,2.69548462739427
"1724",1724,0.86175,0.16725,0.24575,0.89625,0.12925,0.30625,0.98575,0.35775,0.1685016132123,0.212248231182649,0.000145832168376414,0.012076099054596,0.012076099054596,3.62257859699318
"1725",1725,0.86225,0.43125,0.72225,0.06725,0.72975,0.14925,0.55925,0.18475,0.083013599740034,0.0860242838270973,0.000125295277168758,0.011193537294741,0.011193537294741,0.268966280076433
"1726",1726,0.86275,0.97575,0.01675,0.51325,0.31375,0.65175,0.62125,0.78375,0.125828950549064,0.131657866943627,6.77745294171611e-05,0.00823252873770636,0.00823252873770636,0.708034746100013
"1727",1727,0.86325,0.50775,0.24475,0.43275,0.03575,0.71525,0.03425,0.82775,0.263441107560146,0.277813773589718,0.000218443148595638,0.014779822346552,0.014779822346552,0.972451880176016
"1728",1728,0.86375,0.47875,0.33375,0.61325,0.49325,0.10925,0.96275,0.23225,0.138989967323621,0.14632968377153,0.000127731518702163,0.0113018369614042,0.0113018369614042,0.649426856268953
"1729",1729,0.86425,0.97075,0.54625,0.47075,0.96975,0.01325,0.37025,0.06025,0.260254265164815,0.245217145132804,7.776946364638e-05,0.00881869965734064,0.00881869965734064,-1.70514028329496
"1730",1730,0.86475,0.48275,0.45925,0.01675,0.90475,0.73075,0.88225,0.67525,-0.0857078203589865,-0.105544338297263,0.00014906323286818,0.0122091454601942,0.0122091454601942,-1.62472615327174
"1731",1731,0.86525,0.31225,0.11975,0.28125,0.04275,0.94925,0.86425,0.25775,-0.107750156319682,-0.0940950909091133,0.000179957048862017,0.0134148070750949,0.0134148070750949,1.0179099359483
"1732",1732,0.86575,0.61175,0.82375,0.35675,0.47675,0.74125,0.93575,0.49425,-0.0294156754614016,-0.0294272984423772,0.000149545326355045,0.0122288726526628,0.0122288726526628,-0.000950454003874823
"1733",1733,0.86625,0.93175,0.45275,0.96875,0.22475,0.71275,0.08875,0.10125,0.309475837578012,0.284626947235958,6.18758663450619e-05,0.00786612142959044,0.00786612142959044,-3.15897619487267
"1734",1734,0.86675,0.19625,0.15925,0.65625,0.73225,0.40825,0.99325,0.57725,0.121483894828806,0.137683353766758,0.000140887784165666,0.011869616007507,0.011869616007507,1.36478374091517
"1735",1735,0.86725,0.55575,0.90225,0.67125,0.79575,0.51075,0.52075,0.81775,0.250052987869877,0.258829690474526,5.75188276580762e-05,0.00758411680145264,0.00758411680145264,1.15724781598404
"1736",1736,0.86775,0.99825,0.41825,0.51825,0.02775,0.56575,0.00925,0.05075,0.235513099654872,0.239611851741224,0.000126087357410478,0.0112288626944352,0.0112288626944352,0.365019343266463
"1737",1737,0.86825,0.94675,0.82325,0.77425,0.69525,0.27075,0.84525,0.33925,0.184878884613142,0.180940314170763,0.000131102355280855,0.011449993680385,0.011449993680385,-0.343980141152931
"1738",1738,0.86875,0.30025,0.67475,0.04675,0.10025,0.68275,0.22025,0.04825,-0.00184160111308693,0.0366647889484933,0.000232035191376096,0.0152327013814391,0.0152327013814391,2.52787664494624
"1739",1739,0.86925,0.98975,0.91875,0.93025,0.64475,0.80525,0.69425,0.64275,0.168709681627727,0.173938250276791,0.000171605727673162,0.0130998369330752,0.0130998369330752,0.399132346133455
"1740",1740,0.86975,0.49375,0.96625,0.87125,0.97725,0.08025,0.59325,0.74975,0.402380786371299,0.38945855792276,0.000178779803855109,0.0133708565116491,0.0133708565116491,-0.966447320504915
"1741",1741,0.87025,0.18075,0.70025,0.56925,0.34775,0.81675,0.66925,0.34175,0.040804585965431,0.0746285332225289,9.59235595026433e-05,0.00979405735651182,0.00979405735651182,3.45351737547353
"1742",1742,0.87075,0.39275,0.50825,0.50425,0.62325,0.26725,0.11725,0.24825,0.325692344861937,0.330542862254571,1.44827982065024e-05,0.0038056271764983,0.0038056271764983,1.274564524499
"1743",1743,0.87125,0.37425,0.14525,0.16825,0.20925,0.85925,0.20575,0.94225,0.0852968961592467,0.113610838222237,0.000367871188195772,0.0191799684096656,0.0191799684096656,1.47622464532954
"1744",1744,0.87175,0.26475,0.12175,0.32575,0.08875,0.26025,0.92375,0.68975,0.107874561788016,0.101988378750833,5.44819059096184e-05,0.00738118594194852,0.00738118594194852,-0.797457628554082
"1745",1745,0.87225,0.95725,0.67175,0.59725,0.36775,0.81225,0.19775,0.49775,0.191779625492784,0.200602989832554,6.67408009073713e-05,0.00816950432446004,0.00816950432446004,1.08003668146087
"1746",1746,0.87275,0.33775,0.47725,0.16225,0.44425,0.73325,0.18925,0.66125,0.100684507220215,0.131279939989716,0.00015801924293622,0.0125705705095759,0.0125705705095759,2.43389373188705
"1747",1747,0.87325,0.98625,0.12575,0.70725,0.76925,0.95075,0.40725,0.69475,0.149105232801973,0.15991070180331,9.10671579940626e-05,0.00954291140030455,0.00954291140030455,1.13230318799692
"1748",1748,0.87375,0.03325,0.71925,0.38925,0.67075,0.40375,0.83675,0.08975,0.0375389117306041,0.0651739115673438,0.000212439204237635,0.014575294310498,0.014575294310498,1.89601659136552
"1749",1749,0.87425,0.38425,0.33225,0.16375,0.88575,0.64475,0.70825,0.30525,-0.0267380957895846,-0.0211446822155386,4.34863982820569e-05,0.00659442175494234,0.00659442175494234,0.848203797376758
"1750",1750,0.87475,0.97275,0.54925,0.05475,0.20325,0.50325,0.12175,0.58525,0.151927507172409,0.201322670423831,0.000149216795253655,0.0122154326674766,0.0122154326674766,4.04366874232264
"1751",1751,0.87525,0.38525,0.61675,0.88875,0.72875,0.70125,0.84325,0.29625,0.110302607607459,0.155086786430132,0.000101479736807242,0.0100737151442376,0.0100737151442376,4.4456467332502
"1752",1752,0.87575,0.10175,0.33925,0.72075,0.25425,0.06575,0.74175,0.14975,0.226372516472402,0.26709193853937,0.000131486556014283,0.0114667587405632,0.0114667587405632,3.55108387542198
"1753",1753,0.87625,0.22125,0.08675,0.71875,0.26475,0.86225,0.13875,0.73675,0.275523472906272,0.274495829588819,0.000160855711866013,0.0126828905169923,0.0126828905169923,-0.0810259550909281
"1754",1754,0.87675,0.05875,0.36975,0.28075,0.36725,0.57375,0.74825,0.10775,-0.00732155137229727,0.0233384924544412,9.75150069700751e-05,0.00987496870729599,0.00987496870729599,3.10482440355337
"1755",1755,0.87725,0.13425,0.21575,0.03725,0.59275,0.82425,0.46525,0.85275,-0.0105912696770986,0.00247806993301539,0.000268140714676492,0.0163750027382133,0.0163750027382133,0.798127476315769
"1756",1756,0.87775,0.24825,0.93575,0.09925,0.47375,0.19325,0.44875,0.37975,0.145150765026597,0.176836240285732,0.000157834749526659,0.0125632300594497,0.0125632300594497,2.52208031765701
"1757",1757,0.87825,0.70375,0.27225,0.89575,0.19775,0.43975,0.06975,0.94875,0.559540980672965,0.53340873600695,0.000115758959083873,0.010759133751556,0.010759133751556,-2.42884281108929
"1758",1758,0.87875,0.93675,0.00275,0.63125,0.27825,0.88375,0.23825,0.66675,0.195936603028263,0.207883523664796,0.000134506472474399,0.0115976925495721,0.0115976925495721,1.03011185936066
"1759",1759,0.87925,0.56175,0.06975,0.19225,0.45025,0.67625,0.04575,0.95075,0.218930243288377,0.244552472248947,0.00020458326112624,0.0143032605068299,0.0143032605068299,1.79135582046731
"1760",1760,0.87975,0.63025,0.04225,0.12875,0.82475,0.14725,0.89025,0.35025,0.0612745167496632,0.031577714291512,0.000126972454689358,0.011268205477775,0.011268205477775,-2.63545091689392
"1761",1761,0.88025,0.30125,0.88725,0.17375,0.16975,0.67875,0.76925,0.98725,0.0263355511543432,0.0348764960596599,0.000227640515737723,0.0150877604613052,0.0150877604613052,0.566084338840163
"1762",1762,0.88075,0.74975,0.38075,0.97125,0.34025,0.42625,0.54475,0.65525,0.342917362446537,0.363029027571846,3.16647944053177e-05,0.00562714798146608,0.00562714798146608,3.5740423375305
"1763",1763,0.88125,0.38325,0.41975,0.65425,0.99075,0.03725,0.95925,0.90575,0.280385553332777,0.240049519618087,0.000495008644321844,0.0222487897271255,0.0222487897271255,-1.8129540621939
"1764",1764,0.88175,0.08225,0.00775,0.26925,0.44525,0.95175,0.15325,0.27575,0.0363956458328846,0.0510738039003611,0.000296761586489074,0.0172267694733828,0.0172267694733828,0.852055174370088
"1765",1765,0.88225,0.97475,0.69125,0.93375,0.94275,0.43325,0.12225,0.06325,0.384678995892842,0.350584163737623,0.000228522815147675,0.0151169710970047,0.0151169710970047,-2.25540102818445
"1766",1766,0.88275,0.97025,0.54275,0.02875,0.16425,0.59025,0.19975,0.31225,0.0653449879001248,0.110153519159378,0.000147433722588262,0.0121422288970461,0.0121422288970461,3.69030526760651
"1767",1767,0.88325,0.97675,0.12475,0.41925,0.12525,0.88975,0.03125,0.72125,0.199307779398091,0.216586114684592,0.000320337802336468,0.0178979831918702,0.0178979831918702,0.965378897793877
"1768",1768,0.88375,0.82525,0.79225,0.90025,0.84175,0.89325,0.22175,0.23475,0.227580163483424,0.216073359338234,0.000107853689977917,0.010385263115488,0.010385263115488,-1.10799351130829
"1769",1769,0.88425,0.80975,0.97875,0.97425,0.98325,0.51775,0.93375,0.55525,0.198319941800272,0.206822991810819,0.000381491899214362,0.0195318176116398,0.0195318176116398,0.435343508710613
"1770",1770,0.88475,0.91025,0.68075,0.82975,0.41175,0.52125,0.41675,0.10925,0.232488614938557,0.249939793863756,5.34546267149433e-05,0.00731126710734489,0.00731126710734489,2.38688843793815
"1771",1771,0.88525,0.16325,0.42575,0.86225,0.05625,0.90775,0.93275,0.11475,0.0225469259725451,0.0920351560763719,0.000199904710912547,0.0141387662443562,0.0141387662443562,4.91473081193096
"1772",1772,0.88575,0.03675,0.91575,0.85475,0.22175,0.52375,0.34325,0.26275,0.290049230597708,0.333483676362164,7.58230371013055e-05,0.00870764245369006,0.00870764245369006,4.98808328378822
"1773",1773,0.88625,0.12625,0.49275,0.19175,0.34375,0.98225,0.65325,0.65625,-0.0590363866233466,-0.0374496780116535,0.000255283100661131,0.0159775811893143,0.0159775811893143,1.35106236394093
"1774",1774,0.88675,0.66375,0.44375,0.54875,0.18725,0.09275,0.96925,0.79725,0.22412517423692,0.198776072014634,0.000106665013836194,0.0103278755722653,0.0103278755722653,-2.4544352848672
"1775",1775,0.88725,0.48775,0.60525,0.16525,0.77825,0.67475,0.71575,0.03325,-0.0543826301045605,-0.0402945188161114,0.000106899012676385,0.0103391978739351,0.0103391978739351,1.36259228812759
"1776",1776,0.88775,0.23975,0.66475,0.95075,0.48025,0.49925,0.20125,0.59825,0.444738299308495,0.448161037814087,1.38197630548006e-05,0.00371749419028471,0.00371749419028471,0.920711191570109
"1777",1777,0.88825,0.40325,0.31225,0.07725,0.20075,0.99325,0.31525,0.71825,-0.026782014600096,0.00908581633294884,0.000455626657940297,0.0213454130421572,0.0213454130421572,1.68035309797969
"1778",1778,0.88875,0.10275,0.13075,0.28325,0.38475,0.67675,0.72425,0.21875,-0.00716662817892073,0.025219155636422,0.000105236800129493,0.0102584989218449,0.0102584989218449,3.15697102101156
"1779",1779,0.88925,0.57575,0.42125,0.67225,0.77675,0.21575,0.35175,0.89725,0.44016006022715,0.434263771388712,3.40077083143558e-05,0.00583161283988879,0.00583161283988879,-1.0110905851134
"1780",1780,0.88975,0.50725,0.72425,0.99925,0.13475,0.45625,0.16525,0.09875,0.394249172682162,0.401968522244033,4.88367379350287e-05,0.0069883286939746,0.0069883286939746,1.10460596516113
"1781",1781,0.89025,0.40375,0.23075,0.18375,0.30625,0.02675,0.44175,0.21925,0.206285346418847,0.229954109494789,8.74324401414684e-05,0.00935053154325829,0.00935053154325829,2.53127460898275
"1782",1782,0.89075,0.58625,0.00525,0.40575,0.66675,0.43425,0.67075,0.00125,0.0700463972916647,0.0946105589227264,7.38710887875321e-05,0.00859482918896775,0.00859482918896775,2.85801626663995
"1783",1783,0.89125,0.10725,0.71725,0.61225,0.48125,0.64875,0.60625,0.56675,0.157778802238598,0.198757084788263,9.09841566459179e-05,0.00953856156062946,0.00953856156062946,4.29606521792588
"1784",1784,0.89175,0.90275,0.69225,0.45775,0.33075,0.57675,0.68075,0.69625,0.131572769545944,0.141014507414276,3.56019929514842e-05,0.00596674056344703,0.00596674056344703,1.58239457002258
"1785",1785,0.89225,0.41025,0.70825,0.35875,0.97325,0.91275,0.82275,0.00375,-0.0816419875672198,-0.0533299112637337,0.000182759480906569,0.0135188564940445,0.0135188564940445,2.09426561454798
"1786",1786,0.89275,0.65375,0.13325,0.05375,0.92675,0.62575,0.01575,0.05875,0.0925661573575056,0.104438688753432,0.000167606456932407,0.0129462912423754,0.0129462912423754,0.917060428631915
"1787",1787,0.89325,0.31625,0.36625,0.95725,0.90325,0.40875,0.24775,0.80825,0.505825084760471,0.487572838768595,6.53964001341399e-05,0.00808680407417788,0.00808680407417788,-2.25704070785611
"1788",1788,0.89375,0.67325,0.28975,0.45925,0.30875,0.61775,0.43575,0.06475,0.101593766853028,0.133546327277713,6.73616798342199e-05,0.00820741614847327,0.00820741614847327,3.8931327285785
"1789",1789,0.89425,0.45075,0.69575,0.90725,0.87975,0.32825,0.07675,0.47475,0.532266968361891,0.49377773725269,0.000120951242849955,0.0109977835426033,0.0109977835426033,-3.49972619120036
"1790",1790,0.89475,0.57325,0.68375,0.02675,0.06175,0.02075,0.59025,0.70075,0.193574245157677,0.210460608499567,0.000164993769844384,0.0128449900678975,0.0128449900678975,1.31462642264651
"1791",1791,0.89525,0.67425,0.88675,0.63375,0.53025,0.17675,0.28025,0.92675,0.48297006871769,0.486094328422173,7.56995021337543e-05,0.00870054608250277,0.00870054608250277,0.359087771601605
"1792",1792,0.89575,0.50525,0.64475,0.93075,0.36525,0.24675,0.81825,0.47675,0.28586438975396,0.317627391462575,9.05620866350921e-05,0.00951641143683333,0.00951641143683333,3.33770790801206
"1793",1793,0.89625,0.73575,0.29175,0.42775,0.33275,0.36075,0.85425,0.12975,0.0746650367137981,0.0884896165013118,4.71991438455486e-05,0.00687016330559533,0.00687016330559533,2.0122636351678
"1794",1794,0.89675,0.84775,0.14625,0.51175,0.41375,0.44475,0.81075,0.40275,0.119351122442195,0.130747934933623,3.22183353479509e-05,0.00567611974397571,0.00567611974397571,2.00785272430587
"1795",1795,0.89725,0.54675,0.87575,0.79575,0.53625,0.52475,0.43125,0.21075,0.248379027764845,0.280492479048792,4.4266170982934e-05,0.00665328272230588,0.00665328272230588,4.8267077507894
"1796",1796,0.89775,0.17375,0.03575,0.82175,0.94475,0.51325,0.99725,0.00325,0.0872091193290637,0.161024771399105,0.000372827885817608,0.0193087515344107,0.0193087515344107,3.82291169568847
"1797",1797,0.89825,0.06975,0.46675,0.70025,0.56075,0.27525,0.88775,0.44675,0.200780765906201,0.237244961797189,0.000172976438895641,0.0131520507486719,0.0131520507486719,2.77251027902779
"1798",1798,0.89875,0.02375,0.33275,0.14725,0.45375,0.65025,0.55975,0.80625,0.068200127203796,0.0919247011911828,0.000122131872237225,0.0110513289805898,0.0110513289805898,2.14676207984179
"1799",1799,0.89925,0.51675,0.13425,0.44525,0.48425,0.12175,0.54325,0.31275,0.247413592839131,0.265985212895649,3.87382901796365e-05,0.00622400917252188,0.00622400917252188,2.9838677196218
"1800",1800,0.89975,0.36925,0.19875,0.21475,0.94775,0.39425,0.28775,0.72425,0.237117644948717,0.24248354230896,3.54333419356833e-05,0.00595259119507491,0.00595259119507491,0.901438917001834
"1801",1801,0.90025,0.60525,0.35125,0.65325,0.92425,0.68175,0.38975,0.83375,0.270107050811159,0.280549521807434,3.3379810543425e-05,0.00577752633429091,0.00577752633429091,1.8074294069932
"1802",1802,0.90075,0.34175,0.46275,0.55375,0.65525,0.15575,0.52725,0.87275,0.366968016122241,0.370884838703717,3.51365995973509e-05,0.00592761331375039,0.00592761331375039,0.660775656939378
"1803",1803,0.90125,0.73425,0.52425,0.24825,0.38575,0.41675,0.62025,0.58875,0.1283025678308,0.143806517456372,2.23043736944719e-05,0.00472275064919501,0.00472275064919501,3.28282197753012
"1804",1804,0.90175,0.17875,0.38025,0.28575,0.71625,0.52625,0.38625,0.32125,0.134517166376971,0.162707256407685,4.4002787940712e-05,0.0066334597263202,0.0066334597263202,4.24968134182854
"1805",1805,0.90225,0.81275,0.62525,0.71325,0.57675,0.48175,0.69575,0.89425,0.267287738812612,0.27325160299761,3.60203003209919e-05,0.00600169145499766,0.00600169145499766,0.993697231808183
"1806",1806,0.90275,0.15175,0.51575,0.17475,0.35825,0.47525,0.83825,0.81275,0.070677842024375,0.0762497339955761,3.69033012119943e-05,0.00607480873871715,0.00607480873871715,0.917212740491602
"1807",1807,0.90325,0.80475,0.15375,0.07025,0.06275,0.81725,0.96975,0.45475,-0.103625945855291,-0.112824476552299,0.0002628043955294,0.0162112428742956,0.0162112428742956,-0.567416747027651
"1808",1808,0.90375,0.32225,0.56975,0.22375,0.68525,0.19625,0.13375,0.70875,0.367864924126424,0.381111784518349,4.55550326721816e-05,0.00674944684194058,0.00674944684194058,1.96265867442794
"1809",1809,0.90425,0.97975,0.82025,0.85175,0.60825,0.59475,0.54425,0.92275,0.328010556940534,0.332998432753124,0.000105882078100173,0.0102899017536696,0.0102899017536696,0.484735027796669
"1810",1810,0.90475,0.98175,0.20925,0.98425,0.57275,0.16875,0.01825,0.87225,0.756099697240951,0.673457147477577,0.000435317046305018,0.0208642528336151,0.0208642528336151,-3.96096377964831
"1811",1811,0.90525,0.27625,0.10775,0.32375,0.88825,0.69825,0.09925,0.87975,0.261537378429356,0.263732915627356,9.25619935010621e-05,0.0096209143796763,0.0096209143796763,0.228204629139824
"1812",1812,0.90575,0.95375,0.80275,0.91175,0.65925,0.53825,0.04875,0.05375,0.404727447267182,0.371157303962106,0.000177530862569975,0.0133240707957431,0.0133240707957431,-2.519511027801
"1813",1813,0.90625,0.33675,0.63875,0.44275,0.49825,0.03675,0.94275,0.79275,0.240035479100248,0.216980898435627,0.000289418930845152,0.017012317033407,0.017012317033407,-1.35516994065822
"1814",1814,0.90675,0.28825,0.29375,0.97225,0.13325,0.72775,0.76275,0.93525,0.262671980652537,0.305566530151673,0.000180257056676169,0.0134259843838792,0.0134259843838792,3.19489046558405
"1815",1815,0.90725,0.64675,0.44725,0.07675,0.58425,0.36125,0.73475,0.53475,0.0695215281923022,0.0661729868517453,5.49792028779181e-05,0.00741479621283809,0.00741479621283809,-0.451602612457398
"1816",1816,0.90775,0.93025,0.20275,0.33025,0.00125,0.13275,0.53225,0.44775,0.242970065329709,0.260548509405353,0.000135992340738666,0.0116615753969464,0.0116615753969464,1.50738159101959
"1817",1817,0.90825,0.28725,0.93025,0.00775,0.62425,0.89275,0.04175,0.81925,0.0792804316959862,0.136335874974589,0.000682285043872506,0.026120586591279,0.026120586591279,2.18430941737167
"1818",1818,0.90875,0.27175,0.04425,0.76925,0.19475,0.30125,0.79625,0.83475,0.305587179057878,0.331656796710561,6.73383033894002e-05,0.00820599191989611,0.00820599191989611,3.17690023426357
"1819",1819,0.90925,0.49075,0.54675,0.04525,0.10725,0.34725,0.60325,0.15425,0.0489020038574173,0.0839121230056913,0.000142615049475539,0.0119421543063025,0.0119421543063025,2.93164183365118
"1820",1820,0.90975,0.88675,0.89925,0.66625,0.98975,0.73775,0.44475,0.46475,0.197177144231356,0.208771559219671,0.000117115438162425,0.010821988641762,0.010821988641762,1.07137563826044
"1821",1821,0.91025,0.07625,0.96675,0.96775,0.52525,0.07225,0.16425,0.76225,0.689287255143886,0.662534585252263,0.000157575991857645,0.0125529276209833,0.0125529276209833,-2.13118968732868
"1822",1822,0.91075,0.84675,0.68175,0.95575,0.03675,0.37475,0.56525,0.26475,0.316222086955612,0.350604996173546,9.01934931774474e-05,0.00949702549103915,0.00949702549103915,3.62038716757955
"1823",1823,0.91125,0.27025,0.20025,0.14975,0.59975,0.26175,0.56275,0.39475,0.145013987686011,0.162151105966281,5.62347409019356e-05,0.0074989826577967,0.0074989826577967,2.28525908943829
"1824",1824,0.91175,0.01025,0.81575,0.58175,0.95475,0.25525,0.71325,0.80775,0.291626737392935,0.296892259812119,0.000334328663633541,0.0182846565084921,0.0182846565084921,0.287974915839325
"1825",1825,0.91225,0.48475,0.71825,0.53375,0.85425,0.24075,0.68375,0.21625,0.200729314110214,0.216656848961952,0.000124602655500719,0.0111625559573388,0.0111625559573388,1.4268716692315
"1826",1826,0.91275,0.80525,0.39325,0.37175,0.13425,0.62275,0.29175,0.54975,0.199195416970464,0.239611031117825,9.94117645187818e-05,0.00997054484563315,0.00997054484563315,4.05350106469478
"1827",1827,0.91325,0.95975,0.62925,0.16075,0.48675,0.37175,0.37225,0.81975,0.226816903985507,0.251699393433826,4.65143685739138e-05,0.00682014432207367,0.00682014432207367,3.6483816578171
"1828",1828,0.91375,0.50175,0.44325,0.47525,0.14525,0.25625,0.46925,0.67725,0.314535211639909,0.349807584444764,3.80627147998603e-05,0.00616949874786115,0.00616949874786115,5.71721856935027
"1829",1829,0.91425,0.01625,0.08475,0.65075,0.90975,0.50225,0.21075,0.86575,0.423730193206928,0.409716954723473,3.78140717188192e-05,0.00614931473570992,0.00614931473570992,-2.27882928191627
"1830",1830,0.91475,0.71075,0.72775,0.00675,0.37425,0.68925,0.85825,0.91925,-0.0198819834328406,-0.0303096353185598,0.000201272629925928,0.0141870585367767,0.0141870585367767,-0.735011550046678
"1831",1831,0.91525,0.75325,0.07925,0.85525,0.32275,0.96125,0.13025,0.95775,0.37474286466934,0.363751260961586,0.00023749522206036,0.0154108799898111,0.0154108799898111,-0.713236603946113
"1832",1832,0.91575,0.96675,0.03325,0.84125,0.03325,0.33125,0.58675,0.02425,0.255437533357138,0.290501118043738,0.000182657915057114,0.0135150995207995,0.0135150995207995,2.5944007761569
"1833",1833,0.91625,0.23025,0.14225,0.86475,0.83575,0.68325,0.68925,0.35425,0.194802816143471,0.255694733913297,6.14839621938609e-05,0.00784117097083471,0.00784117097083471,7.76566637767674
"1834",1834,0.91675,0.55225,0.82775,0.01625,0.02525,0.42025,0.19125,0.35875,0.157294026371557,0.232833249332414,0.000158607503506439,0.0125939470979689,0.0125939470979689,5.99805782676661
"1835",1835,0.91725,0.41525,0.52775,0.87375,0.76475,0.45775,0.86575,0.53075,0.238688587227679,0.278163490531476,0.000154363556729198,0.0124243131290707,0.0124243131290707,3.17723023347123
"1836",1836,0.91775,0.09775,0.41325,0.26275,0.99325,0.22525,0.02775,0.96725,0.487758411464028,0.45014308304628,0.000161042148799673,0.0126902383271424,0.0126902383271424,-2.96411520793071
"1837",1837,0.91825,0.99875,0.40575,0.06075,0.10625,0.82275,0.28875,0.48025,0.0277565071425067,0.0782069169029373,0.000310535631609682,0.0176220212123832,0.0176220212123832,2.86291845597022
"1838",1838,0.91875,0.54075,0.92075,0.28925,0.76725,0.59225,0.50325,0.93675,0.181672743920272,0.203128056596174,0.000150959090057205,0.0122865410127181,0.0122865410127181,1.74624515180416
"1839",1839,0.91925,0.09225,0.18175,0.95125,0.02325,0.80725,0.05025,0.73275,0.474008627902781,0.456776698637673,0.000246796710525716,0.0157097648144622,0.0157097648144622,-1.09689288596125
"1840",1840,0.91975,0.48625,0.92025,0.82825,0.45325,0.46925,0.49675,0.71625,0.365927362095478,0.400534068553974,7.18503839427717e-05,0.00847646057873047,0.00847646057873047,4.08268358438813
"1841",1841,0.92025,0.67275,0.09075,0.82475,0.52825,0.55625,0.36075,0.02375,0.267745834004227,0.301919780415374,5.88316112813873e-05,0.00767017674381675,0.00767017674381675,4.4554314134542
"1842",1842,0.92075,0.62675,0.07475,0.06475,0.19225,0.89775,0.47625,0.75075,-0.00489081941072647,0.0338189183473904,0.000390150526383389,0.0197522283903207,0.0197522283903207,1.95976560179337
"1843",1843,0.92125,0.95825,0.99025,0.16675,0.39475,0.64825,0.22625,0.04075,0.0853524807976749,0.126430368331744,9.81528612358037e-05,0.00990721258658578,0.00990721258658578,4.14626083523109
"1844",1844,0.92175,0.62575,0.05875,0.63325,0.99175,0.10975,0.17075,0.70625,0.560802468934002,0.516143609585959,0.000149219237843669,0.012215532646744,0.012215532646744,-3.65590765785777
"1845",1845,0.92225,0.94025,0.72575,0.68925,0.23375,0.75725,0.32725,0.00775,0.177965950620381,0.204523110757395,5.51922454355864e-05,0.00742914836543102,0.00742914836543102,3.57472469665414
"1846",1846,0.92275,0.08625,0.63175,0.09675,0.45475,0.32175,0.65425,0.12275,0.0690651300007797,0.107155844095555,0.000214583480745196,0.0146486682242856,0.0146486682242856,2.60028512568984
"1847",1847,0.92325,0.35425,0.75825,0.62025,0.65575,0.57975,0.91125,0.02475,0.0702085246374732,0.126236335046923,0.000257002740457569,0.0160313050141768,0.0160313050141768,3.49490015690571
"1848",1848,0.92375,0.57075,0.24375,0.24875,0.06725,0.90475,0.82175,0.57875,-0.0306903820579186,-0.00477614142752711,0.000225721324266732,0.0150240249023599,0.0150240249023599,1.72485341303721
"1849",1849,0.92425,0.92775,0.24725,0.89825,0.62775,0.77075,0.66375,0.47725,0.213325301079911,0.251272696484376,3.59376928182746e-05,0.00599480548627515,0.00599480548627515,6.33004615268067
"1850",1850,0.92475,0.14725,0.18325,0.95525,0.55225,0.27625,0.71975,0.64925,0.384842239097648,0.426970244184184,7.43893772163063e-05,0.00862492766441008,0.00862492766441008,4.88444735141062
"1851",1851,0.92525,0.77225,0.53175,0.37825,0.46125,0.59075,0.16925,0.89525,0.324448824218402,0.35182441166267,8.48728039769358e-05,0.00921264370183368,0.00921264370183368,2.97152352031363
"1852",1852,0.92575,0.56375,0.64525,0.63825,0.38275,0.12925,0.21625,0.04725,0.406532274396756,0.427531160669639,7.60024472967834e-05,0.0087179382480483,0.0087179382480483,2.40869867110885
"1853",1853,0.92625,0.03575,0.62075,0.73475,0.23425,0.91325,0.44825,0.91675,0.246146087506687,0.295419611567886,0.000333971224397335,0.0182748796000777,0.0182748796000777,2.69624343029814
"1854",1854,0.92675,0.47925,0.61725,0.50225,0.99125,0.41475,0.45725,0.39225,0.253550903287116,0.269356567642771,5.23415966880788e-05,0.00723474924845905,0.00723474924845905,2.184687238334
"1855",1855,0.92725,0.41575,0.83425,0.31725,0.93525,0.39975,0.29975,0.11175,0.207164658372189,0.227345021302234,8.51287341370762e-05,0.00922652340467829,0.00922652340467829,2.1872120239583
"1856",1856,0.92775,0.65425,0.18725,0.50725,0.49775,0.37775,0.18225,0.43625,0.372143299528845,0.389231147297826,4.89406771352031e-05,0.00699576136922945,0.00699576136922945,2.44260014987663
"1857",1857,0.92825,0.62425,0.66025,0.48775,0.78725,0.88575,0.04425,0.29375,0.215512356391797,0.220466070122949,5.28081823128361e-05,0.0072669238548946,0.0072669238548946,0.681679597869386
"1858",1858,0.92875,0.52375,0.73425,0.38325,0.36075,0.97825,0.72875,0.27825,-0.0220596648734711,0.0252281373625295,0.000256328414287485,0.0160102596570913,0.0160102596570913,2.95359371108362
"1859",1859,0.92925,0.54525,0.21125,0.19375,0.16175,0.33375,0.25825,0.15225,0.208910431714708,0.257867576110472,0.000149761675709926,0.0122377152977966,0.0122377152977966,4.0005134295434
"1860",1860,0.92975,0.55725,0.79125,0.66175,0.66575,0.02725,0.53825,0.32725,0.383987679160631,0.393365814279751,9.9409685223719e-05,0.00997044057320031,0.00997044057320031,0.940593853427864
"1861",1861,0.93025,0.02725,0.38625,0.30175,0.23125,0.58925,0.85175,0.71125,0.0883644633991512,0.122959410822909,5.06636286352772e-05,0.00711783876153971,0.00711783876153971,4.86031625367618
"1862",1862,0.93075,0.62475,0.55525,0.30275,0.30175,0.04175,0.41425,0.50675,0.345092784292618,0.368295109861803,3.51374736256409e-05,0.0059276870384359,0.0059276870384359,3.91422917889188
"1863",1863,0.93125,0.63125,0.97925,0.21975,0.04575,0.01425,0.54625,0.62675,0.302413148694561,0.333524599190393,0.0001765914767557,0.0132887725827369,0.0132887725827369,2.34118315308128
"1864",1864,0.93175,0.71925,0.68425,0.48975,0.41425,0.96675,0.24675,0.15975,0.109507967348262,0.14351761857241,0.000110998329462506,0.0105355744723535,0.0105355744723535,3.22807753040834
"1865",1865,0.93225,0.22925,0.58775,0.71975,0.63375,0.33875,0.65825,0.46025,0.298151491262661,0.340706321365493,8.3294694161953e-05,0.00912659269179649,0.00912659269179649,4.66272918491068
"1866",1866,0.93275,0.52025,0.96775,0.14525,0.20225,0.15325,0.38375,0.28175,0.236257401838108,0.291130268401063,0.000115715854722919,0.0107571304130292,0.0107571304130292,5.10106919374075
"1867",1867,0.93325,0.71725,0.70775,0.68675,0.59175,0.35775,0.46225,0.38375,0.33386881888948,0.358670681094336,3.28434345019856e-05,0.0057309191672877,0.0057309191672877,4.32772849884639
"1868",1868,0.93375,0.96575,0.47375,0.81775,0.47625,0.99475,0.53925,0.32525,0.148389840793313,0.185344199732039,8.52113551401496e-05,0.00923099968259937,0.00923099968259937,4.0032889404585
"1869",1869,0.93425,0.39675,0.15425,0.04075,0.67025,0.07625,0.57375,0.91775,0.26819350492415,0.244493223757961,0.00020454185535706,0.0143018130094426,0.0143018130094426,-1.65715221913062
"1870",1870,0.93475,0.84075,0.76225,0.58575,0.26375,0.70975,0.93025,0.82225,0.135313436027154,0.144122288301688,0.000225110546541023,0.0150036844321994,0.0150036844321994,0.587112606529454
"1871",1871,0.93525,0.92825,0.82725,0.65375,0.35325,0.03575,0.75075,0.54875,0.355794755025254,0.342069556787761,0.000103279357214744,0.0101626451878802,0.0101626451878802,-1.3505537174378
"1872",1872,0.93575,0.96975,0.67075,0.49325,0.82775,0.40125,0.19325,0.31525,0.347297238923213,0.346695476473585,6.7988935722403e-05,0.00824554035357314,0.00824554035357314,-0.0729803534788643
"1873",1873,0.93625,0.14825,0.09825,0.07775,0.01925,0.79375,0.33575,0.93825,0.104081159495053,0.163221649069026,0.000598564730877349,0.0244655825779267,0.0244655825779267,2.41729332974603
"1874",1874,0.93675,0.09075,0.79175,0.08025,0.37625,0.99125,0.43525,0.42125,-0.0371947817798764,0.0297376306726879,0.000588219757370322,0.0242532422032668,0.0242532422032668,2.75973050908422
"1875",1875,0.93725,0.70875,0.01475,0.17675,0.94875,0.23875,0.59475,0.52075,0.20189280072986,0.187199555949011,0.000140051063171797,0.0118343171823218,0.0118343171823218,-1.24157942993094
"1876",1876,0.93775,0.37475,0.36475,0.45675,0.50825,0.09225,0.17425,0.20075,0.430666621174341,0.442478698013835,5.63962298524245e-05,0.00750974232929629,0.00750974232929629,1.57290041675782
"1877",1877,0.93825,0.14175,0.79675,0.17975,0.21525,0.31475,0.19675,0.62375,0.321699485306889,0.384347839497868,0.000122224221820764,0.0110555064027282,0.0110555064027282,5.66671049781302
"1878",1878,0.93875,0.62075,0.92925,0.00825,0.77175,0.08875,0.71525,0.62725,0.181168220376676,0.15631982181597,0.000446110229205997,0.0211213216728025,0.0211213216728025,-1.1764604008045
"1879",1879,0.93925,0.58225,0.41175,0.92525,0.39575,0.55125,0.67125,0.14075,0.250383940725414,0.314057253449637,4.22449325119794e-05,0.00649961018154007,0.00649961018154007,9.7964817805636
"1880",1880,0.93975,0.96625,0.46125,0.82025,0.49025,0.87925,0.85675,0.83525,0.1800737122784,0.204569003897768,0.000152932664058903,0.0123665946832143,0.0123665946832143,1.98076287343811
"1881",1881,0.94025,0.41975,0.77125,0.68425,0.15125,0.50375,0.64075,0.61425,0.279456510461345,0.333711037993052,0.000118620353468884,0.0108912971435401,0.0108912971435401,4.98145692075684
"1882",1882,0.94075,0.04475,0.33325,0.50475,0.67825,0.90225,0.62525,0.71275,0.120844544563697,0.173064549905765,0.000144599545692918,0.0120249551222829,0.0120249551222829,4.34263619373527
"1883",1883,0.94125,0.77425,0.11825,0.56075,0.34875,0.90125,0.00425,0.33225,0.276127180215288,0.280700026530389,0.00017116529933195,0.0130830156818659,0.0130830156818659,0.349525401963658
"1884",1884,0.94175,0.35475,0.64825,0.25375,0.46025,0.04475,0.97325,0.98275,0.253723740807645,0.201831930659973,0.000478207014801665,0.0218679449149129,0.0218679449149129,-2.37296235881243
"1885",1885,0.94225,0.08125,0.55125,0.25275,0.27625,0.39825,0.24825,0.20725,0.24018121377316,0.300665563035103,9.71112582844458e-05,0.00985450446671195,0.00985450446671195,6.13773624703873
"1886",1886,0.94275,0.78625,0.62725,0.84875,0.55275,0.20175,0.41525,0.33975,0.46094577964379,0.468507155350231,6.47125635998168e-05,0.00804441194866454,0.00804441194866454,0.939953815728727
"1887",1887,0.94325,0.98925,0.64575,0.75925,0.59725,0.07675,0.73675,0.75325,0.431320948791505,0.397772652587551,0.000127814035534215,0.0113054869658151,0.0113054869658151,-2.96743486639677
"1888",1888,0.94375,0.91375,0.65675,0.98725,0.96525,0.22225,0.51025,0.86475,0.569092496328009,0.528927579619398,0.000263425905492861,0.0162304006571884,0.0162304006571884,-2.47467191703749
"1889",1889,0.94425,0.06875,0.52875,0.39875,0.17025,0.62775,0.17525,0.45225,0.278645771528554,0.335540543612582,0.000179265684150477,0.0133890135615167,0.0133890135615167,4.24936249579711
"1890",1890,0.94475,0.65525,0.02175,0.87325,0.50375,0.49075,0.98675,0.61325,0.251075562575637,0.28684383844361,8.99606797346327e-05,0.00948476039416034,0.00948476039416034,3.77113120221731
"1891",1891,0.94525,0.55975,0.13825,0.11725,0.95975,0.04525,0.36325,0.63375,0.35037667834293,0.322342023657974,0.000119765377600027,0.0109437369120437,0.0109437369120437,-2.5617076607629
"1892",1892,0.94575,0.61375,0.43075,0.48175,0.89275,0.28625,0.18675,0.83975,0.506171152063164,0.480118530070981,8.21097806801905e-05,0.00906144473470928,0.00906144473470928,-2.87510686815648
"1893",1893,0.94625,0.52175,0.00975,0.27575,0.36375,0.76875,0.09675,0.82325,0.265821532095569,0.299383466075427,0.000298576869623227,0.0172793770033305,0.0172793770033305,1.94231157601279
"1894",1894,0.94675,0.69675,0.80425,0.72775,0.25975,0.76975,0.12725,0.27375,0.338067407337202,0.356186589170322,5.50675862731218e-05,0.00742075375370466,0.00742075375370466,2.44169021564344
"1895",1895,0.94725,0.79575,0.11625,0.61775,0.49675,0.61975,0.70675,0.40475,0.188094478754625,0.225461860771503,4.67431203390176e-05,0.00683689405644241,0.00683689405644241,5.46554937203783
"1896",1896,0.94775,0.11225,0.96225,0.16775,0.84075,0.28075,0.48125,0.15725,0.182058984808661,0.21408787752352,0.000364897566095551,0.019102292168626,0.019102292168626,1.67670415843937
"1897",1897,0.94825,0.92875,0.04525,0.91025,0.00725,0.47725,0.59975,0.27425,0.325070680389371,0.365045275166442,0.000157288489544333,0.0125414707887206,0.0125414707887206,3.18739288640874
"1898",1898,0.94875,0.96325,0.68125,0.73375,0.79875,0.96325,0.60025,0.98475,0.228615794678654,0.245270694247374,0.000271455571484392,0.0164759088211968,0.0164759088211968,1.01086378599601
"1899",1899,0.94925,0.74625,0.83525,0.94825,0.91575,0.92725,0.51925,0.52525,0.270821705444525,0.301441408807239,0.000199919398257946,0.0141392856346403,0.0141392856346403,2.16557640562107
"1900",1900,0.94975,0.98325,0.25425,0.34125,0.43125,0.13525,0.90625,0.60025,0.228407224084524,0.183524703868956,0.000210666463181242,0.0145143536949201,0.0145143536949201,-3.09228513779959
"1901",1901,0.95025,0.08525,0.23175,0.66725,0.18825,0.70075,0.21225,0.26625,0.315242493995664,0.361244971663802,0.00016127671112707,0.0126994768052495,0.0126994768052495,3.62239156569995
"1902",1902,0.95075,0.47075,0.76525,0.80625,0.08475,0.04825,0.41225,0.47375,0.543190103321375,0.568840289106233,4.36049068469906e-05,0.00660340115750896,0.00660340115750896,3.88439005491742
"1903",1903,0.95125,0.75475,0.89125,0.21525,0.88325,0.60925,0.89225,0.36175,0.0376250666931841,0.0390264068739373,0.000415783895972955,0.0203907796803593,0.0203907796803593,0.0687242078390455
"1904",1904,0.95175,0.04875,0.88825,0.63625,0.19275,0.46775,0.71425,0.54675,0.266182550575442,0.337569418563225,0.000250939915613242,0.0158410831578286,0.0158410831578286,4.50643856083186
"1905",1905,0.95225,0.40625,0.84425,0.41075,0.05675,0.99525,0.59625,0.53625,0.0619678892688577,0.131570699623856,0.000540139830091162,0.0232409085470246,0.0232409085470246,2.99484033570233
"1906",1906,0.95275,0.85175,0.59275,0.28875,0.01675,0.73025,0.12475,0.71925,0.270348375155643,0.323312422661651,0.000295161029607486,0.017180251150885,0.017180251150885,3.08284477571678
"1907",1907,0.95325,0.24975,0.29925,0.14875,0.87875,0.06975,0.39975,0.39775,0.316922508946038,0.30737270025002,0.000121318790786467,0.0110144809585594,0.0110144809585594,-0.867023033763277
"1908",1908,0.95375,0.14875,0.13675,0.01225,0.78625,0.05075,0.03325,0.46675,0.434057048780545,0.411558841353357,9.83745968243611e-05,0.0099183968878222,0.0099183968878222,-2.26833102986747
"1909",1909,0.95425,0.16675,0.00675,0.21125,0.01125,0.58875,0.29675,0.14425,0.157881782627974,0.225165443200491,0.000417668327449723,0.0204369353732335,0.0204369353732335,3.29225783336572
"1910",1910,0.95475,0.12975,0.55075,0.77775,0.13225,0.28275,0.21675,0.78725,0.619328445766761,0.627761250164636,5.67163430845658e-05,0.00753102536740953,0.00753102536740953,1.11974186601042
"1911",1911,0.95525,0.65575,0.63225,0.75675,0.91225,0.41825,0.12675,0.46275,0.539182657015022,0.50012677117256,0.000141813978187389,0.011908567428007,0.011908567428007,-3.279646026155
"1912",1912,0.95575,0.33225,0.09925,0.63525,0.19025,0.87875,0.01725,0.36875,0.343592773182074,0.350207441111151,0.000262003249590419,0.0161865144361107,0.0161865144361107,0.408653015149466
"1913",1913,0.95625,0.43825,0.57575,0.06975,0.77575,0.55825,0.15375,0.50975,0.222325673884793,0.256195229977229,0.000135988098941769,0.0116613935248652,0.0116613935248652,2.90441755697697
"1914",1914,0.95675,0.76525,0.81675,0.11325,0.04825,0.35575,0.19525,0.79375,0.343465928715637,0.401563175266895,0.000152342777028405,0.0123427216216038,0.0123427216216038,4.70700452723237
"1915",1915,0.95725,0.56525,0.68325,0.25825,0.77725,0.65525,0.09425,0.70825,0.312420375185914,0.330994579443284,0.000129372171055771,0.0113741888086919,0.0113741888086919,1.63301353351687
"1916",1916,0.95775,0.29075,0.97275,0.16925,0.66025,0.31625,0.36125,0.90825,0.343155094961012,0.365881983163318,0.000258155366014005,0.0160672140090933,0.0160672140090933,1.41448842278715
"1917",1917,0.95825,0.71125,0.53275,0.98975,0.15275,0.26625,0.11525,0.27925,0.653713607574812,0.621599664622478,0.000169847284646275,0.0130325471281049,0.0130325471281049,-2.46413403586163
"1918",1918,0.95875,0.53275,0.05625,0.79425,0.13075,0.77675,0.37375,0.58975,0.346644755426551,0.386762940326114,0.00019311924819358,0.0138967351631086,0.0138967351631086,2.88687842350655
"1919",1919,0.95925,0.82825,0.17875,0.66925,0.04975,0.60675,0.31875,0.17275,0.310246968918587,0.34568287977512,0.000113963290980578,0.0106753590562837,0.0106753590562837,3.31941161601256
"1920",1920,0.95975,0.23575,0.75325,0.82075,0.88275,0.44975,0.87025,0.90025,0.357429298573211,0.370539354343927,0.000491565084379752,0.022171267090082,0.022171267090082,0.591308368504595
"1921",1921,0.96025,0.71425,0.55275,0.44625,0.92575,0.04725,0.32425,0.00425,0.393278336893062,0.369003055662967,0.000189541758931013,0.013767416567062,0.013767416567062,-1.76324157200071
"1922",1922,0.96075,0.96825,0.02475,0.23225,0.26325,0.34375,0.36725,0.37225,0.272549762998649,0.292210211868151,0.000292482523619928,0.0171021204422121,0.0171021204422121,1.14959129985866
"1923",1923,0.96125,0.08725,0.77075,0.56125,0.73925,0.16975,0.52825,0.87925,0.482616240752744,0.474415919657025,0.000207801133249738,0.0144153089890484,0.0144153089890484,-0.568861971807122
"1924",1924,0.96175,0.67725,0.74225,0.96425,0.98525,0.77575,0.02625,0.02975,0.458138910677666,0.393899771450932,0.000377058383780642,0.0194179912395861,0.0194179912395861,-3.30822784056953
"1925",1925,0.96225,0.37375,0.54475,0.35425,0.73975,0.38625,0.81725,0.87375,0.246718468080777,0.235028629499512,0.000194478076968828,0.0139455396800851,0.0139455396800851,-0.838249278940322
"1926",1926,0.96275,0.20025,0.19975,0.18525,0.48575,0.49275,0.11975,0.14125,0.258439912671727,0.292649070220207,0.000179381989506484,0.0133933561703736,0.0133933561703736,2.55418859271072
"1927",1927,0.96325,0.63625,0.53575,0.99975,0.88175,0.13075,0.10475,0.96425,0.915020053652216,0.763791746043676,0.000532862593876762,0.0230838167094777,0.0230838167094777,-6.55126964105763
"1928",1928,0.96375,0.26175,0.59575,0.74075,0.82925,0.51375,0.02125,0.53425,0.591509596625641,0.533392029126706,0.000121245388172351,0.0110111483584752,0.0110111483584752,-5.27806597521704
"1929",1929,0.96425,0.14475,0.18475,0.92375,0.57325,0.58725,0.45975,0.96675,0.515059231846604,0.524575155917581,6.25712603355206e-05,0.00791019976584161,0.00791019976584161,1.20299415345607
"1930",1930,0.96475,0.34575,0.24775,0.74925,0.75125,0.58675,0.05075,0.70525,0.587940955710438,0.532157778552096,8.04521898663659e-05,0.00896951447216436,0.00896951447216436,-6.2191969622723
"1931",1931,0.96525,0.97325,0.84925,0.55775,0.81025,0.12475,0.27475,0.38975,0.518470308714554,0.475228654792267,0.000171115933932817,0.0130811289242487,0.0130811289242487,-3.30565153609405
"1932",1932,0.96575,0.60725,0.88575,0.44175,0.68375,0.42975,0.07175,0.35675,0.447136587034491,0.438675040715163,6.13115928711961e-05,0.00783017195668116,0.00783017195668116,-1.08063352454324
"1933",1933,0.96625,0.14275,0.37075,0.71625,0.56425,0.48225,0.20225,0.16025,0.435662017670238,0.448646095627568,0.000103269285715198,0.0101621496601456,0.0101621496601456,1.27769009427716
"1934",1934,0.96675,0.87825,0.19175,0.46225,0.94625,0.22125,0.98175,0.95225,0.310557611964665,0.226047866207092,0.000672325381084452,0.0259292379580359,0.0259292379580359,-3.259245254116
"1935",1935,0.96725,0.11575,0.52375,0.53525,0.60425,0.27225,0.36625,0.34675,0.418776662993177,0.438485589969625,7.08133541019566e-05,0.00841506708838121,0.00841506708838121,2.34209980377463
"1936",1936,0.96775,0.75625,0.57625,0.27875,0.34575,0.59875,0.80075,0.09325,0.0704433040181847,0.0997134087125791,0.000194811384664372,0.0139574848975155,0.0139574848975155,2.09709019277568
"1937",1937,0.96825,0.07125,0.75975,0.65775,0.18325,0.54925,0.06475,0.17325,0.458335247168798,0.477201634406345,0.000157220399161842,0.0125387558857265,0.0125387558857265,1.50464586833719
"1938",1938,0.96875,0.43275,0.48675,0.75625,0.83775,0.82075,0.16575,0.85075,0.47761026322916,0.449255519280456,4.54988875997807e-05,0.00674528632452179,0.00674528632452179,-4.20363830155338
"1939",1939,0.96925,0.08175,0.30325,0.41125,0.46225,0.97375,0.55725,0.24125,0.0740256054321494,0.149576146060875,0.000316575152518054,0.0177925589086577,0.0177925589086577,4.24618746615268
"1940",1940,0.96975,0.58075,0.05975,0.39675,0.37375,0.38225,0.01975,0.09775,0.431992277147075,0.421817356676447,0.000246598862073982,0.0157034665623225,0.0157034665623225,-0.64794104093174
"1941",1941,0.97025,0.32675,0.19775,0.60025,0.61325,0.81475,0.34575,0.78475,0.336990438381396,0.358371782670385,0.000108249172842341,0.0104042862726062,0.0104042862726062,2.0550515171122
"1942",1942,0.97075,0.32025,0.46075,0.49875,0.76875,0.85225,0.94025,0.85975,0.133228039461419,0.163573924833533,0.000311803714959658,0.0176579646324161,0.0176579646324161,1.71853812168169
"1943",1943,0.97125,0.45225,0.07975,0.32025,0.19175,0.42875,0.79025,0.63425,0.216497560196819,0.228319065237541,0.000189995317243481,0.0137838788896116,0.0137838788896116,0.857632683469921
"1944",1944,0.97175,0.03875,0.14275,0.10725,0.01475,0.02775,0.86375,0.18525,0.190575647588258,0.198898106098928,0.000664670999047743,0.025781214072416,0.025781214072416,0.322810961783774
"1945",1945,0.97225,0.59375,0.19225,0.12175,0.56325,0.22075,0.03375,0.41275,0.452369878300713,0.434619593192598,0.000159340538365219,0.0126230162150422,0.0126230162150422,-1.40618413267685
"1946",1946,0.97275,0.52875,0.55425,0.89675,0.40025,0.86575,0.74225,0.23275,0.217739209210041,0.292405375695178,0.000104992982172602,0.0102466083253241,0.0102466083253241,7.28691525181093
"1947",1947,0.97325,0.77275,0.61375,0.65575,0.29375,0.22275,0.02675,0.88875,0.795152648936951,0.702929965019674,0.000229008524765339,0.0151330276139753,0.0151330276139753,-6.09413306244877
"1948",1948,0.97375,0.42875,0.26875,0.03625,0.31025,0.29525,0.30075,0.18875,0.249616620628757,0.283891697457559,0.000232159189897474,0.0152367709800165,0.0152367709800165,2.24949740819461
"1949",1949,0.97425,0.24225,0.48825,0.76575,0.57175,0.14025,0.34725,0.25475,0.560551086240383,0.548119820422534,0.000127033234597103,0.0112709021199327,0.0112709021199327,-1.10295215818298
"1950",1950,0.97475,0.88325,0.64275,0.02775,0.66325,0.35175,0.53075,0.66525,0.231174444378506,0.217579680147094,0.000190480799298032,0.0138014781562712,0.0138014781562712,-0.985022334381969
"1951",1951,0.97525,0.11975,0.73675,0.52875,0.26575,0.42525,0.24975,0.08325,0.383886449055968,0.425114990051553,0.000125875764137864,0.0112194368904087,0.0112194368904087,3.67474244904667
"1952",1952,0.97575,0.96775,0.81225,0.30425,0.43425,0.01225,0.11625,0.48475,0.60098258639795,0.550767552585913,0.000204304583366912,0.0142935154306739,0.0142935154306739,-3.51313391415771
"1953",1953,0.97625,0.47125,0.67375,0.53025,0.93925,0.77325,0.05475,0.32275,0.382809908060042,0.351560313123936,0.000129216614978923,0.0113673486345288,0.0113673486345288,-2.74906628984564
"1954",1954,0.97675,0.41925,0.73025,0.22125,0.22775,0.37225,0.03075,0.00525,0.369065542573055,0.395199570709462,9.11506280061573e-05,0.00954728380253553,0.00954728380253553,2.73732599521828
"1955",1955,0.97725,0.26875,0.66825,0.05625,0.98225,0.65325,0.02175,0.54025,0.286937234346757,0.28723976417262,0.000305572702884056,0.0174806379427084,0.0174806379427084,0.017306566662756
"1956",1956,0.97775,0.10675,0.61275,0.26475,0.84475,0.25375,0.43725,0.61275,0.38831552084499,0.37045975210369,0.000187645756258639,0.0136983851697432,0.0136983851697432,-1.30349442799576
"1957",1957,0.97825,0.62125,0.42775,0.36075,0.85525,0.21025,0.14275,0.23525,0.492253750571832,0.439823242741134,0.000162490907162465,0.0127471921285617,0.0127471921285617,-4.11310250146939
"1958",1958,0.97875,0.98875,0.92525,0.05275,0.12275,0.06675,0.40825,0.72725,0.407723743030438,0.395199559629724,0.000250976102678475,0.0158422253070228,0.0158422253070228,-0.790557081344002
"1959",1959,0.97925,0.50275,0.68575,0.87775,0.76325,0.49675,0.30925,0.73425,0.615925559723919,0.565395047752837,9.64853559047493e-05,0.00982269595909134,0.00982269595909134,-5.14426102380923
"1960",1960,0.97975,0.39775,0.49975,0.82425,0.27175,0.70225,0.75375,0.64075,0.331814739215108,0.374526705914642,0.000134612304136054,0.0116022542695829,0.0116022542695829,3.68135068471219
"1961",1961,0.98025,0.44325,0.10675,0.38825,0.91125,0.29675,0.25575,0.64375,0.510628578775247,0.449726772927577,0.000138497922870317,0.011768514046825,0.011768514046825,-5.17497838770058
"1962",1962,0.98075,0.86075,0.78625,0.02275,0.70125,0.89825,0.04525,0.49575,0.160183236393389,0.197699438889901,0.00058276249645299,0.0241404742383614,0.0241404742383614,1.55407893507309
"1963",1963,0.98125,0.95625,0.79625,0.44675,0.56525,0.76675,0.95475,0.73775,0.154393453273107,0.13756565703084,0.000462891573289235,0.0215149151355341,0.0215149151355341,-0.782145601609841
"1964",1964,0.98175,0.33475,0.53775,0.61825,0.25925,0.96725,0.39475,0.50425,0.264333129572396,0.30829579607205,0.000314939162166918,0.0177465253547538,0.0177465253547538,2.47725487783318
"1965",1965,0.98225,0.43375,0.91975,0.96675,0.83375,0.20375,0.01075,0.75125,0.987986020779991,0.777540864522937,0.000567973736110098,0.0238321995650863,0.0238321995650863,-8.83028675898434
"1966",1966,0.98275,0.03975,0.53325,0.06125,0.56575,0.46975,0.41275,0.86775,0.297029688286631,0.303785045841114,0.000270383612576489,0.0164433455408712,0.0164433455408712,0.410826223756718
"1967",1967,0.98325,0.32075,0.23825,0.11875,0.55075,0.85725,0.63725,0.17575,0.0275297437203972,0.0754472549803057,0.000460681381438829,0.0214634894981881,0.0214634894981881,2.23251262400523
"1968",1968,0.98375,0.32475,0.10275,0.72425,0.79325,0.09975,0.66575,0.85375,0.602076033196922,0.514227496908375,0.000320038436603608,0.0178896181234706,0.0178896181234706,-4.91058756437582
"1969",1969,0.98425,0.78575,0.68525,0.52375,0.71275,0.06325,0.08225,0.49475,0.747786635383245,0.617158008074586,0.000279178950098331,0.0167086489608924,0.0167086489608924,-7.8180245221743
"1970",1970,0.98475,0.21175,0.58725,0.75125,0.13375,0.36625,0.16625,0.36775,0.638996872316521,0.60420467305656,7.96999388932673e-05,0.00892748222587238,0.00892748222587238,-3.89720173949281
"1971",1971,0.98525,0.91175,0.19925,0.89725,0.33725,0.64375,0.72075,0.77825,0.438157756995869,0.416000856298173,0.000103506296920992,0.0101738044467638,0.0101738044467638,-2.17783827216611
"1972",1972,0.98575,0.43575,0.90975,0.74125,0.00075,0.26575,0.63975,0.73325,0.542136721537163,0.525485425606545,0.000141301170526684,0.0118870168893076,0.0118870168893076,-1.40079685977361
"1973",1973,0.98625,0.22675,0.41225,0.46775,0.72925,0.20575,0.75575,0.42875,0.3757370458517,0.34054071449344,0.000244228106087853,0.0156277991440847,0.0156277991440847,-2.25216174291453
"1974",1974,0.98675,0.00475,0.95025,0.00375,0.31975,0.31125,0.39225,0.67375,0.334953097814938,0.356118991846802,0.000443094443543386,0.021049808634365,0.021049808634365,1.00551479585945
"1975",1975,0.98725,0.81075,0.32325,0.20825,0.37775,0.95225,0.04675,0.02325,0.173964840237714,0.183945994302591,0.000585450244864046,0.0241960791217099,0.0241960791217099,0.412511217816338
"1976",1976,0.98775,0.51525,0.92225,0.14075,0.55775,0.68425,0.26075,0.57275,0.272536754164907,0.289021755707954,0.000322429749723943,0.0179563289601172,0.0179563289601172,0.918060789577972
"1977",1977,0.98825,0.92425,0.91225,0.60525,0.17425,0.14825,0.64275,0.25275,0.455572565155678,0.403617095631685,7.73920203103288e-05,0.00879727345888081,0.00879727345888081,-5.90586046538592
"1978",1978,0.98875,0.39175,0.75925,0.56575,0.39225,0.94775,0.35425,0.10225,0.236444162949792,0.264384818680734,0.000283081656274361,0.0168250306470556,0.0168250306470556,1.66066002000606
"1979",1979,0.98925,0.23475,0.88425,0.42125,0.51275,0.83275,0.56375,0.43925,0.218539764040393,0.252021699763807,0.000374387112741059,0.0193490855789378,0.0193490855789378,1.73041436954831
"1980",1980,0.98975,0.23125,0.50125,0.30825,0.36025,0.89975,0.45075,0.54225,0.20018578982633,0.233406989308829,0.000416655779711623,0.0204121478466041,0.0204121478466041,1.62752101014328
"1981",1981,0.99025,0.01475,0.93175,0.88475,0.45625,0.54275,0.67775,0.14875,0.403694958600862,0.439199420823311,0.000432658167682823,0.0208004367185601,0.0208004367185601,1.70690946074072
"1982",1982,0.99075,0.79975,0.83325,0.01975,0.84975,0.61525,0.25725,0.66825,0.286327278550823,0.261533195614087,0.000383875169947925,0.0195927325799115,0.0195927325799115,-1.26547345224104
"1983",1983,0.99125,0.84475,0.00375,0.99525,0.46525,0.22475,0.11925,0.39375,0.903108764135875,0.696206180858268,0.000570482750686457,0.0238847807334808,0.0238847807334808,-8.66252805861343
"1984",1984,0.99175,0.09475,0.95925,0.26025,0.21275,0.57775,0.03475,0.34225,0.452870237697335,0.439897934848764,0.000305290104210786,0.0174725528818998,0.0174725528818998,-0.74243889466257
"1985",1985,0.99225,0.46125,0.77575,0.70125,0.53475,0.65375,0.32525,0.50875,0.520457514124652,0.465442414143024,0.000107032908282092,0.0103456709923567,0.0103456709923567,-5.31769278399369
"1986",1986,0.99275,0.20675,0.35925,0.55625,0.87675,0.30025,0.39675,0.22275,0.520680945739953,0.439289680833604,0.000202311345935165,0.0142236192980255,0.0142236192980255,-5.72226120518057
"1987",1987,0.99325,0.55325,0.04375,0.84725,0.02175,0.43725,0.85275,0.51375,0.46369353946411,0.423016117181011,0.00020244076062169,0.014228167858923,0.014228167858923,-2.85893606867934
"1988",1988,0.99375,0.17725,0.63725,0.83625,0.36125,0.89175,0.29825,0.42825,0.490277818007288,0.447637828182141,0.000227476920211265,0.0150823380220464,0.0150823380220464,-2.82714720773521
"1989",1989,0.99425,0.65775,0.21175,0.04025,0.09125,0.71375,0.61175,0.38075,0.134868952312717,0.130239371099111,0.000569526623069132,0.0238647569245767,0.0238647569245767,-0.193992389205453
"1990",1990,0.99475,0.00225,0.60425,0.85975,0.80275,0.90525,0.01375,0.41675,0.653812979810071,0.482252303220059,0.000294779521098923,0.0171691444486591,0.0171691444486591,-9.99238355196032
"1991",1991,0.99525,0.32625,0.36675,0.96825,0.50475,0.39575,0.42125,0.69275,0.786282049547652,0.637717455036777,7.04631339386918e-05,0.00839423218279622,0.00839423218279622,-17.6984137769449
"1992",1992,0.99575,0.86125,0.63525,0.48575,0.02075,0.22375,0.75775,0.89675,0.553651429945858,0.402360667514256,0.000143669095472278,0.0119862043813827,0.0119862043813827,-12.6220743129152
"1993",1993,0.99625,0.19925,0.88325,0.47275,0.00375,0.51975,0.46625,0.42775,0.461325298397014,0.426053310079023,0.000296273562085506,0.0172125989346614,0.0172125989346614,-2.04919596697063
"1994",1994,0.99675,0.16825,0.54875,0.53675,0.81375,0.62025,0.80625,0.06825,0.2811491081733,0.253923361236039,0.000318704745420449,0.0178523036446406,0.0178523036446406,-1.52505511216948
"1995",1995,0.99725,0.51875,0.74125,0.70475,0.95075,0.02475,0.98525,0.89225,0.670901161164102,0.410170266419461,0.00127924429184768,0.0357665247381917,0.0357665247381917,-7.28980231244639
"1996",1996,0.99775,0.46575,0.81075,0.78975,0.81975,0.47925,0.59925,0.23375,0.552756855145013,0.426332772684616,0.000241025729691066,0.0155250033716926,0.0155250033716926,-8.14325636095587
"1997",1997,0.99825,0.96925,0.54075,0.66975,0.84325,0.26675,0.19275,0.29275,0.829203695536285,0.538995544824562,0.000354373672997248,0.018824815350947,0.018824815350947,-15.4162548371091
"1998",1998,0.99875,0.57725,0.86675,0.53575,0.40625,0.25025,0.05725,0.57825,0.969362685970547,0.652819173718134,0.000131330046289421,0.0114599322113798,0.0114599322113798,-27.6217613170593
"1999",1999,0.99925,0.75125,0.80775,0.24325,0.75225,0.78325,0.27775,0.37375,0.410792208759293,0.259695845096326,0.000313791015029762,0.0177141473130874,0.0177141473130874,-8.52970007488508
"2000",2000,0.99975,0.77525,0.07325,0.52175,0.55175,0.98325,0.20775,0.56525,0.585061750327259,0.329659857460423,0.000351942394448059,0.0187601277833617,0.0187601277833617,-13.6140806617187
