"","x.1","x.2","x.3","x.4","y","yp","yv","ysd"
"1",0.388683923111064,0.497922424409771,0.1196752029208,0.354070233753067,68.5333063309313,68.5460056482326,0,0
"2",0.36153771901736,0.119023578901077,0.846203541667084,0.100635905573494,75.068611484458,75.0551628757198,0,0
"3",0.126061655887868,0.193337282019318,0.397115506491624,0.746883157354896,42.9214510811585,43.141776414236,0,0
"4",0.228465051595122,0.350192017170833,0.269762768630637,0.753101828187355,49.886758491777,49.8454862621065,0,0
"5",0.851684022515896,0.164173560519819,0.252553697116091,0.841546484111343,85.1398232253879,85.1697342020595,0.00692034186795354,0.0831885921743693
"6",0.422156341754599,0.121827724672388,0.667602251844481,0.724409402835299,61.0888481526853,61.086191124966,0.0506235786015168,0.224996841314532
"7",0.356174954904127,0.270245783961378,0.127023665269371,0.900011713150539,54.0851427058738,54.1249215243857,0.0547230410156772,0.23392956421897
"8",0.593174905932625,0.353848596320138,0.102518524214625,0.729016636665328,69.9592781136279,69.9596872041598,0,0
"9",0.859391403622343,0.156280845253263,0.826097484127036,0.0812073961099377,117.34768954262,117.041466874526,0,0
"10",0.379023907644791,0.899786482748925,0.220050860734889,0.142727273750934,74.6434667220987,74.6860255055271,0,0
"11",0.653976818137337,0.27415302889701,0.712731960679987,0.231481329318136,89.9525502519341,89.9518133482171,0.00795807631220669,0.0892080507140846
"12",0.867638008478214,0.768330339137581,0.742773972881958,0.772177102515474,89.1275180816259,88.7537253349058,0,0
"13",0.62912825416855,0.401984275719733,0.284876957322005,0.663889694678248,73.8129176971452,73.7787045976754,0,0
"14",0.811434251202853,0.140903165835189,0.299817395446356,0.907246239731787,79.6038856163389,79.8656816858681,0,0
"15",0.390684533915599,0.866900103997206,0.880248987631872,0.225806820639875,72.7414024872438,72.7480807012311,0,0
"16",0.184568652580143,0.883943545042421,0.205516529645654,0.332410367777804,55.558263198136,55.627190500835,0,0
"17",0.731562070971704,0.225407087826403,0.281077626270941,0.287093410429312,93.6195461170101,93.6347462242339,0.0682861870154738,0.261316258612957
"18",0.363639161107945,0.432883040179964,0.32947434009565,0.738847667158814,57.680435165078,57.6889609229077,0,0
"19",0.780936219032039,0.142256753395312,0.224355881965486,0.515235999811441,89.133555770565,89.1697259125335,0.0634282919345424,0.251849740787126
"20",0.104548313279054,0.195669650914613,0.440163850990008,0.828909682029509,39.8727056992795,40.0445266681389,0,0
"21",0.298276009151829,0.588269121571211,0.113113727040123,0.576743365452625,57.5319569372799,57.5192690953356,0.0548427089815959,0.234185202311324
"22",0.108138064794475,0.865697088764864,0.689390103952028,0.657001809801906,42.7981843300051,42.7485433964969,0.0128626762889326,0.113413739418699
"23",0.858707141696359,0.183110436942545,0.154759624608792,0.504322246738826,97.2982116041528,97.2532606529153,0,0
"24",0.688786098488257,0.786282824034919,0.869258850935264,0.716142129235552,76.1643556602372,76.1716520611625,0,0
"25",0.391776364384918,0.335056177458493,0.493532885923283,0.747914465529378,58.977910344637,58.9823018187714,0,0
"26",0.161274092887761,0.720259774134727,0.740626468136441,0.394432742238045,52.3373730031875,52.2809475462817,0.0364387390436605,0.190889337165962
"27",0.901724121007835,0.73140340916859,0.587012441464001,0.211009700077469,116.975063599322,117.156236277517,0.0577630824409425,0.240339514938644
"28",0.680825366086326,0.238758857896901,0.359425602141069,0.558356792639825,80.1969282164978,80.1744822897959,0.0158702029148117,0.125976993593321
"29",0.706940709115006,0.329091822825838,0.259173579587252,0.565850292073213,81.7248474403449,81.7307942676921,0,0
"30",0.447370018021553,0.111482966570184,0.320287329959916,0.113836082999595,80.2596811269452,80.2193260697744,0,0
"31",0.429650630009011,0.0899119616395328,0.46780924003257,0.120636880446458,78.8628623722193,78.8047981246859,0,0
"32",0.144788237989065,0.502564651864232,0.695467336402624,0.666384316359647,45.7571636654855,45.6848786747958,0,0
"33",0.596899357796181,0.305979508161894,0.473596908496227,0.434948208397604,78.6988230169021,78.6898785133306,0.0289952652528882,0.170279961395603
"34",0.866652864862233,0.87562068702071,0.234646616132581,0.548573745037662,96.6103354351624,96.3947243927714,0.0129610267467797,0.11384650520231
"35",0.569329709029756,0.80461904475349,0.0977823617599206,0.302199517094879,81.2821744227069,81.3028883327885,0,0
"36",0.396881318407715,0.117866820824449,0.593254102197592,0.875694944776013,56.630094871404,56.6511166104082,0,0
"37",0.103336692711222,0.899293434389518,0.134780575067154,0.784604071338428,40.3709951905583,40.4253142956586,0,0
"38",0.207931930618361,0.268355841519777,0.516735639425809,0.339113777785795,57.2233465308827,57.1858192033895,0,0
"39",0.657760953470133,0.109350276988582,0.756570773859392,0.184407883472275,92.1777555935864,92.1526179493782,0.0284195237327367,0.168580911531338
"40",0.0979392339725746,0.570179160968051,0.648111091057421,0.0706223543937085,53.6246723667115,53.6069344330072,0,0
"41",0.230480921366718,0.457153698921204,0.622667584051844,0.580626584827085,53.3776982185495,53.3633400317261,0,0
"42",0.309080234784633,0.571333867730689,0.520132209782139,0.732680251234793,54.9134046572248,54.9063093670881,0.0473674043314531,0.217640539264754
"43",0.113221123873489,0.906471049325424,0.90413534665585,0.916550698573468,39.4317930126035,39.1563347564116,0,0
"44",0.188806456994847,0.323581411588588,0.633464039199986,0.695780189160258,48.4249580100602,48.2314362109684,0,0
"45",0.386441120174597,0.366701292288024,0.641669611590332,0.646168109801249,60.968401712237,60.9616770529818,0,0
"46",0.377353801961173,0.648603933494422,0.60397743605671,0.295451190228341,69.6755930763357,69.6788395126914,0,0
"47",0.547077208605362,0.535033717679558,0.0930137891281629,0.932207950672484,62.7827636047138,62.7820815937069,0,0
"48",0.449481748231337,0.819479081276455,0.81255038635619,0.49412661168538,68.2779776573186,68.2701951833283,0.00853671226650476,0.0923943302725052
"49",0.897758325089701,0.784206565080793,0.888758998076431,0.10123231432843,122.43069771958,122.544368436319,0.0201083751162514,0.141804002469082
"50",0.484814018755103,0.854694552431814,0.867943751197075,0.120124109384487,82.6473243066897,82.6797868173032,0.0570436286507174,0.238838080403267
"51",0.125842971865437,0.662548752590665,0.557707032547216,0.692624940822832,43.7772494762138,43.8162542251895,0,0
"52",0.540072747016908,0.372633830702747,0.740204665722442,0.333041139828623,78.5313883149654,78.5482383958023,0,0
"53",0.0880863946630852,0.192085784764029,0.850345614448772,0.522596411811654,42.9927314088755,42.7521927480562,0,0
"54",0.477851684401976,0.5364927419218,0.778357770688133,0.570967018347234,67.8074545913983,67.8146848441565,0,0
"55",0.900447202058393,0.106804840103141,0.43148815384123,0.238883816923131,115.229899980481,115.215982847918,0.0113207207759842,0.106398875821055
"56",0.673422606337932,0.508667619407643,0.564784158047987,0.831502029068652,72.0913478804012,72.1200406282477,0,0
"57",0.335888562198728,0.534287519199424,0.315000872061588,0.379580125273438,64.6588143394503,64.6731358697018,0,0
"58",0.142322687093401,0.716054243227467,0.41110861434578,0.320375097524724,52.3103589016547,52.3381631879191,0,0
"59",0.4009236833537,0.236670130903018,0.498093387587345,0.711571806713357,60.2457299584163,60.2479922461745,0,0
"60",0.297465884029982,0.0717733317059465,0.429483217043569,0.438573232384981,60.7834614398635,60.7034339478778,0,0
"61",0.877803005882073,0.377447804910596,0.853724972202675,0.139796942298766,116.884105351808,116.711264557468,0.0732016472611576,0.270558029378464
"62",0.817336168216891,0.742541696625762,0.106601030361839,0.186949897851096,106.173475421158,106.383233685618,0.13752155075781,0.37083898225215
"63",0.559949608927709,0.0927758142416133,0.702488712532097,0.206822769235703,84.3223243687012,84.2990957976818,0.00132442638278008,0.0363926693549687
"64",0.109828847823781,0.771426112178597,0.783835553607321,0.495334895906853,45.7360831252735,45.6818575309533,0,0
"65",0.611846857109573,0.736076921927975,0.362382998068701,0.891915230175247,67.094806653603,67.0962506352634,0,0
"66",0.935373459813069,0.186641524964594,0.418388759776833,0.361580931261065,116.157285188543,116.094877938925,0.008066002628766,0.0898109271122729
"67",0.8830475897867,0.733038087483961,0.24044796978985,0.101792215914116,119.528043209321,119.780184314689,0.0269081683363765,0.164037094391411
"68",0.778443044615327,0.887969094805187,0.300968648904585,0.800050418933388,79.9510442045379,79.9838073183178,0.0713409971212968,0.267097355137217
"69",0.798198818238452,0.694906631602673,0.460757765220827,0.679508055982995,85.215570565487,85.2614935991043,0.00185982137918472,0.0431256464204854
"70",0.725458829047624,0.182502458665753,0.843152088390663,0.265732999362051,94.1589749297763,94.1878246381817,0.025188512634486,0.158708892739147
"71",0.620896448635613,0.604302286204882,0.711131284005358,0.846881613641512,68.707230734006,68.6967644624357,0.0623317960416898,0.249663365437723
"72",0.804579618549324,0.64513792564522,0.597799305580556,0.408423560537747,95.4097310945948,95.4251915359936,0,0
"73",0.712559115945478,0.821611717551714,0.710010087154689,0.195610068837879,96.0305489082069,95.9207360971316,0.0692135088611394,0.263084603998675
"74",0.667202812676202,0.685420072954264,0.257322889391799,0.882386680944357,70.3970680476112,70.4261985453244,0,0
"75",0.770405781041598,0.262541715071304,0.409871530551463,0.740551202874165,81.0828985569818,81.0946521456702,0,0
"76",0.640016791774309,0.727372785487794,0.721499171080068,0.582335069176624,76.9012642383013,76.8839978091254,0,0
"77",0.356784361224156,0.414069058064371,0.0921345519543393,0.599768974469625,60.3274566493014,60.3486063732749,0,0
"78",0.163499089524033,0.802075673386105,0.595948555596522,0.475724820238538,50.7885437104626,50.7872790276367,0,0
"79",0.578428506527445,0.467928552650032,0.864680772650871,0.854824348033057,66.2395757256663,66.2658339113196,0.0714649666333571,0.267329322434628
"80",0.696906980892527,0.702720813082764,0.0792565718552796,0.609065033649094,79.6285823597085,79.6713213509908,0.00941176165360957,0.0970142342834781
"81",0.333150888233795,0.438337436900823,0.742352421263116,0.0952630728726508,73.2794960413173,73.2903519901174,0.0930299836909399,0.305008169875726
"82",0.0733061179671204,0.686683349029161,0.263152733994066,0.715304438982857,38.2988660216814,38.1211971506158,0,0
"83",0.919300887328922,0.586516631091363,0.17641830551438,0.306252172425156,115.221806414317,115.273830234715,0,0
"84",0.483188789939042,0.150959652140969,0.372075422892929,0.405769069683854,72.6893703003681,72.6806349822548,0.0698843590216711,0.264356499866508
"85",0.54118135622004,0.718748797321343,0.523745169169153,0.132673114838428,85.9017106472512,85.9182839391121,0.0390968066640198,0.197729124470878
"86",0.772331058959942,0.478904606901575,0.248137683478883,0.131888183955103,104.190041866722,104.194851060907,0.0106845067348331,0.103365887674963
"87",0.818409309117589,0.559075703879585,0.150120085629518,0.364966382868355,98.3799577030616,98.4356449463008,0,0
"88",0.51890714987996,0.708673862101743,0.270276629185188,0.205247003814671,81.5516867508104,81.5816695314914,0,0
"89",0.679695698465221,0.397120875756838,0.361536695021205,0.534527819682378,80.8709781536045,80.8833846593571,0.00286566105205566,0.0535318694989784
"90",0.905266289150459,0.709211302795913,0.556055496409535,0.425839544501621,107.256539484848,107.409955712284,0,0
"91",0.310636654549511,0.764750953188166,0.104302312800544,0.525276121646864,59.4298127356314,59.416252630036,0,0
"92",0.193816643830622,0.39474627313565,0.0956516992935212,0.668331203742069,49.2025276668396,49.0509475831415,0,0
"93",0.751979124201811,0.643937213683035,0.775806273807539,0.741560224086046,79.7490784735681,79.7255973616826,0,0
"94",0.714581350085675,0.158685227504349,0.193320425441023,0.815805429451633,74.9832207884407,74.9711331522904,0,0
"95",0.234263328284025,0.0890805404898711,0.714335728243459,0.0727330074658385,66.7205327717038,66.7360968112206,0,0
"96",0.534664554880699,0.425092214539647,0.650000891244737,0.181980530937086,83.563316004095,83.5866557329649,0,0
"97",0.782630153867765,0.864665467718034,0.357592108723824,0.56835173950647,87.4931708700554,87.5184220784402,0.0384775621350855,0.19615698339617
"98",0.510343996954267,0.120642127915169,0.792716366915381,0.702246560010477,66.2485699321532,66.255869290257,0.0358274941099808,0.189281520783147
"99",0.844854367484804,0.77281452026905,0.197958178212983,0.806270388661302,85.4949080905483,85.4287923950991,0.0168780222302303,0.129915442616458
"100",0.794612774776877,0.424116908687167,0.279401828746311,0.884073535680538,78.8688102037244,78.942340583681,0.149216166348197,0.386285084294225
"101",0.119930493002175,0.77453077050799,0.116113117832574,0.241338664992363,51.9049011467059,51.91656990332,0,0
"102",0.236651855428703,0.268565471934271,0.76884947859752,0.895766324104741,47.946710379904,47.9224447928435,0,0
"103",0.724726065194351,0.643372316314839,0.54362538323435,0.25883599500102,94.3067403279093,94.2972791884145,0.107659251079895,0.328114691959831
"104",0.338392437479808,0.124318963325466,0.8144522563871,0.629663491207059,58.733089675019,58.7072019741253,0,0
"105",0.560970737313735,0.10525487963669,0.463978437086334,0.419592443446163,76.9546452735684,76.9560638682512,0,0
"106",0.578591950160684,0.373324851749581,0.576171636257437,0.730698988391086,69.2097107959889,69.2115483658588,0.0209444584324956,0.144722003967937
"107",0.0893429131878074,0.411160003667581,0.482327022558893,0.201364086825401,49.3817181905013,49.447871690619,0,0
"108",0.809695340788574,0.812692158430582,0.733380803166423,0.552489907272509,90.5618389186261,90.5862334314359,0.0412550786277279,0.203113462448278
"109",0.511145282354439,0.855718811669387,0.51579426332505,0.743719521520077,65.2567354265583,65.2421071571126,0,0
"110",0.0790688827141421,0.904730797861237,0.416065347090131,0.9013063608394,36.4704687049812,35.9557399503515,0,0
"111",0.40206383461121,0.227716151135974,0.21029952429526,0.117033918415196,77.0853907343947,77.067165495498,0,0
"112",0.873108681423124,0.229522390373517,0.749093683506129,0.903483406534884,85.7192497611312,85.5551418977128,0,0
"113",0.637816614825628,0.527112643595086,0.69069470857142,0.308637730556075,85.8155546613347,85.8194069106495,0.012728062341921,0.112818714502165
"114",0.414982640861301,0.531727167988778,0.519745922007947,0.507369672896457,65.930812642306,65.9061687807636,0,0
"115",0.916884284704458,0.893110097580706,0.896462871366879,0.413380887686857,109.998245510167,110.103869382435,0,0
"116",0.0711329497029074,0.568474708541646,0.160089941176004,0.630277013359009,39.261645946148,39.1636782339143,0,0
"117",0.340616233690525,0.847793308348046,0.795762395872385,0.791195540748769,55.4588569541304,55.4503570423129,0,0
"118",0.433514977586339,0.874792127991561,0.196510575071326,0.493961471145041,67.2713146779264,67.2466433294726,0,0
"119",0.815524580819299,0.33563045099494,0.903777294456959,0.513101749578142,92.5741639821485,92.5285376649502,0,0
"120",0.224909223313211,0.133530839347863,0.524939960123855,0.913638956363779,46.9670299727496,46.9452678893384,0,0
"121",0.102036258124397,0.386418867686996,0.380525303437025,0.375160919639631,47.1925574567118,47.311393008781,0,0
"122",0.918138560540276,0.253075818320271,0.2125139774743,0.736700279662735,97.0510713294258,96.9522029481445,0,0
"123",0.496837966607069,0.25226861989568,0.495499953167047,0.598969535437878,68.0820592952892,68.0713392918408,0.0560395495267585,0.236726740202197
"124",0.135890064266277,0.246336929666228,0.919367914365721,0.625537159867235,45.7597069251428,45.7267837117942,0,0
"125",0.745809822267271,0.566901936065522,0.126025717187789,0.495684971434064,86.8836767871477,86.8771655864345,0,0
"126",0.217149907621439,0.297991302450304,0.893520666356315,0.41202592353581,56.1913492770386,56.1960082506978,0,0
"127",0.591647015196038,0.402972589001292,0.282939499257132,0.202894060886465,86.5197963761148,86.5324851789354,0,0
"128",0.174502320324304,0.766153346078354,0.419745309713762,0.660774335373426,48.0461656446982,47.9793890849013,0,0
"129",0.595114106688998,0.762360082420288,0.909790775276604,0.59785006906325,73.7512672919102,73.7508233633936,0,0
"130",0.906914897868992,0.225545760266599,0.628094686869183,0.0968112885078881,124.324254986601,123.866383986173,0,0
"131",0.182049486724194,0.195373752703075,0.831839200637769,0.77868495763978,46.5501534839119,46.3917756687061,0.0287218240555376,0.169475142883957
"132",0.57438837638183,0.202021017643157,0.902946725282702,0.353805548540084,80.0292330338259,80.0604358753849,0.0219698308501393,0.148222234668552
"133",0.867072269976256,0.868970101241139,0.423619784867158,0.0993527043046197,117.286840474757,117.486826302676,0,0
"134",0.920552212369046,0.117219200224965,0.388936350481934,0.779367685718113,96.0509375966444,95.8720033892679,0.0115043359110132,0.107258267331769
"135",0.919962443299009,0.852612252669409,0.518410891321721,0.28229701460409,116.758053935389,116.961318557135,0,0
"136",0.23707998125616,0.787143168683979,0.803272313142777,0.40519365165371,57.7281824652412,57.7692788637573,0,0
"137",0.54086506552936,0.407451752736932,0.276898037920473,0.61966969955177,69.9327789467942,69.9148442174644,0.0313396645942703,0.177030123409182
"138",0.537417692866875,0.788588741431595,0.363131409065332,0.452900349780219,74.4788930546029,74.4407888281742,0,0
"139",0.417129642320215,0.429947079480276,0.432490340272198,0.547895327250357,64.9918158629407,64.9737822345508,0.0239697860088199,0.154821787900863
"140",0.300548473722884,0.579427947346121,0.661509077004506,0.595897775445017,57.3189802850189,57.3143456968198,0.0334221012890339,0.182817125261924
"141",0.698147013851791,0.172053535583313,0.250183559623198,0.461253614498419,84.5353556430506,84.5126372266034,0,0
"142",0.734785434883204,0.909980848651146,0.100286731557571,0.671244768173085,80.3990716218214,80.2675660495683,0,0
"143",0.754846778364386,0.806860261342605,0.91060004202649,0.60369816308422,84.1985863277821,84.1403585884436,0,0
"144",0.156402892222395,0.068609421369154,0.521235445123981,0.449996578940889,50.7409435562557,50.6523118461193,0,0
"145",0.902141494567739,0.838914913573884,0.590887692686054,0.754995279680123,94.0637962462154,93.9539548330088,0.00584704510401934,0.076465973504686
"146",0.699273193681031,0.6835366507828,0.766841670248541,0.860667032742058,72.9638512995036,72.9856615146895,0,0
"147",0.571196203279775,0.231130736680469,0.580147599747055,0.0871984594636597,89.9038705219696,89.8471039601642,0.0524217929923907,0.228958059461533
"148",0.225947737192153,0.0859623755408684,0.940254812052124,0.894372942480375,47.3656396398266,47.3661288457984,0,0
"149",0.505813700660365,0.300232352505205,0.569575495946454,0.845259342343081,62.674251452069,62.6675819527316,0.0361008880427107,0.19000233694013
"150",0.662246676568408,0.160194218381541,0.146477757393615,0.685680388454348,75.1832020945264,75.1620479495443,0,0
"151",0.476997126665665,0.601809002836584,0.536577975626802,0.748055534792948,63.3785548496091,63.3780541127587,0.0159333789488301,0.126227488879523
"152",0.892174697807292,0.515892964154948,0.815146010395838,0.248847791613778,113.479596486911,113.513716407035,0,0
"153",0.415403105614707,0.295155785433366,0.270766377231455,0.728564698753995,60.5895388454865,60.5964144576396,0,0
"154",0.374507258696016,0.291170699485578,0.689670805885107,0.527952780158492,63.1403010370242,63.1350338840369,0,0
"155",0.907699402071652,0.312789658462978,0.550982119855937,0.87810725040955,90.8399747618027,90.7866496156715,0,0
"156",0.227555435416871,0.694044176875381,0.505932052172488,0.862321753996657,47.9598273569907,47.903043849738,0,0
"157",0.0900417861014139,0.642415386992972,0.253240007124841,0.235884990625666,48.6843601815521,48.5912550132041,0,0
"158",0.580113426440861,0.0562052727832925,0.527280085165869,0.109317115799058,89.5864017928647,89.5124500670548,0.0556856308830902,0.235978030509389
"159",0.232626906076679,0.569585595715907,0.755826272501145,0.786271223588265,49.5867955188546,49.5545909303024,0,0
"160",0.830659032479511,0.758371869903174,0.234326342951157,0.535241104362183,93.0827759814523,93.104971607031,0.0121041962411255,0.110019072169899
"161",0.502458936418872,0.566463928424171,0.885935993178631,0.889008143373532,61.5957585985174,61.6043696573412,0.142931691254489,0.378063078406883
"162",0.584589527523611,0.365676161448937,0.452861186110065,0.92297016924771,64.9665407188285,64.9652896686645,0,0
"163",0.562065777275828,0.596265960322577,0.193852247875882,0.473861333182896,75.2712418406741,75.2557945104942,0,0
"164",0.115751159920124,0.455471031807363,0.61487791231554,0.542548726934008,45.4397801273688,45.5294176782183,0,0
"165",0.895116954708938,0.486527726679342,0.461199029887794,0.117999117655563,120.80670166408,120.716962847674,0,0
"166",0.570234279077384,0.800105551372632,0.280375881244661,0.15402209082956,86.9723712528618,86.9898581424314,0,0
"167",0.813920813974459,0.209827436334919,0.907809157376061,0.798390714746667,83.0350177731009,83.1561645324399,0.0326475042384118,0.18068620378549
"168",0.606606754211243,0.240061505933409,0.333171772166039,0.190447213207954,88.0736293892699,88.0712758905894,0.0793351111933589,0.281664891659147
"169",0.928056944525335,0.552168763577356,0.314711631721002,0.88106071356975,93.9367838172839,94.0616115981895,0,0
"170",0.856899888823624,0.616695835756953,0.709766504503787,0.597186322806636,93.8322717696434,93.5931057040491,0.123774288687855,0.351815702730641
"171",0.378110780518036,0.219166155669256,0.386930636513396,0.87719800655765,55.6461989468828,55.6755285840941,0,0
"172",0.81210715427075,0.362701401824947,0.275607840244076,0.366098041271442,97.7456113992061,97.7294732846972,0.116593211889267,0.341457481817674
"173",0.83897791904083,0.647925403406145,0.326336844064645,0.109732254735543,112.804009206307,112.888237637494,0,0
"174",0.298610308260308,0.87772745252715,0.750005696533597,0.238017118579126,66.331240763514,66.3487172498302,0,0
"175",0.323156253686408,0.135403542664251,0.512215277768322,0.305578654507757,65.9497938035274,65.9191014899225,0.034208515426144,0.184955441731634
"176",0.543417710330104,0.887185068340041,0.245686423964798,0.0567055387564469,89.123781298294,89.128207162122,0,0
"177",0.937321750181029,0.326648716651602,0.277108423266793,0.638552769552683,104.39824172082,104.135256122007,0.0154994823969901,0.124496917218821
"178",0.232099781127647,0.513007385567878,0.599583750124788,0.805375756416935,49.207495067,49.1593036863053,0,0
"179",0.54891779942927,0.895355793358642,0.610005085868295,0.467311339705018,74.7798279404985,74.7484708455194,0,0
"180",0.0917706457669847,0.888034451179905,0.61377475620585,0.34636546717782,46.6339729292706,46.4561732102721,0,0
"181",0.762464042957406,0.576030034838244,0.0481574940957362,0.324923636212596,94.6116777113531,94.6428052253829,0.0614503517281264,0.247891814564593
"182",0.368182007632451,0.632209670844837,0.129899275047239,0.407050804860773,65.8214350020023,65.8448685366175,0.066174054518342,0.257243181675126
"183",0.127308892408502,0.712959388467832,0.600145109216915,0.57501011816354,45.9023998915549,45.9342208361367,0,0
"184",0.463585201712325,0.0780728583218297,0.645321379976347,0.11612073023268,81.3362247709792,81.2841846914599,0.00444195221643895,0.0666479723355403
"185",0.456933703613351,0.421291295396397,0.504864421768929,0.252889120470383,75.9745812193017,75.9981833467156,0,0
"186",0.155550617244327,0.176062997876783,0.192224864491727,0.208525838645292,56.1460081650203,56.1932829588683,0,0
"187",0.630062832754571,0.65666970270616,0.686026653207024,0.678065639187116,73.5605145209788,73.5359550539789,0.0259277697186917,0.161021022598578
"188",0.529857830736088,0.452511526465649,0.251057263953728,0.287588063428411,79.3189782548486,79.337486685154,0.02034894854296,0.142649740774247
"189",0.20946145884844,0.726933895216906,0.247572033291333,0.628497523873812,51.0140993889985,50.9434715965853,0,0
"190",0.88703310581285,0.28223416591133,0.56580704673077,0.403222993493429,105.373456442615,105.350472305219,0,0
"191",0.080552775981836,0.607802968945354,0.0893253372600302,0.271485432380345,46.7095219483811,46.5945902946464,0,0
"192",0.916144158727606,0.0776779137924314,0.520666976151173,0.372598699340946,111.603220412986,111.810570451939,0.0548212534049526,0.234139388836976
"193",0.892596020687721,0.902936381105334,0.371738422773895,0.785946949223988,91.6391238821231,91.3272958354821,0.0306461584987119,0.175060442415504
"194",0.409460570599302,0.256937471218873,0.899295902073267,0.634283165279892,62.5125482591222,62.5075700244513,0,0
"195",0.220692916637054,0.226753736308892,0.442014804532286,0.864027932727477,47.5231695378571,47.4632021204049,0.0211181356571615,0.145320802561648
"196",0.535308233551332,0.412508520795032,0.0801657438259572,0.0573206645514583,88.4494351270506,88.474993374514,0,0
"197",0.546241742358543,0.901430858860025,0.0694814703307347,0.844884324002196,64.6504770892169,64.6834617320502,0,0
"198",0.309902545641758,0.388826195731643,0.901504332316574,0.370083554716199,63.3784568368939,63.3862693034573,0,0
"199",0.196762727977824,0.544252305933274,0.0899350793049671,0.561781740868581,51.4446053656347,51.3035549820904,0.0189958884147927,0.137825572426864
"200",0.321012543447781,0.652682518002111,0.0905669962024549,0.755721043243539,55.0375038087834,55.0359649053699,0.139294723048806,0.373222082745389
"201",0.829328800883144,0.686153636536095,0.935817846406018,0.161150306990719,109.190776710151,109.2037545469,0.0326427620602772,0.180673080618772
"202",0.104317544138408,0.107041263068793,0.73807297151268,0.124564031251008,53.0466829141943,53.0909343866633,0,0
"203",0.728836936973035,0.444895566591294,0.831390852203593,0.37944674957823,89.9452045243859,89.9793400380203,0,0
"204",0.616871204259805,0.754189685769263,0.538868153406074,0.352682110763853,82.7684523399659,82.7634282843177,0,0
"205",0.59919487291493,0.733687364144716,0.282342462712433,0.655024551773793,72.2955615275971,72.2734779514275,0,0
"206",0.24585315120325,0.671264261718839,0.842274459848762,0.834571761204279,49.5132377998357,49.53949969999,0,0
"207",0.46116706673475,0.396033890023944,0.669581714989617,0.776946192663047,61.9281121533551,61.9371205761659,0,0
"208",0.74281861991866,0.957821268160129,0.54067354710144,0.469522896190523,87.7040804763223,87.4764785920546,0,0
"209",0.740453209555126,0.77873640477669,0.219681500511244,0.396656919206493,90.0543162812895,89.971766602606,0.0470732883550227,0.216963795032772
"210",0.147708636688185,0.697958924015635,0.905723345993669,0.155048336013919,56.8788491749203,56.8810344283026,0,0
"211",0.116801830059965,0.698219034431735,0.25536345904402,0.528145380088827,45.765741528913,45.8822610595334,0,0
"212",0.875970127969515,0.430674320476828,0.700933286142885,0.905330550449435,85.978559085799,85.8460639861289,0,0
"213",0.405040063318796,0.849781711250427,0.568653200075612,0.0880424336175201,78.4440567322296,78.372115544131,0.0343867163173854,0.1854365560438
"214",0.636539852017304,0.925198697707965,0.30365178628522,0.204014050855883,89.6618057855004,89.6935666443441,0,0
"215",0.200700796390069,0.870492932339665,0.793241919934866,0.68393711503013,49.4434084516469,49.4852254398942,0,0
"216",0.769198471676325,0.330676850327989,0.887893619954935,0.745113185962313,80.9527499395393,80.9819426283274,0.0543202788103372,0.233067112245244
"217",0.182676665432053,0.916779400922707,0.218203242797987,0.460784823032562,52.5319036737964,52.6641276877318,0.013394741108641,0.115735651847825
"218",0.263305219913716,0.884877048469265,0.530505894278525,0.0817949196445989,68.6474299595734,68.5714646786363,0,0
"219",0.678109911083709,0.805890904890257,0.464195980138145,0.854434291919577,71.7767010267363,71.7774552048922,0,0
"220",0.493944360954571,0.672632880631252,0.862230412806501,0.733319960547611,64.6433818645691,64.6498106431317,0.0654629786731675,0.255857340471536
"221",0.647282882044907,0.385771986544947,0.306145540855941,0.0835873597142054,95.6431300790765,95.645192389797,0,0
"222",0.0683067365844035,0.802562316634692,0.912456060230499,0.380911005954607,43.0253568870581,42.9535157383064,0.013041183585301,0.114198001669473
"223",0.371917508785962,0.699407191541861,0.342419631299679,0.783962483104784,57.178085470173,57.1667517690855,0,0
"224",0.861037197582889,0.288744176586624,0.912531185297878,0.932804073426407,83.6017454952863,83.4535067743986,0,0
"225",0.526977787342272,0.630149802002124,0.0430693119978532,0.486789297249634,72.7665279317247,72.7553966289609,0,0
"226",0.855133869206882,0.488741969977156,0.474664016183699,0.874216908402741,84.5938705453654,84.4786615146277,0,0
"227",0.642646807480603,0.352115719151683,0.383221555929864,0.380100924806786,83.5040219667154,83.4921534353303,0,0
"228",0.314673561362084,0.0932659468065249,0.232322693742695,0.555756723155151,58.9841823665957,58.9247710430363,0,0
"229",0.894284945665975,0.678880971091683,0.235147806373658,0.362670316702337,108.133567464559,108.339444483178,0,0
"230",0.763252527708188,0.593812320414465,0.261767255475861,0.645027036650106,83.3863672259512,83.3694815573883,0,0
"231",0.675003543855972,0.136678120459779,0.861965668058023,0.520127771273488,81.1186519309146,81.0775955380074,0.0190209924476221,0.137916614110201
"232",0.85318292205967,0.763273038892308,0.422175866850186,0.47132168314897,98.052654942661,97.9256796476748,0,0
"233",0.603359652281157,0.840690396752674,0.303438968568575,0.908649330278626,66.2459080929138,66.2729451340551,0,0
"234",0.671351990502444,0.861830670126365,0.0910553144174628,0.204857119533932,92.1260506869271,92.1843843607142,0,0
"235",0.154940869743936,0.504935678898823,0.414779165694257,0.466427427539602,50.2748404978176,50.2175447701547,0,0
"236",0.470955276173889,0.881124419403612,0.449398440125748,0.934887335623731,59.0543085278991,59.0903556652064,0,0
"237",0.223601625061594,0.463376714187558,0.106129466480808,0.0936248020416824,65.1005618327131,65.1124082702094,0,0
"238",0.168156921804068,0.409631499026204,0.185964348927489,0.41901301008102,52.3009581205195,52.2192371605254,0,0
"239",0.576934279938578,0.0835424200199777,0.0888041027503787,0.579975884898915,73.0198037066143,73.0523047632361,0.0124716443242505,0.111676516440344
"240",0.78559564206854,0.782229029562441,0.508801665533334,0.925306086091558,77.1290346577813,77.1620228678339,0,0
"241",0.473360304239672,0.882933899502503,0.730462729386054,0.384827906832332,72.8046362910349,72.7996787650771,0,0
"242",0.0839137092577294,0.663988633174566,0.537609339711722,0.279276742635877,47.0288470467839,46.8922154557904,0,0
"243",0.441098285830929,0.372320774940657,0.722424432241591,0.162087636490003,78.157045332127,78.1561350900033,0.0351595168467611,0.187508711388994
"244",0.923413472775137,0.483701497828588,0.504496402788442,0.335747524964041,114.804151843138,114.711221057542,0,0
"245",0.435042223462602,0.865480061010807,0.4257741566482,0.0680369621725986,81.2160345750378,81.1298990939166,0,0
"246",0.0969937994427746,0.591779607849428,0.901460011979681,0.290518265784602,48.3987612529014,48.3656489410821,0,0
"247",0.132137708497234,0.408422595821554,0.221349912916427,0.692325391040766,44.2745600133674,44.4721901760138,0,0
"248",0.865605098351953,0.857932734447764,0.605617933495552,0.39830824797391,102.63860267643,102.446267605806,0.0638922167709097,0.252769097737262
"249",0.439910498055047,0.413272561591002,0.401016484908527,0.704178045135224,62.4377223994984,62.4380282296622,0.0479810739634559,0.219045826172187
"250",0.20204169191129,0.0994390016164398,0.31830522886978,0.448863614886068,54.2233484903263,54.1629182688454,0,0
"251",0.427108503036667,0.296085654344177,0.702517186495592,0.913480754004791,57.3815029597437,57.3854057055445,0,0
"252",0.602520236193552,0.750702685771161,0.841543596747681,0.0775200608746381,92.6729787890424,92.6542777114661,0,0
"253",0.35496304155339,0.603343200406292,0.857109273760929,0.27240089696832,68.9985156817961,69.0330842632114,0,0
"254",0.86492285679176,0.0831074445312843,0.507039995929808,0.76793434652593,88.8989768514784,88.8472218084466,0,0
"255",0.557110561177717,0.0854754964112071,0.116509208586067,0.407673043240095,76.9975824679183,77.0096512158651,0,0
"256",0.103550969964126,0.609840542824124,0.480845609225216,0.121160985487979,53.0164380173287,52.9965685453268,0,0
"257",0.2761987764691,0.786596153361024,0.876431829726091,0.298286711996188,63.1210902482832,63.1409542462674,0,0
"258",0.857933412546874,0.234807394463453,0.322946641666698,0.119356484989636,114.820327977734,114.619747616506,0,0
"259",0.876025053055375,0.091037262095022,0.162028598886565,0.391890426020254,104.105153168002,104.138333473324,0.00370359921362251,0.0608572034653459
"260",0.915231577954837,0.423491480030003,0.800989739154931,0.637993813234498,100.37086950454,100.483384354153,0,0
"261",0.781985344353248,0.190945816409774,0.213865235625766,0.322179082787829,96.5849684569636,96.6135496538551,0.0093315172707662,0.0965997788339404
"262",0.250374904938973,0.255494543081266,0.946194865518599,0.763953118359554,51.0453015330518,51.0924421772374,0,0
"263",0.090644849504577,0.141250408046646,0.90831627713819,0.772840324426419,39.3794872040536,39.1088088677066,0,0
"264",0.704249086783035,0.299030008580303,0.748839730517589,0.806736945422017,74.6750949903314,74.6971698701475,0,0
"265",0.835524695693515,0.23535682440456,0.636552673027036,0.930749399918248,81.1349815990585,81.2041474779573,0,0
"266",0.348673680862295,0.474287225118955,0.421521195727633,0.886322693837923,54.007073321407,54.0115465215933,0,0
"267",0.420709914023522,0.909168126694974,0.421121985724545,0.607206841399078,63.711947166446,63.6848453060751,0.00108237937092781,0.0328995345092877
"268",0.106807783509954,0.687779575641965,0.470604818868102,0.476996475489694,45.7515858788962,45.7731583949729,0,0
"269",0.410833334295545,0.670793255906901,0.695590399848646,0.1370882818955,77.0594631600024,77.0106961869133,0,0
"270",0.283285115418606,0.389747136500082,0.420592113045394,0.778021594492951,52.6037151331311,52.6133143595987,0,0
"271",0.917946994118858,0.404301602931693,0.944495261438424,0.404628448618925,110.612429171006,110.714664652767,0.00954418815672398,0.0976943609259203
"272",0.253799777075415,0.541587621466373,0.568057577816304,0.0986651165205985,67.3868068139093,67.4167442583527,0,0
"273",0.463229160672752,0.0758758197132265,0.260333771192702,0.595199273843435,66.2924648044158,66.2812797557503,0,0
"274",0.684962426287122,0.174257965655881,0.603117730316357,0.529385536267655,81.4523438404552,81.4120924626329,0.0203183307312429,0.142542382228034
"275",0.453188116877689,0.784858636593679,0.0767627088375157,0.873940994069446,59.3590653278611,59.390551912326,0,0
"276",0.784647469533607,0.387563769031549,0.398331589401001,0.612112865375006,86.2174260870478,86.2144213666699,0,0
"277",0.087128882185556,0.495357828841428,0.940910266699153,0.719223341792589,39.7947574788487,39.6122625634597,0,0
"278",0.694800007565413,0.407857719938154,0.494819058353896,0.731986859325669,76.0470470764984,76.0708477604501,0,0
"279",0.238938715574914,0.76790350175777,0.1897320178831,0.883575190776028,48.2267607968415,48.2290373385446,0,0
"280",0.71106028961658,0.540704120873124,0.872122732672491,0.613951594554586,80.6517111602948,80.6883073575877,0,0
"281",0.937943585526547,0.108998406000319,0.601214759279974,0.937516981518362,94.0749111975381,93.6732914822688,0.0154634196078405,0.124351998809189
"282",0.379914069968276,0.834808683763607,0.179969030880486,0.829997947454336,56.6299973026583,56.6167787613413,0,0
"283",0.549295671685017,0.0509313248303952,0.89895988354017,0.5624648073063,72.0772903458217,72.1088338403982,0,0
"284",0.547560795022291,0.489587700761505,0.542095349365962,0.813918476518011,65.5227564997846,65.5193794115891,0,0
"285",0.295189912782516,0.667919104348635,0.7964055873896,0.0866572390057845,70.8828710588752,70.8921837532499,0,0
"286",0.746238980532391,0.42828405906586,0.145921839531744,0.716698757340084,79.8978491517321,79.884193487014,0,0
"287",0.354037362055969,0.244066155600362,0.872543446305441,0.153626833861927,72.729512475082,72.7382827205853,0,0
"288",0.836458638889832,0.567950588050066,0.780581105385558,0.503062727670884,95.061145727269,94.9109308664114,0.0291893039830029,0.170848775187307
"289",0.432250165165635,0.367737189477077,0.0880941465030192,0.899079960944131,57.8286742921316,57.8530924487294,0.0968670180300251,0.311234667140447
"290",0.729361247726367,0.538586887783254,0.158295598927303,0.280290200889809,93.6586447816317,93.7020642115747,0,0
"291",0.889223633268964,0.683219208553201,0.0622960864210036,0.292620419637184,110.481893539097,110.786197409213,0.0769436612026766,0.277387204468188
"292",0.261882069143583,0.946069629216799,0.771613696675049,0.108927511363756,67.6959491584386,67.6502977775981,0,0
"293",0.727584401364904,0.639592685716692,0.399565400900086,0.246325023722835,95.0196966347937,95.0081093532255,0,0
"294",0.0686986389687518,0.269370378805208,0.229249371138169,0.232437729229336,45.8867472525473,45.7775060650463,0,0
"295",0.491849812594126,0.382016970723984,0.183207488452317,0.768110572609003,63.6239751113891,63.6212158423613,0,0
"296",0.740726553851622,0.208003414370702,0.752546410428476,0.104517955301912,102.696733816218,102.727935640742,0,0
"297",0.681400888191303,0.478339521022164,0.725543355064467,0.833363069110317,72.5522044170369,72.5921910612291,0.0111195617355406,0.105449332551423
"298",0.12655452896771,0.45582094517455,0.790207669103402,0.753902171897702,42.8769952957119,42.8920919883069,0,0
"299",0.6086976103544,0.589164462634362,0.547990249049966,0.923413242119015,66.2383844063846,66.2302473816524,0,0
"300",0.313488365459372,0.10607719217462,0.913320808921242,0.199492911780137,68.5215098357535,68.4847636190821,0.0646369385067373,0.254237956463502
"301",0.7446796455289,0.896988529651309,0.734364046639996,0.442608762422809,88.8617665482222,88.6937614729529,0.0751252009067684,0.274089767971678
"302",0.293177524582483,0.908095926041598,0.174063672295422,0.211931603546371,66.6379113610364,66.6140936284019,0,0
"303",0.881161623163382,0.852041566720116,0.1531735867057,0.274076524740201,110.203795410703,110.419041057105,0.055458148708567,0.235495538617119
"304",0.550482421141816,0.39925923741865,0.885321011101711,0.140330286475248,86.3115673016886,86.3338892996987,0,0
"305",0.403329496045713,0.443351535776048,0.171615753616323,0.508409101422643,65.1789700143826,65.1741853686691,0.0404390684561804,0.201094675355118
"306",0.213453077833168,0.345449674934382,0.513702025149134,0.588657901119906,52.0925136530997,52.0099213499794,0.0198332567233592,0.140830595835419
"307",0.48973665403598,0.230880325159756,0.659770717127016,0.77067164578673,63.53493363081,63.5366022577601,0.133387179579586,0.365222096236777
"308",0.188159165757941,0.359888390890206,0.250888445471996,0.177585628559464,59.7998046429051,59.7651321069131,0,0
"309",0.25332496822346,0.509434884777293,0.286801611263072,0.301615034949617,61.3909408257222,61.4110240803673,0.0966110320296138,0.310823152338454
"310",0.541609523171908,0.815708686832921,0.747455856826855,0.923774356413982,62.7959545007316,62.8348421452114,0,0
"311",0.837819700509659,0.154935283719562,0.548272917004651,0.516883976428537,94.6249347111381,94.5811698678665,0,0
"312",0.34020060339279,0.393652037740685,0.545531799115939,0.492343670855043,62.0335494405852,62.0275003683847,0.120836838730611,0.347615935668391
"313",0.388009443431161,0.89180667646206,0.060473633718444,0.601333635022398,61.9999499410238,62.0029277636497,0,0
"314",0.419739545032033,0.79488850401761,0.53543973217404,0.686215228970628,61.8106748895334,61.7908664118729,0,0
"315",0.754264678612817,0.281245788734406,0.870880635459325,0.125820744003868,102.965380431329,103.008320989306,0.0958854049677029,0.309653685538705
"316",0.214629294584738,0.537134918273892,0.902233073797543,0.682559689701884,50.3789051976471,50.2771301399978,0,0
"317",0.176775107241236,0.0955801686816849,0.667368745250627,0.589474948873394,49.5513823116586,49.4416859234342,0,0
"318",0.406300303091411,0.284504991804832,0.621336362512084,0.196510293714702,74.6782471425756,74.6529218429374,0,0
"319",0.273933047341183,0.151118832534994,0.911889116023318,0.543847567477729,56.910048695899,56.9169646704754,0,0
"320",0.714074851232814,0.557761150196893,0.396166523906286,0.097292954035569,100.531677436276,100.54595900281,0,0
"321",0.219833016561577,0.258405244810507,0.598730714257574,0.210783650734345,61.4652354249438,61.5031272423748,0,0
"322",0.360612712803762,0.412031457971898,0.157983172702021,0.808654168195324,56.0698857393704,56.0956090329873,0.00600136525463313,0.0774684791036531
"323",0.350237980325473,0.796526339072734,0.559983433408197,0.427133764124243,64.2966598811638,64.3227307532443,0,0
"324",0.848793646413833,0.280454790169839,0.889981157534523,0.320607886531157,103.990200994977,103.829620032692,0,0
"325",0.302768718519597,0.3373426431556,0.850595214393223,0.873433382833609,51.9294081252838,51.9292852715068,0,0
"326",0.531185143584618,0.500725492662983,0.308181592419161,0.711089621002087,67.0716605851909,67.048148346881,0.0189675064757466,0.137722570683772
"327",0.513271106812754,0.11403166545718,0.26802790189709,0.921090490316506,61.3750869148312,61.3668459468637,0.0562403083313256,0.237150391800911
"328",0.254058573684189,0.914530782718328,0.0772733199045761,0.461941837892286,57.4182513982828,57.3875650147968,0.0919823625590652,0.30328594190807
"329",0.943612410022062,0.226028737893328,0.199388572321157,0.325846070354222,119.888124640001,119.574374721531,0.0154939448693767,0.124474675614668
"330",0.18123376091104,0.278179939765367,0.439075309135253,0.260581400198163,57.0794248642103,57.0143963380053,0,0
"331",0.526027984000277,0.691735493212938,0.668346412445186,0.409793948667357,75.1789345968221,75.1657781321666,0.0676437580259517,0.260084136436561
"332",0.316030972406152,0.109661543997005,0.789502630288946,0.896637631173478,52.1952027833594,52.1443112895167,0,0
"333",0.301115213396377,0.154116986406385,0.698803922917577,0.608922723563272,57.0700377982028,57.0195213702627,0,0
"334",0.485918095692294,0.146171329232864,0.154178670954076,0.325111266482389,75.3044231158411,75.3131995074381,0,0
"335",0.468036523154005,0.905677281315089,0.155592794881668,0.671571002421901,64.6380736405334,64.6416424659429,0.0188458968186751,0.137280358459159
"336",0.720517643383006,0.693114211262902,0.74131543398893,0.416974013620988,87.8906176121254,87.8762957765611,0.00167470041196793,0.0409231036453485
"337",0.806357550770626,0.54389488598716,0.894031183088664,0.745970602866611,83.9480793528047,83.9539112131516,0.0525559986708686,0.229250951297631
"338",0.573193397562252,0.806153679922805,0.933956608853769,0.267248418344301,82.9978883532701,83.0256812345892,0,0
"339",0.437011466794298,0.942461924016941,0.459870863944641,0.258494939887198,74.5304797468858,74.4885513258753,0,0
"340",0.610016359745525,0.134323086304241,0.729089490515995,0.453697457202245,78.9774087458057,78.9753833905897,0,0
"341",0.930507114888285,0.924239080291125,0.0859386477222433,0.794586649286561,97.1671294333621,97.3593994911107,0,0
"342",0.469485398752382,0.693748188884929,0.18703304938809,0.46575322740688,70.0961149347902,70.0971087152996,0,0
"343",0.289141192889074,0.302491517442162,0.775165804134565,0.560449975911877,57.4453175158457,57.4443960429763,0,0
"344",0.553352217191597,0.818626277891686,0.48386819703551,0.232736879961565,82.8619088021021,82.8645993681591,0,0
"345",0.230886731422506,0.904144066661363,0.129055252065184,0.838506882531452,48.5147442983609,48.5983702833972,0,0
"346",0.0921608290227596,0.897111976423534,0.855403966243961,0.47022122123884,44.3586378435096,44.20834146458,0.000855233753100038,0.0292443798549403
"347",0.850443426854094,0.468073704661336,0.336796898613218,0.688132122419425,89.8671315437137,89.7451476372393,0,0
"348",0.771270011335146,0.539563319073175,0.511228332070517,0.75781251598266,80.6689911308601,80.6635259003794,0,0
"349",0.249123829748365,0.584732557690702,0.264389995114878,0.455818349419511,57.2745577360486,57.2743559201575,0,0
"350",0.643695105364197,0.43587294835248,0.717391334485612,0.624351715726196,75.9016389872379,75.8724919071323,0,0
"351",0.566406469736365,0.0919081451331731,0.921908553422778,0.147581793889054,87.1275191671787,87.0972575728636,0.0248741927789524,0.157715543872354
"352",0.747191340778372,0.923426078485092,0.606045360923978,0.108140057724901,103.07703139743,102.707813421587,0.0848513699602336,0.291292584801319
"353",0.57285214226821,0.903286462982884,0.215426755435183,0.514632266107597,74.7032389007723,74.6842762015975,0.0568783374037594,0.238491797351103
"354",0.389344090704457,0.606939733450767,0.0541256995783187,0.523844843224972,63.9667250234199,63.9725719633815,0,0
"355",0.694437742825015,0.115513765497482,0.478713735038415,0.60064346686122,79.8405822916811,79.7837611249253,0,0
"356",0.242180885239388,0.472774353794288,0.769081033228431,0.231542843008647,62.5753133791524,62.6549924251127,0.0104706851998344,0.102326366102947
"357",0.955737398896134,0.128521859262837,0.145444889564533,0.914985898618936,98.6976484787093,98.5357154759593,0,0
"358",0.366052489475231,0.563556662241579,0.765349409765564,0.634865473420126,60.134146838378,60.1269525589473,0,0
"359",0.515395742967958,0.586214370845817,0.376194271744229,0.381709435641882,75.3565400111163,75.3517851827527,0,0
"360",0.66972530404001,0.0801082412686665,0.706139698993764,0.884961964532267,70.5653179971141,70.5613602799263,0,0
"361",0.125185937567847,0.396755629495252,0.295836202656734,0.938628470753552,40.0536910042102,40.3404202757465,0,0
"362",0.528501000315417,0.096547930078581,0.959891691633267,0.696682221128373,67.3784445231237,67.4099706081806,0,0
"363",0.0675770409399411,0.898328595117549,0.426574477828457,0.536376092998777,40.2733540222104,40.286275185243,0.0371850158553571,0.192834166721971
"364",0.89821032835287,0.135719618647592,0.694431933408836,0.489021284152288,103.468660782993,103.548965798892,0,0
"365",0.175765761037939,0.77085994755791,0.674988118180656,0.0663662903755903,61.9605145520083,61.9619828094762,0,0
"366",0.436648658413091,0.351121249786578,0.335883210516651,0.0907768418933265,80.4211388895178,80.395585359616,0,0
"367",0.639263932203758,0.139261153547443,0.20276639630727,0.369392529248958,83.5894152750803,83.5845369229504,0.0413194238208234,0.20327179789834
"368",0.699640083671897,0.144790460880729,0.426430377883255,0.293367789692828,90.8631395468757,90.8575663036085,0,0
"369",0.635348526800051,0.861288988103974,0.924927097537671,0.725300913151586,72.6340858186927,72.6367419323433,0,0
"370",0.399813979504164,0.191525534360437,0.743583643749007,0.223806011007051,73.3713112467368,73.3527552219027,0,0
"371",0.112072888876428,0.410393614665372,0.890145477368496,0.337286824078998,49.0607555574216,49.142850339642,0,0
"372",0.364388116167509,0.162689673667308,0.261483026747941,0.837483963846113,55.7109809842156,55.7467691732851,0.0134362861281261,0.115914995268628
"373",0.723709207431297,0.374147841484984,0.662858198627946,0.746140966212261,77.6024760411198,77.6067686635407,0,0
"374",0.17814895944891,0.272866224545869,0.165616261491086,0.795613899379387,45.9550462628287,45.8702164356159,0,0
"375",0.874040644764667,0.0865414498697501,0.225913793227868,0.84061741217121,87.5656203062864,87.4869329251035,0,0
"376",0.523814374057925,0.62271308025613,0.904613446413307,0.468813066264265,73.292695189068,73.2964550036759,0,0
"377",0.380708675197791,0.460209172597271,0.204140801195288,0.233134320870624,71.7406533359299,71.7584587823596,0,0
"378",0.219065461326274,0.0816468111157883,0.4246019330821,0.0809622268143576,65.1956515582867,65.1794155063837,0,0
"379",0.693071418687585,0.441330066228518,0.112132405007374,0.164205336446175,95.57686156731,95.699483485487,0,0
"380",0.381621906417655,0.533496648842702,0.634614121780847,0.0791782906876178,77.1894423918206,77.1485797425851,0,0
"381",0.534065763916238,0.493087014272809,0.632298674717778,0.550414030755055,71.5033657718381,71.4870345324505,0,0
"382",0.657436933566583,0.926600557613652,0.658057948373258,0.222869290928356,90.5434945849106,90.5358460297251,0,0
"383",0.345248329601716,0.338749023022014,0.301567206428968,0.911214402241865,53.3612115704227,53.376527206306,0,0
"384",0.382546763043618,0.480199941679253,0.349657656428637,0.15657067155838,74.4337974008622,74.4285169632932,0.0479508806020021,0.218976895132802
"385",0.17407397905027,0.300503310553497,0.777566872276133,0.168992843540269,58.9016388405195,58.8957767692795,0,0
"386",0.440248321254505,0.461448252248694,0.925288993852329,0.143955496692681,78.7914837980588,78.797937127339,0,0
"387",0.792231014066958,0.532064996225294,0.658982796010561,0.197828279486042,103.224806797047,103.231727651867,0.12945730087813,0.359801752188799
"388",0.121401005513151,0.237772783772089,0.344151174428058,0.624901562405052,44.5007629880021,44.6764393214517,0,0
"389",0.619093414711417,0.936578322199639,0.893237781836651,0.314424190948834,84.3525937548341,84.3734680439244,0,0
"390",0.83202869895054,0.384585198162473,0.396547142752446,0.147211051938939,110.026102276274,109.93796963288,0,0
"391",0.77717328693124,0.692716025490663,0.828002006644383,0.0690353748589987,108.066186984711,107.97444314384,0.00243353878613561,0.0493309110612769
"392",0.871043654880486,0.592101170355687,0.914933155125938,0.496566080132616,99.3912967790989,99.1912333793989,0.0220319869695231,0.148431758628412
"393",0.822684163855971,0.825195448969956,0.875273591861478,0.911974579154979,80.5523221425855,80.4999723149874,0.0884954410139471,0.297481833082202
"394",0.924287681315443,0.31675503490807,0.774911083904677,0.260466832533944,118.905621032581,118.709903035985,0.002059874124825,0.0453858361697237
"395",0.455429833338945,0.649498997342889,0.345401433136198,0.874876035492867,59.5007447179173,59.512399989287,0,0
"396",0.551421962587978,0.446468647399917,0.347546433159849,0.910938868135679,63.5123309094734,63.5078957202399,0,0
"397",0.337571931902668,0.83012778459501,0.725488758092746,0.0997526323301718,73.4286867482854,73.5090716265231,0.0138932225527242,0.117869514942262
"398",0.434746417301125,0.394006104917033,0.868991469902336,0.56913949625229,65.4847826927067,65.4841244257642,0,0
"399",0.677563564220327,0.306866962305736,0.111881850995938,0.835265327137662,72.1391341248836,72.1738749328865,0,0
"400",0.171698232250987,0.542050787805114,0.542686599523644,0.641098674592446,48.2123146084214,48.0184167272243,0,0
"401",0.767565137576777,0.319997596017085,0.12528668888635,0.360456260902458,93.6869170447587,93.7007478654666,0.11197252268903,0.334622956010238
"402",0.54399886381533,0.203933069578256,0.94529631883034,0.608251974096522,70.5227830694518,70.5539224854206,0,0
"403",0.869769080348779,0.454770148493932,0.310567299428862,0.254546132673975,109.588550386211,109.574339277394,0,0
"404",0.952035787046189,0.50785649954644,0.563111428937293,0.169523794820998,131.31074646642,130.132986974733,0.0336074844235554,0.183323442100446
"405",0.554966913991491,0.918805724908365,0.602971772759804,0.344648366842768,79.0534887353098,79.0385450171042,0,0
"406",0.129397783017484,0.499995924560004,0.91759972581896,0.926231148989988,40.5802615318397,40.4735922256856,0,0
"407",0.202944675367442,0.903971320516081,0.643925846267492,0.292397861129139,58.0201637106544,58.1025792973973,0,0
"408",0.437533399466542,0.67766292157257,0.256071197203361,0.311791596399387,72.8049803954343,72.7978276250082,0,0
"409",0.200343890798744,0.938223035307019,0.387633840650786,0.872229407934356,46.1590414390719,46.2942795357246,0,0
"410",0.349906627826043,0.695942816499504,0.84279128459224,0.503887827116414,62.3460558842102,62.3573341694438,0.0356933559523895,0.188926853444368
"411",0.252853064425872,0.841177767211106,0.874218632477103,0.894968846545205,48.8740447917715,48.9474182254538,0,0
"412",0.624415883571375,0.153860251534614,0.516365686009871,0.908321905653691,67.4243665679532,67.4087631764586,0,0
"413",0.266273384199361,0.625092503428576,0.312473836244084,0.61128731865203,54.9262037444711,54.9284995563821,0.0289691700600088,0.170203319767885
"414",0.79871938398073,0.0613233280888526,0.0951371831260622,0.830557336202939,80.6185323545056,80.9245788560551,0.00739308504853398,0.0859830509375771
"415",0.0842351623047143,0.11803748590895,0.680981325813103,0.295769226837787,46.7426160487383,46.4848075862811,0,0
"416",0.390155236905906,0.747934308768483,0.143509743375587,0.718336322487215,59.4750161025274,59.4674033179254,0,0
"417",0.0613990615439834,0.188740317370277,0.699847668966977,0.482211605264922,40.3103764230006,40.1227130610849,0,0
"418",0.319597374133416,0.511775481468183,0.231886906861793,0.55319082460925,59.3288126547345,59.3188683191656,0,0
"419",0.292401285872213,0.654736009119195,0.624041588352993,0.398637975714635,61.4980993010483,61.4958222378089,0,0
"420",0.466472706571687,0.279449972565519,0.425181727721472,0.343291775815072,73.6170073247351,73.6295864722706,0,0
"421",0.903426257003448,0.957258782139397,0.457608762898133,0.230330952994409,116.213024681673,116.394108550387,0,0
"422",0.784438698399114,0.621570347134024,0.827022042659926,0.214570858799736,101.713807536803,101.725417871854,0,0
"423",0.331906730951741,0.62433569810004,0.389412062414573,0.383188840823597,64.330645587334,64.344540103873,0.0090100453235209,0.094921258543705
"424",0.893899051912245,0.411947209509788,0.152087957054726,0.892755991713842,88.359350396348,88.4379391180379,0,0
"425",0.498248797344742,0.267489837341709,0.677857215764699,0.355939124084194,75.1922625619341,75.205210466568,0.0122133068507537,0.110513831038263
"426",0.419347883566748,0.238223041318124,0.0676348906897474,0.865729036315926,57.8578438416665,57.8922487601436,0,0
"427",0.580816340194317,0.846439295139164,0.602284367710585,0.0609002666890156,91.752277612835,91.7293047572071,0,0
"428",0.272608862618799,0.369468789361301,0.620102200722904,0.327885536939837,62.0539921101837,62.0841712509732,0.0110726255225018,0.105226543811444
"429",0.42293882025918,0.594358165468206,0.679967359700124,0.250753804149106,73.9426146102105,73.9224693224542,0,0
"430",0.221515593874385,0.824037953248247,0.802546435341705,0.53205794382724,53.8208021688209,53.8608298654634,0,0
"431",0.885758777916781,0.1397856259814,0.852478398625739,0.457538421933423,102.96097044308,102.974501167741,0.0669444535160437,0.258736262468259
"432",0.166796985234017,0.585217700365931,0.472717005461454,0.241559302952373,56.3485490496398,56.3037123175185,0,0
"433",0.785178342329105,0.823532605442335,0.618583505286137,0.256892565168324,99.8300451723121,99.8231440218279,0.044087199261412,0.20996951983898
"434",0.494205963638262,0.633447346021072,0.45032422922703,0.194472914340324,80.3868183123571,80.4303772912729,0,0
"435",0.831776629635948,0.827575511052157,0.458628536307835,0.679431519929087,88.2901430921494,88.2195570020235,0.0120821995660663,0.109919059157483
"436",0.208811826345394,0.415108795935637,0.346838746235124,0.666808588361018,50.2536647831271,50.1240105304302,0.093567184987478,0.305887536502352
"437",0.189850404541939,0.937818593702046,0.84954633758124,0.24433140513557,58.2380842047798,58.382215120212,0,0
"438",0.439370128218783,0.47707223170693,0.956687495841645,0.423604332679533,69.6834595748651,69.694092417925,0.0532330828718841,0.230722956967624
"439",0.56271694935998,0.257069219548837,0.0786688403165899,0.489761117831455,74.7940916212985,74.8104042211046,0.0877551949815824,0.296235033346129
"440",0.561000142652425,0.840181727942894,0.900406282533542,0.511906365439296,74.2132969038531,74.2103065335762,0,0
"441",0.713786781405681,0.849124072735081,0.38271904438932,0.685418650348322,78.6037946037722,78.5216993748346,0,0
"442",0.280389052405721,0.627135435101809,0.27363179807167,0.112364604910021,68.8646510754685,68.8454508526082,0.00558645057026297,0.0747425619728343
"443",0.563665143577033,0.798665961729479,0.207892806597054,0.815216105709667,66.2772737764651,66.2879878934403,0,0
"444",0.064901161564514,0.144370718262624,0.360131321865018,0.367226047517266,42.7565620773906,42.4866314703322,0.0404094026889652,0.201020901124647
"445",0.672352327339584,0.839365299886325,0.836390219059773,0.940243596358458,69.4120075177625,69.4088672678312,0.0130698890425265,0.114323615419241
"446",0.516727661611862,0.316175915664644,0.793649739239365,0.787394209045568,64.5625882875176,64.5692636725346,0,0
"447",0.0540664291275898,0.732173457006807,0.173634814079152,0.121728919143789,45.8158809140758,45.277184810242,0,0
"448",0.790188537358423,0.240879795474699,0.718131370974821,0.440331031433423,92.846525647691,92.8624055103028,0.00189970142673701,0.0435855644306347
"449",0.648194972439669,0.82743436192628,0.15059204288898,0.0861125680276891,95.5265454925516,95.5690652189026,0,0
"450",0.819235522330622,0.346165967300301,0.679137859403156,0.102030195220839,110.943778929775,110.840152919816,0.0782137549249455,0.279667221756404
"451",0.612381572353537,0.955100486075971,0.588145497866208,0.85973589937191,67.914442971367,67.9502403305834,0,0
"452",0.0448032457366353,0.465448095705244,0.456419361687382,0.297355215740972,40.6877032695512,40.3638868790368,0.0469387638149783,0.216653557125145
"453",0.0913168205652619,0.130733292368823,0.102310898273718,0.717993530005799,40.189539201342,40.1608608145026,0,0
"454",0.343415837099543,0.306408046674915,0.680008487213403,0.749274847598164,56.4400402230457,56.4390190705992,0,0
"455",0.0993177228213754,0.517006234596833,0.189273741248995,0.103517130772583,52.9060025845099,52.9778032137333,0,0
"456",0.700209507291671,0.286396296844701,0.159506742734462,0.500296097622951,83.3363904227383,83.3521587636232,0,0
"457",0.771935503795277,0.867677320920629,0.664395105436561,0.787677977075451,79.8911896236252,79.8706972736058,0,0
"458",0.643430573191028,0.714377606871654,0.35598352259642,0.545711757163634,78.1424575897423,78.1310378676902,0.121993682580069,0.349275940454061
"459",0.398920351361041,0.560659891758696,0.120370024943841,0.275455421665916,71.5255977793684,71.5320211880539,0,0
"460",0.416874403134105,0.898543893636437,0.756150464763166,0.654209225985454,62.426924417486,62.4104128638458,0,0
"461",0.193434236679692,0.696152717536432,0.823009447680204,0.705615534911747,48.5714485079686,48.4082795040247,0,0
"462",0.190305762906908,0.535826920805732,0.96694687453704,0.49801889954356,52.380401577631,52.2218937884242,0,0
"463",0.761980689177872,0.894806402151589,0.2434737366708,0.463405643322039,89.3820997801461,89.2836922063671,0,0
"464",0.416111699287314,0.0658072773577878,0.945824172915309,0.518321510064416,65.7610326093099,65.7457033455565,0,0
"465",0.257370077486732,0.605683543497813,0.343414457909646,0.850029104142683,49.8519894665407,49.8646240569092,0,0
"466",0.536875389397377,0.539237936639925,0.836673660721513,0.138062392590567,85.4601637497929,85.4977496812458,0.0244504105066881,0.156366270361252
"467",0.472557976163574,0.0434754330859287,0.809038660769002,0.242476182449842,77.3685543845499,77.3441085417263,0.0119554039556533,0.109340769869492
"468",0.0824282449226594,0.398112639043713,0.834634247056674,0.0636562726143748,51.7419647173955,51.8512469196262,0,0
"469",0.0602072307191556,0.744087081018253,0.194127438654308,0.342763097055024,42.4850530458587,42.3145702787015,0,0
"470",0.686766291358974,0.764296268180595,0.922106677067117,0.391021817853791,86.3380603907589,86.3605864937779,0.0122469593770802,0.110665981119223
"471",0.846640872530406,0.755856884421315,0.83901126763958,0.559318699743599,94.0871880119556,93.8394435284485,0.0735990449320525,0.27129143910572
"472",0.110314856359502,0.157178310024901,0.578626161763677,0.640136514934246,43.2667806616768,43.2650090498019,0,0
"473",0.114364278185996,0.725503503017477,0.0743299946492771,0.730396628894378,42.1558773133208,42.3470510007552,0,0
"474",0.436307911759242,0.911193126210594,0.405549429461127,0.79183006192022,60.3033343357228,60.3114534381349,0,0
"475",0.737308774523204,0.461735149974702,0.062668499775813,0.43197399468557,88.4337795551718,88.4613250927812,0.12567002302967,0.354499679872451
"476",0.117339608989656,0.469422962286859,0.772219785523717,0.898235592974583,40.0133039949004,40.0248259453943,0,0
"477",0.68550927719404,0.0885748784845928,0.73899075794057,0.573217766992981,80.1340160294814,80.0759681193252,0,0
"478",0.323840120870504,0.264757499299711,0.499182026725961,0.897410990813514,52.5557835977456,52.5433372510998,0,0
"479",0.563063172645983,0.511295101514901,0.629323883615201,0.708394484972931,68.926085817336,68.9225427833326,0.125862880144268,0.354771588693723
"480",0.880794799817493,0.661832602955517,0.494145905147307,0.143389333601808,117.014932127484,117.116198073145,0.0419710656860843,0.204868410659341
"481",0.0442652489856118,0.621145230016671,0.0926690756076714,0.539734558438999,36.6954560591085,36.4954212670341,0,0
"482",0.320445670717047,0.831912571841269,0.156449078250909,0.340178983934689,64.7397763884105,64.771854908524,0,0
"483",0.691159108335967,0.655191617402015,0.0494199034206104,0.738418912598398,75.5103665115409,75.5710870013996,0,0
"484",0.421393847148283,0.732593163055833,0.0809135814433685,0.27612114100717,72.8865482113112,72.8833484163189,0.0752313086995855,0.274283263615529
"485",0.917247813769616,0.269544486114406,0.524294236750691,0.629108494110056,100.972263228018,100.981821579992,0.00485314929392189,0.069664548329275
"486",0.377967015469098,0.212870351575548,0.593556119376211,0.604446837255149,61.4710476978891,61.4708088897561,0,0
"487",0.793722864872543,0.822572081924067,0.833071706545539,0.188513865645742,103.866983341939,103.887365595153,0,0
"488",0.549916948016384,0.862139385432587,0.726205863191513,0.51233358876314,73.5228089004772,73.4987132541243,0,0
"489",0.828512308684876,0.292493108049501,0.328255707301665,0.55715921826777,92.1100986616521,92.06063449508,0,0
"490",0.702757013928378,0.072836415502592,0.588534683828242,0.703469216836616,77.3879643323033,77.3350175977155,0,0
"491",0.101348171257065,0.958832955588237,0.571095565298921,0.690105838397867,41.6301600687585,41.5895111856601,0,0
"492",0.756546908642747,0.5338089658143,0.905176984555437,0.351358658568817,93.3384961965416,93.3526798988647,0,0
"493",0.305846202795743,0.928088975075749,0.381837438226328,0.135775597921573,69.9421548951427,69.9637653003477,0,0
"494",0.199215883873869,0.565542184088146,0.655790383800981,0.440799316364457,54.2351873153184,54.125845880972,0,0
"495",0.3802083315216,0.521109301591059,0.914152883724193,0.799591052244185,57.3443657579594,57.344349735135,0,0
"496",0.67041148108989,0.68881734598917,0.558166975340689,0.138699821895105,95.0734004740663,95.1028637029426,0,0
"497",0.8882434210598,0.869544113875134,0.62195855224086,0.618747746109962,96.9320821110652,96.5952457514439,0,0
"498",0.0510625443723984,0.791532968059648,0.564088712319033,0.483774524808046,38.7075756497083,38.8074464811275,0,0
"499",0.119404369243653,0.325996918765944,0.706786982981139,0.0674499868958956,56.271254340233,56.5459656055813,0,0
"500",0.0500289271760266,0.792947911938652,0.77335928817594,0.85311025862128,33.5675664942889,33.3426670857484,0,0
"501",0.27457674880547,0.803960034897435,0.323260778956697,0.187262261725962,66.1183953413469,66.0758297121677,0,0
"502",0.947273006567499,0.901612385758664,0.0816761768519646,0.166879457983188,129.577695537875,129.402950992144,0.0131420261459425,0.114638676483735
"503",0.369549136422924,0.68924166719697,0.0948099965795409,0.912988247473026,54.4994248303412,54.4967609943693,0,0
"504",0.383508983254666,0.600099953247467,0.60981828208419,0.805598161638016,57.3626879144146,57.3520485762605,0,0
"505",0.857149220909574,0.425563034996856,0.555628180150874,0.463881924794638,98.8655227661571,98.7010502362256,0.143388025695458,0.378666113740665
"506",0.717420818387764,0.180510202866048,0.587672762295231,0.349532139551477,90.1196546454786,90.109099991442,0,0
"507",0.283757830920746,0.141641896489658,0.412148875687737,0.632706820499035,55.5231901999129,55.482767754947,0.00865800294559449,0.0930483903439199
"508",0.159041253734962,0.773622994259116,0.322375154267182,0.44644608452532,51.0080896519252,51.0252987208823,0,0
"509",0.883731692081084,0.541496280290186,0.178164968840545,0.700371589737828,93.268293695732,93.2959257676919,0.0055306910071522,0.07436861574046
"510",0.872856006848975,0.214679409733042,0.744669613466365,0.725752685908461,91.2505115158891,91.1005561389932,0,0
"511",0.670708729146514,0.464259161035297,0.231103228872758,0.527066978591261,80.4637601401657,80.4876554868251,0,0
"512",0.604345526761026,0.307270316091832,0.219055030994001,0.90592004533275,66.3420196270377,66.3317768557176,0,0
"513",0.638755067963619,0.0575780067493906,0.331117370154709,0.0646928585837595,95.8552579186678,95.7908633150271,0.0400805384851992,0.200201244964159
"514",0.932864215371315,0.682025722931256,0.098298322906252,0.847925824026926,95.8107397630649,95.9843340683092,0,0
"515",0.718905466397176,0.361266880391398,0.574350601264858,0.0887434877199121,101.432264874685,101.464132491182,0.0165541198803112,0.128662814675846
"516",0.241268260226236,0.410679681672947,0.291818883148837,0.422356038553291,57.542958083913,57.5578776584138,0,0
"517",0.260307120644138,0.197134673387627,0.687032328899251,0.449259775196435,58.2088829457609,58.2393717470846,0,0
"518",0.19201089400053,0.741151790251024,0.42981359992642,0.115947917567333,61.8936452112963,61.8790457358339,0,0
"519",0.908410118918051,0.965629132840782,0.236582211232511,0.881701493667671,90.7252073888038,90.6060930792829,0,0
"520",0.732864451803733,0.222172402990749,0.142837767820456,0.0923439977006055,102.313668083915,102.373778027692,0.0580778473522514,0.240993459148275
"521",0.807180246907985,0.684348482504021,0.348127942738822,0.53189385285764,90.9473686043684,90.9909924245469,0.081012878799811,0.284627614260829
"522",0.275808565454325,0.231903755197069,0.0764666132241255,0.893087576948223,50.0756008666079,50.0750167891748,0,0
"523",0.910922481444431,0.832076602356159,0.316424968497013,0.655616813849425,98.8335953805953,98.9215482855991,0,0
"524",0.899995838119066,0.156769521344337,0.503100646136096,0.0577098167025251,125.251392780833,124.722922282356,0,0
"525",0.735516773410607,0.408570662815124,0.757032828259398,0.142252926204819,100.428590124463,100.462599439615,0.0148234317312017,0.121751516340462
"526",0.895973259172984,0.913971572006936,0.166405771142454,0.648728492435068,96.742204223383,96.5699480554231,0,0
"527",0.442904719214654,0.677449940224993,0.847531855284818,0.864784043035004,59.1487596933137,59.167013851547,0,0
"528",0.896091371466871,0.196278863758198,0.747762395143392,0.14629628243472,119.526855822654,119.316989834184,0.042869362514466,0.20704917897559
"529",0.137070894014323,0.371069407908595,0.625600216787891,0.883238932466367,41.7526133615221,41.8224083085275,0,0
"530",0.779234261631384,0.430031514478731,0.0617245385203278,0.886999816531199,77.5361987520336,77.5926094974442,0.000508576747961342,0.0225516462361696
"531",0.143375879619853,0.127591016230755,0.789052468242357,0.891495373040088,42.105652480384,42.2368749655531,0.00593101431149989,0.0770130788340519
"532",0.911712812257232,0.719959420096478,0.846558475656784,0.436343772306573,108.008059583873,108.170022982475,0,0
"533",0.721726321030641,0.08603588146111,0.589609131111647,0.126564472940983,99.8895719122951,99.8925777712358,0.0470822444185615,0.216984433585825
"534",0.42511614450498,0.971656788435066,0.896586105840979,0.770413267801399,60.2516271527687,60.26655990203,0.0350807484937832,0.187298554435914
"535",0.502765829219832,0.844961302665994,0.502623337063007,0.525525017884094,70.3911029249577,70.3563090958043,0.0243312618695199,0.155984812945107
"536",0.722330153794959,0.110491581153939,0.953659456450958,0.348259230968077,90.6368571297325,90.640266212746,0.00710586470086127,0.084296291145348
"537",0.567615186757059,0.690916610687273,0.501068865598645,0.72050960950274,68.8496611099086,68.8376060949313,0.0216517789522186,0.147145434697168
"538",0.257743513387162,0.104720022354624,0.0751809777126182,0.105520011214772,67.3605876464169,67.3265080338604,0.019940763246268,0.141211767378884
"539",0.122317587554804,0.132193614485092,0.305142678392003,0.904154160555452,40.3033117354235,40.7180345737723,0,0
"540",0.900726868887083,0.438832207153435,0.173073718278669,0.315374511224334,111.350122048456,111.470233184066,0,0
"541",0.248023724343628,0.0790164781605126,0.693993768268032,0.192025543892174,64.1219739618435,64.1416758068156,0.0296588604105636,0.172217479979715
"542",0.799302060965449,0.564232935579144,0.741843751366134,0.0642114101762418,110.675393734977,110.63767454572,0,0
"543",0.64103442707879,0.48084205681819,0.362612177839736,0.651054929555394,74.9080906100387,74.8792670683372,0,0
"544",0.723109213157441,0.774108701557852,0.0665292125981068,0.31756841868849,91.6105282633954,91.5839128459158,0,0
"545",0.73694243367936,0.869087549614836,0.327980791077134,0.920943801346584,73.772949385087,73.6190751825854,0.00927227700594813,0.0962926633028089
"546",0.893229794150218,0.27362475932925,0.112674961647135,0.906241545736324,87.8486190840867,87.7984273799916,0,0
"547",0.519825811248505,0.889826034439146,0.652847571020713,0.179291169793229,82.6784901321301,82.6922251541419,0,0
"548",0.0463841485604644,0.594712332327035,0.375251538857701,0.430785750680254,38.7378864062972,38.5337122384811,0,0
"549",0.0986457352971192,0.254404088523937,0.853366305884556,0.845622922813636,39.1269491949283,39.0900961815665,0,0
"550",0.444368281573872,0.309038119976874,0.25383441011887,0.57744327706343,65.7105456931398,65.7100932521853,0.00475077237933874,0.0689258469613449
"551",0.425872862840421,0.158264497218537,0.731167529859464,0.356600639994256,70.8180842206612,70.7988810515846,0.0250075914664194,0.15813788751093
"552",0.820518784433836,0.357175531930174,0.814560136873042,0.400192511864472,97.403711471155,97.3283189737601,0,0
"553",0.157150549041689,0.599271930543706,0.551389079142478,0.909130181621993,42.8072831989604,42.6141532537621,0,0
"554",0.0588192544906633,0.875025101190782,0.499629642516607,0.816237051488482,35.2005031512225,34.9710298558791,0,0
"555",0.703806875141338,0.845791869316367,0.467307424968458,0.107676180739072,99.1861315780377,99.0404410232458,0.0268056021304801,0.163724164772584
"556",0.833974218582036,0.248880243346794,0.392524410220562,0.387388713214197,99.2406484377225,99.1573187817641,0,0
"557",0.139452172727324,0.267756272459868,0.51706332520151,0.437885164040723,49.5580164715721,49.6004170123144,0,0
"558",0.216237288786913,0.0714895336774644,0.858861939176568,0.288777410817216,59.1371306292343,59.1558960667895,0.0548987603979185,0.234304845015886
"559",0.418359629743616,0.769900661080028,0.438851325627184,0.397572828362812,69.1224193129344,69.0881046626804,0,0
"560",0.606060055806534,0.72841808645241,0.507748427079874,0.508837035596953,76.962366330437,76.935159825844,0,0
"561",0.406510026104166,0.228904883598443,0.083896377296187,0.611840951585094,62.7619129072732,62.7799873003026,0.0149692266713828,0.122348791049944
"562",0.0592029856859008,0.0663985583987087,0.60077015665744,0.909613923482364,34.1254780333588,34.1193653428497,0,0
"563",0.950097054070095,0.826427921219962,0.781616353204474,0.540023358705337,111.817989994006,111.830453828394,0,0
"564",0.626164774296456,0.868119357629446,0.222821085782838,0.665216947864159,73.5832527681443,73.5746744674671,0,0
"565",0.942237553218845,0.634143322441611,0.714679739589687,0.914196752792341,95.739320979213,95.8445507294574,0.0205692144809291,0.143419714408198
"566",0.953635376976104,0.420852910165559,0.263806297574774,0.462979602086591,116.087179611442,115.55309841468,0,0
"567",0.279127585346345,0.758696901901974,0.95852585612121,0.134293677182286,68.1754181012807,68.2022330085499,0.059694109368138,0.244323779784404
"568",0.878963531410205,0.700747992156423,0.413727245022426,0.35700396831159,106.181182628419,106.216749402747,0,0
"569",0.329731673232396,0.938765980456141,0.559293881509686,0.206143662960734,69.3559880207228,69.4528174545927,0,0
"570",0.12364790546603,0.379262470291229,0.138962775710039,0.261960782409762,51.8145659479427,52.0404389770976,0,0
"571",0.473759461729089,0.278967256990378,0.453993742685299,0.488152072914294,69.7712374785919,69.7705702346353,0.0456338648218662,0.213620843603489
"572",0.190504922269378,0.445282037789584,0.830055612395168,0.492782756383647,52.4955030932231,52.3337051788854,0,0
"573",0.69238692250161,0.330246348356479,0.239237869597389,0.226092171263299,92.9459850996546,93.0229352255416,0,0
"574",0.415995242063655,0.788240090519073,0.311121002878062,0.879104098732583,57.4699622151627,57.4631139972495,0,0
"575",0.101660927705234,0.676950786594069,0.811643962866277,0.239187184299459,50.0421141346672,49.9621868351878,0,0
"576",0.102643150750198,0.263742830782547,0.654550332958228,0.271657249364653,49.4282113140815,49.5103098110628,0,0
"577",0.417915555152227,0.735607323052012,0.776470265692682,0.0580814762774389,80.5063000396184,80.4159074720071,0,0
"578",0.596245617003879,0.531063764652237,0.0573482796689495,0.683238683989621,71.3062425279327,71.3009042705,0,0
"579",0.268363473864622,0.550784706854029,0.828860373906908,0.565472286556498,56.0866784204014,56.1299016637456,0,0
"580",0.0898816381560173,0.271519799322356,0.852536151584354,0.243470959443832,48.5513563894863,48.5778619115351,0,0
"581",0.0661858233980602,0.878324670400354,0.29776881239505,0.460108918388956,41.31926419873,41.3201898862705,0,0
"582",0.732378730216064,0.651142728714389,0.757936121522216,0.574656767249689,83.4030101387728,83.3846593748804,0,0
"583",0.668036928887945,0.940717071942752,0.758156541368924,0.122042779347626,95.6823027587602,95.6113208033817,0,0
"584",0.0707240507308161,0.669709559534327,0.723186197760864,0.796503842530772,36.9191585042447,36.5664013791489,0,0
"585",0.674400224298355,0.498716639752616,0.580632569549256,0.319181253432296,88.0101620931748,88.0557205961101,0.0457532760920003,0.213900154492699
"586",0.908584682911052,0.485024813403375,0.143404703401495,0.519649179386091,103.640857062035,103.805632012144,0.0198719572508708,0.140967929866586
"587",0.0635187894859118,0.910387178434292,0.808587913068011,0.71748686645308,37.105805562606,37.0112230168475,0.0259025393752381,0.160942658655927
"588",0.885291017084848,0.546200588909211,0.471921161846141,0.551149374453118,99.0252604209411,99.0010612727834,0,0
"589",0.433278066601604,0.513854475676082,0.0588612027697964,0.652986232979572,63.2124681885582,63.2259301130157,0.0517509384080768,0.227488325872069
"590",0.362605615814682,0.329502916660043,0.498587614010088,0.630730352621293,60.0093979976919,60.0097511618815,0,0
"591",0.268925190134905,0.767015907206223,0.369266948834993,0.581260071178898,55.7312121009452,55.7186201703007,0.00223779946099967,0.0473053851162811
"592",0.286604926497908,0.616070259943604,0.169130726509378,0.951292553022155,49.668074101665,49.6714797967394,0,0
"593",0.384700270244968,0.71100622281211,0.597032940038713,0.583816389519488,62.332847520365,62.3116087583023,0,0
"594",0.412278595877346,0.236027064945549,0.228558052292909,0.343997225114843,70.2812917271743,70.2789287156045,0.0314910326851532,0.177457129147164
"595",0.767230733036762,0.0731368890494341,0.730645171972457,0.308248716264614,95.9852673104583,96.039144485558,0,0
"596",0.753259933100548,0.653974010857171,0.877669997620396,0.852670889608096,76.7607113455232,76.7328979957172,0.0417424069019035,0.20430958592759
"597",0.288670406237012,0.902071448891307,0.760747734141769,0.887233267519856,50.9353398097974,50.954108085817,0,0
"598",0.866326256814296,0.567485999594443,0.744259968646918,0.76510967933177,89.2057415400186,88.9707466591381,0.0275808800943196,0.166074923135071
"599",0.241764496730757,0.24686224541103,0.293889875880908,0.227719904654077,62.5847435155655,62.620894144684,0,0
"600",0.651487334757228,0.555334541242337,0.350377167185769,0.958310815204051,67.7364109255344,67.7426592285798,0.0227134713204578,0.150709891249572
"601",0.445373519698856,0.126015501481481,0.152559498050367,0.764987440327299,61.304198471559,61.3183738150603,0,0
"602",0.929207597775152,0.8727110179296,0.339671531687141,0.328317507934524,116.332389515869,116.49376249893,0.0154638686217368,0.124353804210956
"603",0.495873204585281,0.233629870461184,0.410350963494857,0.729853738680133,64.7665487462465,64.7587036346058,0,0
"604",0.749440627561766,0.636035152293276,0.328885672603385,0.818896299558226,77.2981821041138,77.2586496141876,0,0
"605",0.262088206883403,0.716740942539647,0.0825027064353926,0.127415245690267,66.9951325326687,66.9569492404549,0,0
"606",0.0826596229245188,0.132590610406362,0.0607292440474266,0.152266893830616,49.5688215320738,49.4886526401759,0,0
"607",0.666370524147991,0.364968889570562,0.696642490087426,0.294506298139226,88.3884107205776,88.4104102602953,0,0
"608",0.0697672974392772,0.488436767364154,0.92775505067606,0.479706472606515,41.508852979234,41.3997045829198,0.0157671787310392,0.125567427030417
"609",0.347787064020289,0.0698740392801119,0.736983672852395,0.522283022490446,61.7599965247786,61.7409477480675,0.0641955561004579,0.253368419698387
"610",0.413708205795032,0.554572033607168,0.329570844404516,0.656351747145876,62.1497261113049,62.1357592920755,0,0
"611",0.273079546895926,0.063637304442469,0.423216139534139,0.224172226314782,64.9397364968295,64.8840591549202,0,0
"612",0.582171472209389,0.308657043585321,0.133081821982749,0.0427828086765949,92.4867369443434,92.4488817244184,0,0
"613",0.73131833388377,0.623202384744654,0.629585809271201,0.751168019011617,77.9778521535449,77.9598677576627,0.0607739357510582,0.246523702209459
"614",0.602377213962143,0.14713676083833,0.286483900033054,0.751584083946538,69.94990804187,69.9534240835029,0.0949574810219929,0.308151717538606
"615",0.750635812009335,0.157829951431253,0.140667053410201,0.446784812131547,89.0044961831054,88.9847889524367,0,0
"616",0.0207885077839019,0.29999001975765,0.0939419822160853,0.910156725452631,27.438222076627,28.5468500360647,0.013376789400354,0.115658071055824
"617",0.680327328674612,0.213585447443998,0.427615137914778,0.835785124704242,72.3733656402632,72.3751297618161,0,0
"618",0.191096939244657,0.524320149025531,0.242375579476007,0.749973979960661,47.5886452009422,47.3865510472223,0,0
"619",0.27115208450763,0.78389832201472,0.657804062175099,0.537909398653079,56.8501726890255,56.8527869300754,0.0226634645368904,0.150543895714474
"620",0.906174208059907,0.968010339647066,0.8748173461447,0.639966184693505,98.8361970401831,98.4392441323831,0.00692736066412181,0.083230767532937
"621",0.12251870568865,0.5723801325924,0.128570412716363,0.933456893877243,39.9025496509909,40.1253987946122,0,0
"622",0.192687203113572,0.426616888972232,0.594827080242918,0.127870783635532,61.6281077001831,61.6254641609419,0,0
"623",0.54410859859956,0.482903821171494,0.495984352914384,0.472420271231094,74.3184773344343,74.303061497961,0.0205554350977763,0.143371667695456
"624",0.551871338312747,0.708492242356879,0.739762316202512,0.843549669739208,65.0920827302713,65.1097744460326,0,0
"625",0.0295924276056467,0.0584248059963575,0.244026397372014,0.722660599484574,31.5018049832941,32.8834601784626,0.0597187433158979,0.244374187089999
"626",0.636250740574556,0.56471840557945,0.685538027451024,0.160119757393259,91.5682457164495,91.5739916956074,0.119528077309951,0.345728328764004
"627",0.637304641096387,0.525323010350927,0.952153519713436,0.431229901138809,81.5182404951036,81.5161988942403,0,0
"628",0.164189588055713,0.557258995039621,0.384673238907824,0.62625908614439,47.9187950244531,47.7876466081381,0,0
"629",0.344626415199018,0.112653443492251,0.236209683290566,0.0802059914751444,74.5056588561936,74.5074761542814,0,0
"630",0.666551627606619,0.324413666827139,0.620521477405797,0.592396426242776,78.2729265471009,78.2520828484875,0.0766331566264853,0.276826943461949
"631",0.528092992023099,0.466012439714861,0.85950518694683,0.298577468039584,78.963211145206,78.9981168089017,0.0657833953155205,0.256482738825677
"632",0.353828449758119,0.487604174499516,0.60519762015494,0.933920138013898,53.4073012776188,53.4053646319225,0.133820772403851,0.365815216200545
"633",0.0327243294436485,0.0474357239070814,0.590379316083039,0.386509958183044,36.6955708869365,37.2591310535392,0.00250498834066093,0.0500498585478613
"634",0.306121035312535,0.703574539313326,0.682010035602376,0.233995487450738,66.9468500190234,66.9693480309865,0,0
"635",0.836541746653384,0.247382460809895,0.135274328188505,0.682295084542711,88.5485552942595,88.5695668199056,0.029603055678308,0.17205538549638
"636",0.140263030960807,0.391001936849672,0.720619148510741,0.638391329996171,45.881754435862,45.8611286415083,0,0
"637",0.308883728453424,0.942648498591618,0.845671745390049,0.324068301827065,64.5581040593852,64.6002065819374,0,0
"638",0.803185682665324,0.953113961515133,0.526059745153296,0.637014678138192,87.0381785547968,87.1174961931408,0.00861196627374738,0.0928006803517484
"639",0.813242354219896,0.0535039809450973,0.344538409518776,0.842523248151643,81.5735538143369,81.9028565144263,0.13426252908539,0.36641851629713
"640",0.520084592398722,0.793281354500679,0.715875871018856,0.28687982143485,78.8339349658916,78.8426747322434,0,0
"641",0.111540324751288,0.562248792128405,0.693056543397601,0.310188673118246,49.5658721102213,49.6227388448396,0,0
"642",0.533382181587862,0.496317695819307,0.929728067802032,0.758082808185951,66.1384589397006,66.1531342075157,0,0
"643",0.650517373931943,0.805133366307244,0.681044812119682,0.673678436517599,74.9180279809361,74.907659271264,0,0
"644",0.173466359783546,0.703083598687896,0.119256429878646,0.354996429407038,54.1352425838589,54.0922159776694,0,0
"645",0.570874660968664,0.850023789407918,0.342881390984752,0.301258636711049,81.5002638266848,81.4984647597583,0,0
"646",0.48830726843141,0.282787272046786,0.829772843371611,0.168386858360725,81.0387605571047,81.0758546006478,0,0
"647",0.395805689415429,0.166339865746326,0.455531251006294,0.402419185783365,67.6560344736076,67.6471720872856,0,0
"648",0.506429031971493,0.17311911284388,0.107001461861539,0.0441921114043798,86.992633960933,86.9579904681175,0.00713075767271221,0.084443813703031
"649",0.719463712611701,0.915567715147277,0.932776758122724,0.554167979867314,83.1471097407482,83.0121323517882,0,0
"650",0.499646295477054,0.119531197975157,0.804827431407175,0.071152597588487,85.6045301549669,85.5418126833944,0,0
"651",0.663133742618375,0.434449163552956,0.127855429869611,0.305377352701267,87.5577515409225,87.6295991433461,0,0
"652",0.616182792062755,0.705198125433293,0.433459964591195,0.20061746276624,88.3783536542353,88.390530169854,0.0393268001498654,0.198309858932594
"653",0.120358452290995,0.811388511896832,0.704347305864678,0.213729929585475,52.663785729941,52.5763628216966,0,0
"654",0.786195017471211,0.521851081050816,0.298056166375987,0.51932548444625,89.475137111445,89.480228041551,0.119192750891671,0.345243031633762
"655",0.51449347422854,0.476509231941076,0.446761551693198,0.148750301268883,83.4405974796246,83.4769948419067,0.0457493150606751,0.213890895226223
"656",0.255441110241343,0.790038308258867,0.478245346641401,0.249036304052453,63.0017996018504,62.9851271026013,0.098069587838836,0.313160642225098
"657",0.921970149018685,0.351969242304098,0.942786489305319,0.0685166387388017,129.389422319478,128.593325125903,0.121114283218049,0.34801477442495
"658",0.0847057370869443,0.0602756928590825,0.441070050285081,0.951668912296998,36.4121724415576,36.3102769462636,0,0
"659",0.765407965697581,0.340456642333185,0.064938272505533,0.187764231395442,100.78156352941,100.840103381183,0,0
"660",0.869477181265247,0.290662844862323,0.0714390264974209,0.421304001202225,101.92149223981,101.919649802023,0.051016976009123,0.22586937820148
"661",0.82467754322954,0.304120290197083,0.403613804713124,0.880312276266282,81.5126099421981,81.5948533343606,0.0131030004704371,0.114468338288092
"662",0.277412143821828,0.347360196790076,0.938131892285775,0.510447673454648,57.8820021438529,57.9217417495645,0,0
"663",0.818863402275485,0.689600693096058,0.691718866478302,0.853934243979398,81.8154068992419,81.8139064784445,0,0
"664",0.912183986898628,0.276057484774152,0.251570126842824,0.852338849384687,92.2250882354647,92.1200341244003,0,0
"665",0.30709369525779,0.0963681595542003,0.581229147977429,0.123406641336274,70.4724044725522,70.4040267773596,0.0414893400156871,0.203689322291786
"666",0.0304102882324951,0.447525788505794,0.20312523211271,0.365191519065411,36.4498136162452,35.5805052677766,0.0030852307099849,0.055544853136766
"667",0.9362261195092,0.146915785600781,0.0993569237025222,0.128273886808078,128.754163991814,127.987186832114,0,0
"668",0.713490779813961,0.181017804852105,0.673702053414658,0.228025139356381,94.7073723222249,94.7282011152008,0,0
"669",0.211587639161386,0.449089629197726,0.168571161482832,0.591158239638084,51.8765089519533,51.7721063181339,0,0
"670",0.583626932701794,0.343517345714499,0.926516312702792,0.698538915885263,70.3611865946381,70.3866546610034,0,0
"671",0.18390538368444,0.545652804251877,0.0917119247006485,0.76251518312539,46.8800391449242,46.7028966160702,0,0
"672",0.711530730040045,0.549291545775603,0.787991496746196,0.937365007601795,71.8218689598288,71.8408110765773,0,0
"673",0.763837736568064,0.945983736179187,0.125636527904309,0.178538872493315,101.094969835784,100.898646378727,0.0855154428863898,0.292430235930537
"674",0.28101725332567,0.948265030999086,0.0778675491614267,0.697550927303382,53.9871162493462,53.9661504192323,0,0
"675",0.306991494080634,0.0997990241936641,0.0876302843827289,0.67463755069871,55.9194539567616,55.8677909684138,0.00605368311516941,0.0778054182892773
"676",0.656725703182281,0.189510031268466,0.108775421189726,0.281125458032475,88.0080879000967,88.0444645674722,0,0
"677",0.92998355092667,0.223002910596901,0.918171123455046,0.569846340605291,105.836002630049,106.016432981252,0,0
"678",0.634955776318675,0.161709114543977,0.830604721699609,0.919080579391797,67.7961039218804,67.7889202535048,0,0
"679",0.321821498391451,0.62075902251259,0.475565642842557,0.605414945136989,58.3072331087606,58.2940826599581,0,0
"680",0.738690725241206,0.737921550888917,0.575950488161063,0.350154820361407,91.8026101858082,91.7273461865103,0.0123728966573253,0.111233523082411
"681",0.470387218690128,0.523381748660933,0.36515765481093,0.0382690283920383,84.827852328404,84.8401750794028,0,0
"682",0.359233176703332,0.362389221690944,0.892861536118551,0.240671106388909,70.2514947273967,70.2703272432092,0.00199613301083446,0.0446781043782573
"683",0.583193998354254,0.715190846212325,0.192776559308521,0.56333849467698,73.8918016269298,73.8712058059415,0,0
"684",0.264059416041826,0.0645401482349262,0.304859826456057,0.782504179587821,51.4326572591561,51.4168722280741,0,0
"685",0.774108990241541,0.131939028214896,0.889344564527622,0.141684670037124,104.129792419143,104.202371982006,0.0558772620279342,0.236383717772469
"686",0.923885638510925,0.344780883611762,0.346161036123522,0.0652153851570329,129.7333048842,128.70601316676,0.0577169520547614,0.240243526561615
"687",0.214237176877446,0.870628315028502,0.567765975455637,0.722340966334101,49.5963900560661,49.6472294614542,0,0
"688",0.467958769758232,0.597931995694875,0.821691631563241,0.35800800399424,73.3170882748672,73.3460858937887,0,0
"689",0.802120360362111,0.583697516866028,0.957837608308299,0.234659021278028,102.628236438872,102.653546041652,0.0544534908840433,0.233352717755854
"690",0.290625851425342,0.578301385817234,0.0868037191064795,0.165040586659918,67.8709646864396,67.8762990041757,0,0
"691",0.20623219106684,0.111759981806274,0.616313762780046,0.321745418523555,57.5338290814822,57.5019133367553,0,0
"692",0.239435275366763,0.398583249541,0.521810634787544,0.964268593645073,46.9784348432662,46.9129573955861,0,0
"693",0.133553233820829,0.88585355540982,0.15103869253234,0.0666734630698338,57.7565362970849,57.6201952104651,0,0
"694",0.581236808475573,0.313836198359844,0.311852051521069,0.490490907850559,75.9562752340435,75.9529183836183,0,0
"695",0.394107668856508,0.137228709291434,0.931097967268899,0.896244877144112,56.1225435739383,56.1429693906773,0,0
"696",0.825739087339723,0.0360372757607838,0.604588670363184,0.0529585018598009,114.346754795116,114.231589214154,0.0764814461581409,0.27655279090644
"697",0.944254622326931,0.679602985784761,0.324648585590185,0.447853296353947,114.206591826123,113.883007017374,0,0
"698",0.912809502836899,0.608372239951626,0.505077425849624,0.72137343672663,96.8321080681093,97.0075367609178,0,0
"699",0.88185992872878,0.681211650321842,0.937276498887571,0.919871266591363,86.2778266531992,86.0699647821519,0,0
"700",0.849402553292457,0.886831593892886,0.736263869615621,0.338662878348725,103.224053468165,103.110700785163,0,0
"701",0.17354200753395,0.658627075283672,0.307636002957821,0.341091233113082,54.4914631699431,54.4193319827453,0,0
"702",0.45378935656161,0.431652383228531,0.296111032709479,0.517887566673104,67.7955138865159,67.7969377666014,0.0174813867779449,0.132217195469972
"703",0.350873899688246,0.490714244976174,0.198390322338324,0.907604807928437,53.6928908315794,53.7060634047494,0,0
"704",0.203862998072407,0.390455731614376,0.167101120430976,0.880681584129692,46.2158390288475,46.0386265377994,0,0
"705",0.315074122726684,0.453546303910087,0.447597621921683,0.620556892186985,57.5865213603181,57.5711099041954,0.0917012465652079,0.302822136848031
"706",0.613088566916529,0.666658404144109,0.327427415255574,0.0189969382197596,95.9997987845941,95.9444235278245,0,0
"707",0.0653090820650104,0.749628121047164,0.310219640080002,0.158832379490021,46.9299797233305,46.565560332018,0,0
"708",0.0237345620379783,0.73807337563124,0.919779143102467,0.91889953061007,28.1203016619749,28.2442028111112,0.0115527051966637,0.107483511278073
"709",0.231153604872758,0.219789152750396,0.579851581052178,0.699208016452845,51.0773343323017,51.0789421782038,0.0119398222304881,0.10926949359491
"710",0.764843929215684,0.0617299656368559,0.415634583811858,0.699577402042109,81.8780255362407,81.9285725137221,0.0603870251215994,0.245737716115373
"711",0.783400610550772,0.692346685938188,0.177074609659845,0.0942476863376796,107.139538926066,107.14249343859,0.059735915157944,0.244409318885234
"712",0.567074119576137,0.319103092127014,0.408465904211276,0.821846185732284,66.3429339759733,66.3501707843184,0,0
"713",0.945089888564893,0.368953580842586,0.0695199739671079,0.78699345764867,100.457826798535,99.9343255938186,0.0232522439910099,0.152486864978627
"714",0.887657224188559,0.167016626327764,0.291414154550876,0.726452471696888,92.9374396533557,92.8533782926689,0.00896922522224486,0.0947059935919837
"715",0.690277858273708,0.349428396037547,0.368429953536601,0.723965228359681,75.9496316557352,75.964276793292,0,0
"716",0.0315950571809663,0.635137937445543,0.626564390796237,0.635087002496119,33.002960289633,32.9086075884385,0,0
"717",0.611035254133982,0.59672208974557,0.906315894674044,0.681440041873138,72.3789131390947,72.3691129302239,0.0194555887719616,0.139483292088915
"718",0.814655890404712,0.717145501259482,0.707110542184324,0.675611365996068,86.8576432868752,86.8493556969837,0,0
"719",0.434351081744651,0.704006764632068,0.363681719803833,0.110984073912725,79.5097189154853,79.4703005236407,0.020785218803212,0.14417079733154
"720",0.38734581161628,0.243411575339385,0.788148450480541,0.816860011121025,57.3456237956715,57.3602546124921,0,0
"721",0.83935976337071,0.293118638488115,0.583580800254364,0.275890913223848,104.778666480484,104.647924320875,0,0
"722",0.9222546177943,0.30380122947332,0.16830045882205,0.105120465427521,126.781029529832,126.001581905028,0,0
"723",0.435643623059033,0.0749961183959385,0.822016970540979,0.775141664463561,60.6801010856797,60.6823645683104,0,0
"724",0.135435862346319,0.348788421788136,0.0961783665460534,0.545407200444955,47.0870832047413,47.2727796887667,0,0
"725",0.752202962818905,0.172910299215233,0.839856189826154,0.67738688413694,81.6800187037438,81.6900225466563,0.0309802071424201,0.176011951703343
"726",0.890895823262632,0.136346041169134,0.440544211214874,0.459670333592105,103.488087712187,103.517915270527,0,0
"727",0.0748752958992263,0.74710703091044,0.385739685175358,0.935462551935925,35.6086276715801,35.0704223447606,0,0
"728",0.682473989222548,0.821204043355654,0.936358497016132,0.0747359706154093,99.0810546705327,99.0067035310792,0,0
"729",0.595961706511327,0.943497681070003,0.388069385074778,0.542450101739029,75.3113121247148,75.2994940197506,0,0
"730",0.317810255609918,0.204865657998016,0.114956350421882,0.212963221935323,68.2543359410748,68.2573428516987,0,0
"731",0.577437192176934,0.196782849827199,0.44987960145541,0.266869723547366,83.1938065198224,83.1970440810152,0,0
"732",0.959200737183914,0.561423245577025,0.461544029428391,0.243766284963931,129.411806193184,128.510591694185,0,0
"733",0.460375739843235,0.366422497139662,0.0702718022816116,0.167920075630536,79.0306224963661,79.091014823152,0.023709540721029,0.153979026886875
"734",0.0629543948580977,0.348492564842338,0.292113743142923,0.144254839546513,46.8680990435591,46.7388847371396,0,0
"735",0.353206211940036,0.973256401095539,0.708173499725526,0.377599587860517,65.831738843735,65.9125632780415,0,0
"736",0.59788795224682,0.149821817776421,0.974260105953668,0.257163918639184,85.035491187465,85.0577480342563,0.0239127727691084,0.15463755290714
"737",0.249959643912851,0.0469580474633258,0.556577467199299,0.697015225091716,52.2542701816163,52.2689388445275,0.0249041100032628,0.157810360886929
"738",0.690876812004601,0.562767787711811,0.394552056734217,0.484458682470256,83.2807849408493,83.3187845386363,0,0
"739",0.118259894487332,0.900899690640625,0.492235439757118,0.415991728868918,48.0481805395888,48.0871926668746,0,0
"740",0.385949007762363,0.0826764128531795,0.124366534707253,0.526343343950342,63.7308965499705,63.7585338713913,0,0
"741",0.935552048654528,0.581073962864582,0.571592158208135,0.434101268647821,112.832259393955,112.674958203073,0.0240960756782442,0.155229107058709
"742",0.524940760768019,0.9415799730086,0.487344907722203,0.659598959803348,68.0573773124969,68.0301788081048,0.0678981977980584,0.260572826284819
"743",0.486267430260195,0.174593413848546,0.411665269416873,0.0619888738755835,84.9641061594733,84.9235001715809,0.0243764112237841,0.156129469427729
"744",0.369315612629638,0.15549336264329,0.358522947708843,0.507718109899317,63.3035995167252,63.3117151128014,0.0521746117155999,0.228417625667548
"745",0.0741831312034046,0.247690269445069,0.916468783268938,0.0458332196038682,50.9782574127181,51.1623037023252,0,0
"746",0.58664387671405,0.205476148567628,0.200083811040036,0.12512514893862,89.2754365856458,89.2642959075431,0,0
"747",0.215546828431427,0.0906378783824621,0.12694559908181,0.32398441284406,58.0969600198463,58.0777401905571,0,0
"748",0.710850052674301,0.0700110502516618,0.43501601266989,0.972359993826714,70.8807809596113,70.8840013848554,0,0
"749",0.14644318597368,0.751526064759237,0.623349519121228,0.82515759273048,43.3096325530052,43.2497483048681,0,0
"750",0.503650496206712,0.715500481162453,0.397640459156013,0.570490900115576,69.1949739754053,69.1628960210206,0.021110323490575,0.145293921037926
"751",0.310056813057628,0.263043857152457,0.324134370004642,0.732249471316231,54.9515198571081,54.9277562064267,0.0164482964901254,0.12825091223896
"752",0.452607459299965,0.646721297537559,0.10768597293261,0.140753659870243,79.5303743366422,79.5646453597424,0,0
"753",0.352689589353628,0.023117026720196,0.525279065171024,0.855411871262128,54.8050861167656,54.8118758872776,0,0
"754",0.0469949661727296,0.159817241126322,0.51036856204865,0.054391626268276,45.9515041186786,45.9935150909541,0,0
"755",0.891307062480948,0.103537205537665,0.350956266897847,0.0626181679806905,123.273570049306,122.861323596467,0.0568607365712523,0.23845489420696
"756",0.397775271317922,0.958140439225361,0.656248208334204,0.112788219913142,77.0586336343081,77.0241324629449,0.0461144171422347,0.214742676574161
"757",0.539240047334926,0.227007261255989,0.840282252649893,0.464700436458108,74.3182330772382,74.3323534750464,0,0
"758",0.167523163122009,0.23021963657951,0.103223786224029,0.414016646598466,52.3448317428382,52.3006610744615,0,0
"759",0.479488660108531,0.186382043404854,0.351368514812668,0.198571741667925,79.2587914313133,79.2668680881713,0,0
"760",0.676490384935867,0.496783759133541,0.779547818977386,0.497810413589352,81.928135583083,81.9541784802097,0,0
"761",0.158020758872037,0.883362674702192,0.650524863764178,0.566588612709544,48.5788830685449,48.6815949426204,0,0
"762",0.783713984734495,0.0545385140924482,0.619574943712563,0.541587007186958,88.5771635994168,88.6836386007445,0.028105448349379,0.167646796418479
"763",0.144046503058751,0.320271098919213,0.380412548912806,0.825607123300317,43.1092222754588,43.2302002298738,0,0
"764",0.774681591792614,0.30848579850886,0.249806291929795,0.924889253858942,76.2663902343501,76.308044352137,0.0499056107364595,0.223395637236853
"765",0.838237360279891,0.406811240255134,0.726828252001549,0.285961189288762,104.233862401986,104.105868804217,0.00964920700062066,0.0982303771784506
"766",0.290036526287557,0.469930918054073,0.576691299495636,0.690704494027537,54.7054432534238,54.7111829213015,0,0
"767",0.218976449147216,0.914008667513845,0.337725860382197,0.304535889068735,58.8757552071531,58.9094206064976,0,0
"768",0.304986679433496,0.892789800568367,0.921079167006304,0.538191287653055,58.9048153793698,58.9146049897513,0,0
"769",0.542988470892538,0.706709602318937,0.321134975675144,0.785004530223436,65.921101466252,65.9054195376497,0,0
"770",0.255851937835105,0.464753711944446,0.821208583731786,0.788646227863967,50.9009477608041,50.9424008245667,0.0809364188462496,0.284493266785437
"771",0.663614322476555,0.116693905173801,0.354654170759488,0.537188660753425,79.7119725695397,79.6616902323848,0.0532026900909841,0.230657083331477
"772",0.36333156925044,0.265513928150525,0.57793569909397,0.0537163815569365,76.8567192836782,76.8238692846817,0,0
"773",0.904044551222702,0.587739516435191,0.892332327925833,0.114455135550583,122.845106888784,122.775346407243,0,0
"774",0.949019806625089,0.241630612611072,0.623849145205342,0.721879731543711,104.063536518881,104.068121292867,0,0
"775",0.533924274526769,0.745661259078421,0.064019874704536,0.714033836611197,67.0857280408599,67.0667550423664,0,0
"776",0.743534664207953,0.0973607223104918,0.592138540273183,0.960355567583581,73.282239740333,73.3069883266346,0.000733532127924263,0.0270837982551241
"777",0.376614165702602,0.897560544323525,0.272038830421283,0.399885055353167,66.552911100105,66.5767491091727,0,0
"778",0.888561181727331,0.122552664996474,0.626263221453759,0.164697732424946,117.183896304395,117.032240691268,0,0
"779",0.858308640262461,0.148928156686598,0.879261130695813,0.915536127501866,83.8073207172749,83.7402774672411,0.051265855319798,0.226419644288648
"780",0.964970205859747,0.0630393705932656,0.139525502753444,0.576413056811085,114.614284723085,117.229880031951,0,0
"781",0.655475780666573,0.959100215471583,0.101192623314098,0.433095952150761,82.459543231341,82.4775078814516,0.0137651597615331,0.117325017628523
"782",0.949621573089855,0.838165335882222,0.851699799325899,0.750385068823351,103.209037709422,103.331069226386,0,0
"783",0.342982933527092,0.416587229744531,0.141511340646888,0.104485181584954,73.5095421674814,73.5508645959816,0.0199374463409185,0.141200022453676
"784",0.73754230805696,0.365053884734865,0.496335870969342,0.388779214694514,90.2106794861156,90.208969111131,0.0546355294063687,0.233742442458294
"785",0.518212545046001,0.641989450468333,0.585889967551571,0.586172949538566,69.6212080438618,69.5919284768234,0,0
"786",0.600772983897012,0.910945907100104,0.806994895178475,0.856463728914969,67.3898064602481,67.4403834099236,0,0
"787",0.357470242800191,0.313099010696169,0.500566880237195,0.269198155888356,69.2036531855561,69.2191108273183,0.00362464517820626,0.0602050261872401
"788",0.805551698299823,0.770256022879039,0.276008764429251,0.280963408604497,100.683564655891,100.800630144809,0,0
"789",0.693778964409488,0.82053898263583,0.450516662790091,0.432667082945467,85.2693908835809,85.2436376786821,0,0
"790",0.661234335498535,0.331434659684077,0.908770238764468,0.041962231700425,98.8943657870536,98.8515434592737,0.0596039338270202,0.244139168973396
"791",0.548055344684748,0.738796941058128,0.565408770182054,0.898874036979163,63.63819577558,63.6536900637082,0.055687716579996,0.23598244972878
"792",0.628110226326506,0.880007261283928,0.768439356574672,0.36353878650791,83.1891050788037,83.1937589818488,0,0
"793",0.672555911603384,0.456692253742949,0.272989551457693,0.368196478630067,85.9751281422071,86.0234486824736,0,0
"794",0.608126868920983,0.490092889028834,0.159395454289392,0.848773088383954,67.8569835187557,67.8462827645134,0,0
"795",0.116125195376226,0.570936421443243,0.352500817592256,0.130794612944592,54.2048529246883,54.3000112664179,0,0
"796",0.447599673172925,0.359174480905524,0.120797098096111,0.664959299722686,63.7043654659907,63.71830756664,0.038148017716594,0.195315175336158
"797",0.39546692455234,0.468681062011281,0.647068126322352,0.5333863629892,64.1808614251961,64.1608001087845,0,0
"798",0.627028000979335,0.242620476965094,0.0293863898785785,0.91722192223696,67.2525309740701,67.25359462892,0,0
"799",0.149333116149413,0.311368930359371,0.871163294507074,0.531455328107113,48.5722189332349,48.4804364216504,0,0
"800",0.0702915765839862,0.856685290728463,0.934499329460668,0.157819443070097,47.7653580560617,47.5158615067982,0,0
"801",0.575336965196533,0.954424304677174,0.89721618056146,0.141238941590884,88.005120003843,88.0296700873441,0,0
"802",0.203196931877523,0.281562489501783,0.056100286327186,0.698159799395828,49.2702637260542,49.1771208729861,0,0
"803",0.487612376970705,0.558953733499395,0.240655639718287,0.381462416384136,73.6591892893998,73.6760660486128,0,0
"804",0.681984979361994,0.929181457631756,0.278643626762554,0.328835915069445,88.1119723755587,88.0710418573535,0,0
"805",0.318794885024894,0.176666667585494,0.85755158629769,0.316742833651137,65.3993773791044,65.3769916274413,0,0
"806",0.899429697155254,0.143603477488388,0.646884831365081,0.352142439821502,109.638752887629,109.713190480425,0.00639586220495403,0.0799741345995943
"807",0.648587077245698,0.725300606406992,0.777252265408053,0.315736540384009,86.3264206406923,86.3480131974679,0.116995545569807,0.342046116144895
"808",0.480192234077258,0.497169127719011,0.734598603438353,0.918490588083747,59.8687236844454,59.8711127679085,0.0584769886918366,0.241820157745041
"809",0.263625127849751,0.923778986776946,0.539908946650568,0.590234875180759,55.2383778800844,55.2442110466442,0.00702645268756896,0.0838239386307334
"810",0.753676466000616,0.719370126646245,0.133921112338663,0.499600597682293,87.3766186259633,87.3422802346221,0,0
"811",0.945659265485359,0.825552118376829,0.265747539104312,0.0500033621852053,136.557394756786,135.704206197519,0,0
"812",0.322895092201768,0.776562041234807,0.481120728033595,0.0520126616711495,74.0372064925199,74.0704027651237,0,0
"813",0.198002464500023,0.190302674717153,0.65532953354239,0.863825783702312,46.1697558875961,46.0456998852425,0,0
"814",0.478471386227873,0.561600187631673,0.528062836489291,0.318731017752201,75.1491047763699,75.1760563999437,0.0281442546984181,0.167762494909971
"815",0.243830249333172,0.243786297040177,0.820858002618072,0.670976625712356,52.413331032456,52.4546968394285,0,0
"816",0.446552108122618,0.803147764630849,0.973607832115144,0.468031073227758,68.8474341217407,68.8500701636416,0.0302138010738418,0.173821175562248
"817",0.603650753579102,0.328914412632119,0.86120505279419,0.89985456220503,66.5443622545379,66.5520544319627,0.0113327159779146,0.106455229922793
"818",0.13606841746287,0.937131620278233,0.575334978544735,0.155690403423738,55.6931086449765,55.65109774633,0,0
"819",0.750065904643037,0.673373171299696,0.353077247172245,0.374031189845293,91.754371886972,91.7082660630192,0,0
"820",0.460793744615163,0.918399157967884,0.140403223951696,0.307841470043641,74.3180304070443,74.3136981901766,0.0408468773821369,0.20210610426738
"821",0.827956387954648,0.833637759062694,0.0745387165487045,0.727141608128324,86.2494761301808,86.3478831470456,0.00805500510614366,0.0897496802564982
"822",0.0219582650576485,0.818440088446369,0.0662782351977658,0.332898812653963,34.58317745329,33.4066760604191,0.0179166009183973,0.133852907769676
"823",0.401206112542539,0.929894913040218,0.583460156160174,0.641783874689834,61.8577769668146,61.835999001381,0,0
"824",0.938280244885129,0.475072607997106,0.653624442781089,0.0327922128930222,135.748613622133,134.119097665485,0.0133027605479583,0.115337593819007
"825",0.0763882208394352,0.707736581224017,0.948404043129645,0.557731945399428,41.0655546899086,40.878762615864,0,0
"826",0.622515887604793,0.665769837593427,0.859198175619356,0.558543511976372,76.5410376243258,76.5228843541845,0.0682797468034551,0.261303935683057
"827",0.942627352266805,0.434756130016875,0.51949670050072,0.799349293220905,99.6724062396191,99.4009431144706,0.00584631680976599,0.0764612111450374
"828",0.943072491064202,0.614884469811688,0.0517655086669838,0.710865173917031,102.772536101847,102.490501035562,0,0
"829",0.709719712945633,0.717593452460598,0.950424520592554,0.728291666180943,77.2060490951925,77.2189174220513,0.0239162018988281,0.154648640145422
"830",0.0599574463361641,0.810705072479905,0.222044966264511,0.771605435008998,35.8992041700787,35.7094089770927,0,0
"831",0.65268577882892,0.556015360173653,0.877226688752999,0.229417051564786,89.9750531854539,90.0091928775163,0,0
"832",0.558447442442877,0.573572372392635,0.284466008632793,0.552915611422621,72.767324217487,72.7428079586605,0.0892332070507109,0.298719278003129
"833",0.778539674762171,0.79512019306852,0.547155943274265,0.501469637255534,89.5216368534945,89.5135935261399,0,0
"834",0.55286465931742,0.465753391632345,0.379854609525297,0.312117435274529,79.9738093701922,79.9800832632861,0,0
"835",0.289815958685358,0.499481237759232,0.844516590061015,0.0347778100548312,72.2887870169145,72.2816177116951,0,0
"836",0.294748345704167,0.301450205372996,0.753106651528971,0.371439459375106,62.3658502694079,62.3624333545804,0.0264825117774308,0.162734482447423
"837",0.368557742718025,0.672318330499693,0.491479536328348,0.277869676366332,69.6394683385221,69.6592199113137,0,0
"838",0.74983001050679,0.537770671726321,0.607989683975931,0.443125833058613,89.2304950866713,89.2118131103876,0,0
"839",0.158568090053974,0.510826630659634,0.163111705311225,0.33086049482401,53.4644062637651,53.4525112748329,0,0
"840",0.799857729185955,0.102166739969631,0.158903412346262,0.15720885727182,105.73409206739,105.798451332322,0.017713887616992,0.133093529583493
"841",0.904537973402534,0.0366913124208804,0.799040762781398,0.777868158351514,93.6935506957444,93.6127963848817,0.0694868855644017,0.263603652410967
"842",0.152988571298774,0.959594931294909,0.443379621720989,0.649016962740454,46.6740901671349,46.9640415875629,0,0
"843",0.627902062179637,0.623739964532317,0.949008190490538,0.939846874982934,66.9474252700708,66.9566929708674,0.00718349847011268,0.0847555217676859
"844",0.0802580221294193,0.656027785852086,0.754334832748398,0.458900725930231,43.1794449615532,43.0488178429243,0,0
"845",0.946153727729456,0.698953508770093,0.376511843411135,0.0894503023420693,134.245478075907,133.084518028504,0.00739583827089518,0.0859990597093665
"846",0.142693514024955,0.204168308954802,0.17096881357627,0.578351722688996,47.0971545373052,47.2209686125252,0.0687562574166805,0.262214144196457
"847",0.62996428254596,0.0342828896025894,0.794515458847513,0.760026710391394,71.394119727224,71.3913289592772,0,0
"848",0.817848710929975,0.164581819933956,0.955198447630275,0.511106492030667,92.8857870668207,92.9230752903993,0,0
"849",0.339841812482686,0.345677038791822,0.875985464471043,0.739100483467802,56.4756746517621,56.4754909843145,0,0
"850",0.879357269682107,0.650993117444916,0.651273489440093,0.151425910879043,116.424592356656,116.475695069859,0,0
"851",0.131042007650714,0.740045185433119,0.113564593940624,0.588275475748465,45.9421835892675,46.1121438523706,0,0
"852",0.148611455139937,0.569040032801102,0.692834734596894,0.568569512012182,47.8032910088733,47.7178868013207,0,0
"853",0.335036146768951,0.843694477869896,0.0511577424118295,0.888004339638515,53.2331071121128,53.2191897975034,0.0453764265403152,0.213017432479868
"854",0.708903996970505,0.0331601792188594,0.0591160740263294,0.622274088754668,80.0388646058955,79.9850854363394,0,0
"855",0.499164657986024,0.339079647245817,0.526838162332424,0.153476443974301,82.2571602742066,82.2870506606164,0,0
"856",0.138947014488629,0.602444575281464,0.44178278153867,0.781330358929234,43.4108713852156,43.4302523927479,0.0859936120687052,0.293246674437589
"857",0.833086383462651,0.546506688643596,0.607213349606027,0.626830839200178,90.2208781537722,90.1016287462119,0.0163274054648355,0.127778736356389
"858",0.872162900051218,0.43212349890219,0.393776795160142,0.361264300483628,105.034188684353,104.981375423462,0,0
"859",0.129598875347991,0.11870670289651,0.774334287904087,0.392543677947717,49.6192627044935,49.5578176590573,0,0
"860",0.191587032049312,0.0870269100569421,0.24637567299651,0.0782233773845946,62.9428962389321,62.8993362622091,0,0
"861",0.468605144382338,0.0462691922569647,0.712350206585717,0.644299948527245,65.4280137736963,65.4183163523833,0.0329951790627092,0.181645751568016
"862",0.086633042397094,0.935142840779619,0.724909385549836,0.393803386150626,45.1223112375077,44.9765431816013,0,0
"863",0.530382963014185,0.309557679434307,0.232713469306473,0.279839473297121,79.6145348436192,79.6278156922052,0,0
"864",0.594900517795468,0.926140720606549,0.0525950335969683,0.13028677079326,89.5788300774508,89.6458002608916,0,0
"865",0.150913914381992,0.659222676345264,0.649037006375263,0.159692918670247,57.0384983617153,57.0461302513147,0,0
"866",0.0372823265155312,0.833302441351116,0.37266668661579,0.0324221527986228,44.2333017221433,43.2711629547671,0,0
"867",0.961249526592554,0.853451757856412,0.205216710824519,0.395517967875581,121.835388019405,121.626227894011,0.0265944002894685,0.163077896385342
"868",0.963915332464618,0.437519844432478,0.932120616830885,0.188022448099218,134.81444740155,134.504749476303,0.00458781444467604,0.0677334071539004
"869",0.276577824798413,0.611274181201588,0.0245380423363531,0.474864302037749,58.532789479591,58.5234982643872,0,0
"870",0.324527394306613,0.179013886442059,0.625420467776712,0.247538982309867,67.7532232573935,67.7358627640706,0,0
"871",0.300051858286606,0.285422346365405,0.484983254346764,0.487213649662328,59.7638040724683,59.7358316816756,0.0587767863180488,0.242439242529028
"872",0.72969902782212,0.915100867052679,0.962218708888628,0.902071169985691,73.8814577209279,73.722802903134,0.131270522717386,0.362312741588516
"873",0.177952839188278,0.595225689577754,0.819263908828609,0.939091781058349,43.7551074621368,43.3871543914713,0,0
"874",0.589879193774308,0.17040682246245,0.492790615610778,0.549094808936468,74.7740852492143,74.7777436236952,0,0
"875",0.231582135190372,0.216587875994504,0.246935072263703,0.415499912045896,57.0409010529726,57.0508879642444,0,0
"876",0.398441457383917,0.305074728608131,0.318862552122329,0.451416452889331,66.4369314404172,66.4287338514347,0,0
"877",0.503173380594584,0.251297073409893,0.139270480271778,0.966550089698751,59.9244114957489,59.9055060831403,0,0
"878",0.823323046403704,0.724574357957696,0.190840403233655,0.95782777559082,79.2091984529601,79.3246717606386,0.049179675639607,0.221764910749214
"879",0.635775523841032,0.933866311640595,0.118355545320199,0.943391083940281,67.1577040674497,67.1847254885528,0,0
"880",0.537627521649003,0.1716975190948,0.617839277284802,0.892442615641281,63.2566413458875,63.2674666904625,0,0
"881",0.843740202654386,0.871187197459047,0.58283746388671,0.901901043768274,82.6970185755715,82.4658163934555,0.131042271968909,0.361997613208856
"882",0.810912664729869,0.804322331831208,0.381441673756926,0.174943290766561,106.193616309316,106.321928162064,0.0634903142927215,0.251972844355739
"883",0.301765810640412,0.532978882720112,0.459105223496212,0.150156200127327,69.2070685230946,69.2125560606192,0,0
"884",0.777786534016486,0.950520432613208,0.790668171293684,0.549777641054243,87.8265442298275,87.79172495988,0,0
"885",0.631200997456675,0.506029182167724,0.22683221996401,0.0534491682361113,95.7430035758413,95.7331440420256,0.0272834516363218,0.165177031200836
"886",0.802785393911065,0.575825989777571,0.136999986893497,0.860226183202118,80.1332136527733,80.2432319525552,0.0316013630945235,0.177767722307858
"887",0.111054526602733,0.583052269341541,0.523280551461503,0.528771176275681,45.234376290193,45.3030774082893,0,0
"888",0.844354101088131,0.808237241227529,0.784676731659099,0.0624328610788798,116.293447535409,116.36476700749,0,0
"889",0.107698016809649,0.417587530793971,0.890701486362726,0.19267343173176,51.799732042174,51.9459819450548,0,0
"890",0.956382707878482,0.206342638160218,0.923718028977397,0.0279686974043725,142.211997080678,141.367169904772,0,0
"891",0.600053014370962,0.922240501115448,0.0904191898877034,0.694197329653776,71.245383378134,71.262269007519,0,0
"892",0.795945143982768,0.232060013480834,0.453138835193124,0.170699134384398,104.818955278249,104.81807412349,0.0304657581727952,0.174544430368875
"893",0.0532250609433977,0.436356208238518,0.549827027543681,0.107235798169859,46.010639482293,45.7532851645848,0,0
"894",0.914537242606515,0.00492897422146052,0.535802067353274,0.616961298815324,100.974442627364,101.171377873467,0,0
"895",0.854315139154089,0.170715564077487,0.0548880925022531,0.583490995889762,93.7838418576139,93.7865439055461,0.119766493095085,0.346072959208149
"896",0.0252564158838941,0.160962370401132,0.0415139425486559,0.947726615137188,28.1689475722973,30.1264162260095,0.172505835653283,0.415338218387476
"897",0.939692941296147,0.419992057426251,0.860178310395218,0.994943215756095,92.6864261378553,92.6023732722928,0.0590014669578523,0.242902175696004
"898",0.162278749977588,0.342299508722732,0.138303889961797,0.106090778331622,59.4854921240157,59.5605407292766,0,0
"899",0.123234951800783,0.599591461173841,0.939661322630942,0.0389571463424945,57.5082911608627,57.5653978191694,0,0
"900",0.702237826844095,0.266048705656081,0.201005979424692,0.741224647417781,76.1994393213387,76.2063847983651,0,0
"901",0.715325982160284,0.192622488212539,0.641371603205684,0.841364074620418,74.4610027269143,74.4585960310466,0.0325200158404186,0.180333069181497
"902",0.560101810450898,0.27562151070952,0.325470821625204,0.0773953423254425,89.4522548919546,89.4084596843113,0,0
"903",0.610617271172348,0.0312966463854536,0.815806320678326,0.459349383487366,78.8491481719633,78.864388006792,0,0
"904",0.826984821716789,0.310842815854587,0.314256969331531,0.701204940683558,87.0767161640038,87.0755013814442,0,0
"905",0.640872290955507,0.367028752210666,0.4566608494221,0.591945019952487,76.6197721277931,76.5809967433639,0.0439278013072908,0.209589602097267
"906",0.956755354598514,0.356242889457848,0.437230048156693,0.93658780138439,98.3794606502361,97.8693145228471,0.0321339591173455,0.179259474274989
"907",0.59852255349874,0.619654191617854,0.122940652790014,0.207535914060543,86.7505020465641,86.7915955297855,0,0
"908",0.185979360623052,0.059813047640142,0.301105370078934,0.652026206309674,48.9961803507083,48.9623779939703,0,0
"909",0.566617783621652,0.963820920302183,0.642441884600557,0.68098216513847,69.8278510085201,69.8399548122445,0,0
"910",0.823573048879509,0.462079748273129,0.797512218725169,0.834330198881566,82.8160755320974,82.7877193274546,0.215096200467087,0.463784648804903
"911",0.168707409375114,0.0499763413019245,0.964547142357798,0.0827881066587288,60.8574643086953,60.8356885358562,0,0
"912",0.584178007727023,0.062586294487468,0.544375791858183,0.776243018658599,68.3782371761842,68.4133069100357,0,0
"913",0.550701326175709,0.147812556569232,0.201686601490015,0.650233320901636,69.6564309363008,69.6647061772251,0,0
"914",0.448108342312044,0.0554789375318214,0.104842945315177,0.145018932930427,79.0763526133496,79.0600221172608,0.0439676047535613,0.209684536276668
"915",0.413457731703995,0.817501181263477,0.111136989509221,0.0769583927005297,79.3036319177852,79.2514075098412,0.0220893898513168,0.148624997397197
"916",0.801755328609142,0.393416648438666,0.749621715500369,0.65905922585784,86.2455423917266,86.2499355684658,0.0348870171001181,0.186780665755635
"917",0.555509595208801,0.284033092007856,0.0824733805499272,0.338472279553767,79.1476634934294,79.1734321419878,0,0
"918",0.568464342715452,0.283227813496604,0.678852872236515,0.669058988369885,70.2472822365148,70.2614152452588,0,0
"919",0.925781638496439,0.54317357507709,0.197452628124622,0.931903401207295,91.8764925112151,92.0566403906433,0.00596288463566452,0.0772197166251245
"920",0.807973952121334,0.505999647452147,0.278488449257682,0.793138720980845,82.5337987817125,82.5938687915644,0.0690636247163638,0.262799590403722
"921",0.465493218257441,0.831402086093323,0.295067311879364,0.553835133845802,67.4943370320678,67.4792138294567,0.124920835485682,0.353441417332041
"922",0.151022885307204,0.962015412916546,0.243841304603731,0.169018961761845,56.7521025799494,56.8374821512894,0,0
"923",0.500944056090782,0.579729393158224,0.184736740753055,0.0170024132351391,87.8037262480984,87.8408696989107,0,0
"924",0.343780460023903,0.638388028601301,0.196036032087752,0.561025386028923,60.524050829516,60.5292854147913,0,0
"925",0.287147306389525,0.467472068494302,0.0796231534824474,0.318324864069,63.1768629129878,63.181369418886,0,0
"926",0.424452574301977,0.744583700667834,0.7154529430205,0.643939605521038,63.0702674468907,63.0536506402742,0,0
"927",0.113636777378502,0.896132379545248,0.638182408960071,0.81775799649593,40.8346298766106,40.78100876998,0,0
"928",0.1964871513705,0.0679952934985049,0.424117774407961,0.550901086465921,51.6891739672883,51.6248195745645,0,0
"929",0.886133466532454,0.321191496225656,0.552348985734978,0.0960278046861058,120.550478255015,120.285341996433,0,0
"930",0.407567101806868,0.710010347026749,0.697496843048604,0.341901840280509,70.1488855885917,70.1215017244415,0,0
"931",0.519030759785906,0.127024873180082,0.259916278910823,0.404456709407968,74.8354596941631,74.8178529040598,0.0697129167383537,0.264032037333263
"932",0.505003949781181,0.0451532279205276,0.454100514503079,0.273769494423992,78.2774666086192,78.2353368656075,0,0
"933",0.180480877599912,0.900090154276462,0.883631640323321,0.072228185318294,62.2330476137929,62.3094996890285,0,0
"934",0.804107861692319,0.0847292427527718,0.361342711967998,0.264863745423034,101.283549748886,101.347040844651,0,0
"935",0.964252285259659,0.828783647897188,0.170244049092522,0.912130950350664,101.289066758028,100.948091742615,0,0
"936",0.172978271823959,0.962822104718653,0.813763762012939,0.81496011576883,45.346211609399,45.5335547756972,0,0
"937",0.457279700434767,0.740903378104907,0.92936684681417,0.311236843234627,74.1539085677474,74.176285839818,0.0314914527116343,0.17745831260224
"938",0.868246812003083,0.735059056930826,0.567278461510898,0.614854590657051,94.489484544994,94.2289778600804,0,0
"939",0.0669340090189362,0.217432413282804,0.187686704917694,0.124163020469365,47.9367311969062,47.8620944206551,0,0
"940",0.665239784120931,0.333368048756267,0.916805476494133,0.229841227713274,90.9009135645364,90.9300562052024,0,0
"941",0.153396144224564,0.37955906339176,0.94126209157519,0.840341185862199,43.5966400166774,43.4137482409297,0,0
"942",0.633349045156036,0.604959370191325,0.485151810260606,0.584000557552208,76.3920368820555,76.3611037032395,0,0
"943",0.226812541503576,0.68848894814332,0.972128575351671,0.639124867287697,51.9918485780713,51.9971810542538,0,0
"944",0.971434347018483,0.814378381490824,0.117740539065911,0.695105217544595,112.077386958324,111.696143661952,0.0398690826259553,0.199672438323258
"945",0.535612422249396,0.57883778612141,0.237033514145296,0.929023243904347,62.3096143451654,62.2983512441098,0,0
"946",0.989588754959637,0.250936604626477,0.697531087481417,0.859433665423072,116.880117336638,121.487535626882,0.180832353653386,0.425243875503676
"947",0.903773375502089,0.700459968857118,0.121674710357096,0.470918181835092,104.853887907079,105.104364297429,0,0
"948",0.607867494047387,0.370574445672682,0.949909041004023,0.481663373560994,77.9902270587667,77.9899027009996,0,0
"949",0.233349403478438,0.0739403522318462,0.80612088665599,0.642893076116801,52.3181594399549,52.3529263967109,0,0
"950",0.898512154935393,0.551341008858522,0.373761427917052,0.0483667907976778,125.459097679559,125.287593805784,0.0550600078422576,0.234648690263248
"951",0.408791321383673,0.0807655078183161,0.418977287991671,0.663321356761968,61.7406888029652,61.7397790033576,0.00116736360359937,0.0341667031420851
"952",0.319089255657978,0.592855017983704,0.860942512661568,0.713219353770721,55.886431438907,55.88791197297,0,0
"953",0.0241427108686185,0.342893409573007,0.490677917355904,0.900587873426965,28.3846611814911,29.2939106048385,0,0
"954",0.375736746949144,0.878849939371343,0.955912100532325,0.847090363169322,56.1684202214741,56.1536801449201,0,0
"955",0.830224772573565,0.0989724945002236,0.177722776969196,0.664342262016609,88.5352657182593,88.6737667340312,0.0305150535423309,0.174685584815493
"956",0.501552755706129,0.879170697711059,0.844275015874533,0.278402007023338,77.9755813196442,77.9936951659612,0.122773272451013,0.350390171738611
"957",0.151797195733408,0.836521987237618,0.913696775452583,0.606062150889193,47.3806886704204,47.3834674605111,0,0
"958",0.0567141384484712,0.314845387657871,0.78426051955868,0.707659649751382,36.3331154781672,36.2846777026407,0,0
"959",0.598491296592634,0.125059486492537,0.952856397144264,0.837894821125548,67.7211990747557,67.7628139893716,0.0295095060719177,0.17178331138943
"960",0.726345544539974,0.528820851652185,0.763644818353816,0.71857325129665,78.5858699787313,78.5963800706892,0,0
"961",0.644698077694979,0.858540234663989,0.534600358985946,0.744963742636726,72.6090270361885,72.5974783388045,0.0185190609190613,0.136084756380211
"962",0.131538159889984,0.0924185065551428,0.554537291205954,0.788435221606051,42.732229408446,42.9014755260097,0,0
"963",0.940121506116935,0.103317341850954,0.141271169644198,0.265042398451711,122.087525177643,122.090978097479,0,0
"964",0.482429897495313,0.439247078804648,0.703060169990989,0.656868155587232,65.8592657408287,65.8617762392608,0.100198911270127,0.316542116107994
"965",0.184112258455483,0.637250813876046,0.147849499220611,0.219224365781294,58.3306011664648,58.2780672932413,0,0
"966",0.160868706877111,0.611917103230604,0.148600309088826,0.466660278326599,50.7145979405682,50.6735499582958,0,0
"967",0.944646213623695,0.877416415316635,0.351657107012463,0.182844777408754,128.086465169271,127.891658293402,0,0
"968",0.877026531927753,0.892407040436286,0.433958349088207,0.54693645751127,98.0657297302814,97.7392321464532,0,0
"969",0.615944221416488,0.163502378350357,0.696052220817772,0.111085491574137,92.1617049658724,92.1102822098492,0.00406023976393044,0.0637200107025292
"970",0.121870399822365,0.832573233251576,0.74518800960877,0.977687627721927,39.3011434875322,39.0827908602351,0,0
"971",0.370479191328515,0.749495872847619,0.4767161002598,0.924074724189821,54.3941168848945,54.3648492240192,0,0
"972",0.278050818498596,0.671820781646762,0.529740094790352,0.15068726936297,67.5247695573199,67.5183492999765,0,0
"973",0.342368581175688,0.385170059783501,0.370755123025272,0.303545179549372,67.2038800503223,67.2220958683216,0,0
"974",0.0817390749624465,0.380129951874143,0.482845025734743,0.554741267957375,41.7193742226508,41.6576156457475,0,0
"975",0.525284401569399,0.484075297466479,0.675246637525153,0.336472586792894,77.4829548874983,77.4973593726896,0,0
"976",0.795011838453123,0.211163818260073,0.515463622060721,0.781679635265842,81.8524222416997,81.9615150731927,0,0
"977",0.364552154375357,0.969277856042376,0.584626768117887,0.48121020975674,63.7364363114926,63.774523040611,0.0366162382997572,0.191353699467131
"978",0.297640235169791,0.518422078742529,0.0347951028405223,0.82944148252334,52.3674547062601,52.3788253106999,0,0
"979",0.456321153347963,0.451192949963966,0.458461182462634,0.955160427582334,57.948860623274,57.9457512630228,0.0929408617084846,0.304862037171709
"980",0.317163597476319,0.473056725407252,0.530498960980098,0.309077316588606,65.4694874800302,65.4756671136312,0,0
"981",0.861540167927509,0.842805552369333,0.0874136046858039,0.524567580730189,96.8233239415795,96.7524237451486,0,0
"982",0.78887109647016,0.631042319536791,0.345640914354241,0.96512958399253,76.3059760228816,76.3468689089554,0.0335527511779219,0.18317410072912
"983",0.476376741265296,0.207842888452928,0.476369645574014,0.858149252614006,60.9072072224591,60.906399017252,0,0
"984",0.0674572934670141,0.00661707788216881,0.825501537782606,0.858634951878223,35.7466100113188,35.2993939213626,0,0
"985",0.671872300532879,0.945494634832255,0.833991174977622,0.670353562461911,76.3692744096661,76.3287574791369,0,0
"986",0.860615307235275,0.218259692105581,0.30254354606499,0.259970091047813,108.072098476322,107.965583029061,0.0500493904110044,0.223717210806421
"987",0.791388096941286,0.651796392575488,0.939324382748688,0.602399382605683,87.237489546429,87.2599126500666,0,0
"988",0.727253206774942,0.420358981622849,0.883439267136855,0.65303834554716,80.6030945120944,80.6226137452618,0.02354292338714,0.153437033949239
"989",0.404073886584141,0.485956852321047,0.486586057492066,0.758844650041079,59.3779004250438,59.3718379245918,0,0
"990",0.134317481471458,0.679260612433543,0.245083416032139,0.87694678682182,41.6098348373737,41.7045469148748,0,0
"991",0.217874075836735,0.169568023115629,0.468163002670859,0.378913756474853,56.9810511592732,56.9712824569009,0,0
"992",0.441615699717309,0.462873157508438,0.917170943304431,0.931359333353699,57.7526176699652,57.7629282241289,0.025012124911882,0.158152220698547
"993",0.0518382594897412,0.796343233021558,0.601866041426314,0.114912680022186,45.5892442134557,45.2476470980832,0,0
"994",0.399146287575248,0.871761223328416,0.289930176022928,0.727885148043744,59.7633381756497,59.7448910456063,0,0
"995",0.685258041456575,0.187648499912466,0.331662413057871,0.952909983668127,69.7844021658167,69.8050271591986,0.00220540468581021,0.0469617364011405
"996",0.545154384429101,0.509507267430308,0.884414052290609,0.582772446215269,71.2747363239842,71.2801405209552,0,0
"997",0.14140976338461,0.674022607374354,0.951793156134081,0.857308568440611,42.470581489599,42.2755531948596,0.0688396508339792,0.262373113778793
"998",0.794318318766193,0.43955736856116,0.105678506470285,0.0731779711437412,109.338074976595,109.368554403978,0,0
"999",0.170461414547055,0.547111984722782,0.866625323890708,0.397406563099357,53.0256185043126,52.8931134239917,0,0
"1000",0.577827271922841,0.312346061629127,0.692002752687084,0.868263979663258,65.8785221879873,65.8974058628799,0,0
"1001",0.814027767106425,0.0668748805730138,0.29691093471332,0.529941727091791,91.648158570695,91.780930548101,0.0584170724032447,0.241696239944366
"1002",0.0419397884228965,0.476064273596508,0.0840075438925996,0.0517644994626753,44.8766309405092,43.8776411256416,0.0404514614492655,0.201125486821699
"1003",0.695205426112283,0.589768266275059,0.2162840768639,0.74718519079627,75.5853483543234,75.6290247589573,0.0613272845512256,0.247643462565087
"1004",0.532318242345005,0.5807888262216,0.61310372274078,0.0859094528359128,87.2205789391984,87.2388018523251,0,0
"1005",0.225269683624734,0.239676700170268,0.837224057584186,0.0352186210450018,67.2271872142693,67.3009477581886,0,0
"1006",0.42837463955686,0.327952500191284,0.882920671896893,0.424757466885378,68.9998550387648,68.994758697873,0,0
"1007",0.851079985647113,0.94706531665416,0.8484347762455,0.820101463509491,85.8740164568096,85.357877409256,0,0
"1008",0.529470571666374,0.752932322732289,0.711916401028633,0.131089684360661,85.2079614055999,85.236137230906,0,0
"1009",0.178711474781274,0.924739003529306,0.951028957718401,0.34683697218122,54.835682607864,54.9767592855596,0,0
"1010",0.279555478947819,0.801102738390444,0.000522493869881146,0.759123260676279,52.6912738524754,52.6894325995369,0,0
"1011",0.414145303893019,0.059115009183879,0.312546258887043,0.240296797455638,73.6568165913045,73.6386949083563,0,0
"1012",0.676934225835605,0.450031599582988,0.11528977498319,0.60039662423823,78.5742830144539,78.6140300823003,0,0
"1013",0.128547610835289,0.440374467988615,0.728233583892114,0.170436874795123,54.5703947124347,54.7256769568717,0,0
"1014",0.707158420308377,0.650277713967371,0.454604937678669,0.773850008790148,75.6919584914779,75.704356372156,0,0
"1015",0.055400480353157,0.307634857578319,0.165220112001407,0.653895347491838,36.8471672824173,36.7964446646625,0,0
"1016",0.660426113754627,0.734985400639591,0.63582624845067,0.469101151689538,81.7516234358839,81.7586305317672,0.0192975198151544,0.138915513227121
"1017",0.618565595934284,0.729312492512749,0.169894848988974,0.41758722111478,80.5620283362293,80.5677548424483,0.0724246811587364,0.26911834043546
"1018",0.355861825892003,0.662479312277399,0.211867375388741,0.0236786737185903,77.3690149466175,77.3837650701791,0,0
"1019",0.517591675906326,0.931308324911166,0.508163122406346,0.129584553035907,84.4134936857456,84.4203661397717,0,0
"1020",0.311629455261165,0.140044064411777,0.446221364598605,0.976895726759452,50.5431817262393,50.4882190502466,0.0147924824850634,0.121624349885471
"1021",0.669217937554582,0.709894395357347,0.882279058719287,0.191872190705966,92.7669352623427,92.8069636961814,0,0
"1022",0.114640600582701,0.114835159390932,0.856445193347754,0.181156653936021,52.8434680976807,52.8709246095545,0,0
"1023",0.336452472052421,0.789121311221155,0.759423172715236,0.967102997694747,51.9721475719274,51.9369614844954,0,0
"1024",0.952791891952627,0.73998842711281,0.109344414213672,0.200316640322213,129.399277071395,128.585635406243,0,0
"1025",0.0342407552560326,0.198430270595476,0.941897514715441,0.359538534442079,37.4764330642294,37.727176139693,0,0
"1026",0.650358187298523,0.0249894430327695,0.876798899206449,0.0596197677979944,97.1707835512329,97.0786664402282,0,0
"1027",0.931309160159901,0.530816915013944,0.0500452357243048,0.393081856698147,113.470002559656,113.277945483553,0,0
"1028",0.05737305739976,0.380931910244049,0.416543284313986,0.0305304824241903,48.5094072442312,48.3038986848733,0,0
"1029",0.146518090079539,0.727665445731021,0.873697982319398,0.445875708686537,50.0300778348431,49.9865918550846,0,0
"1030",0.458848821432446,0.323390980016557,0.570072901475593,0.733642688940978,62.7728780553683,62.7770389272008,0.0335227871546522,0.183092291357807
"1031",0.457514130463242,0.371978497299366,0.678438416045625,0.429981771863182,70.5237135206639,70.5328931762936,0,0
"1032",0.0862474797432078,0.549579463350936,0.28084218674642,0.54111459028034,42.4394585560258,42.4340489267519,0,0
"1033",0.909552217781194,0.522611108882469,0.628562751483172,0.282992154479492,114.735842965665,114.796289312518,0,0
"1034",0.218388451978564,0.112353963727364,0.166585018558078,0.968262576581328,45.7003452594631,45.691971825439,0,0
"1035",0.438872362961643,0.605435513791861,0.907342000832898,0.156277582238428,78.250112996633,78.2504968670942,0,0
"1036",0.968466468821745,0.615312412697356,0.943271943830187,0.801902416545083,107.030612982353,107.113574934987,0,0
"1037",0.768380007065251,0.873845869623474,0.174891539701261,0.879869260065141,76.966829969969,76.9467208614114,0,0
"1038",0.748040933018783,0.921128231856856,0.528673117270227,0.217995268022525,98.0514139783804,97.7807504046694,0.0220221416093409,0.148398590321273
"1039",0.14536977993045,0.418788587123854,0.573007629731786,0.681661546908203,45.5343096870365,45.5093184401813,0,0
"1040",0.492656027928693,0.21855492264824,0.648713427358074,0.530193252729718,69.713207148363,69.7083115173144,0,0
"1041",0.609440435532015,0.635877937127487,0.117000459563453,0.844481122830999,68.0190997337973,68.0182140557324,0,0
"1042",0.448767037946149,0.598148276155465,0.743146828258992,0.742014431997319,62.081176574197,62.0905560349835,0,0
"1043",0.367895002476289,0.757060624649632,0.925627215424902,0.956514658151311,53.7120058257364,53.679680340479,0.00412117992527783,0.0641964167635377
"1044",0.0109641590084648,0.760496016707737,0.390546164114145,0.70545293756458,26.0208344017402,25.2158157429276,0,0
"1045",0.346246769429534,0.120461168330978,0.12461143239087,0.870884954688023,54.1308983181665,54.1590739267731,0,0
"1046",0.338532331630122,0.61347981629218,0.208486715180567,0.766564126663376,55.7724867266118,55.7725744761801,0,0
"1047",0.862017078179633,0.133085837873979,0.832084559416631,0.288432751887827,107.127498023066,107.021266917918,0.119739015819505,0.346033258256349
"1048",0.365418270156835,0.854213517201715,0.90069350190775,0.0795811819292139,76.1019430825184,76.1508339302869,0.0845638266764581,0.290798601572391
"1049",0.594469664160512,0.622120796216768,0.760378733876511,0.426849441240658,78.8635550631467,78.8561464359307,0,0
"1050",0.124450062168762,0.287189885664266,0.531907093119575,0.782484707610565,42.252003296077,42.4399513429979,0,0
"1051",0.247595181375393,0.657409933703719,0.672782944206032,0.869021948740003,49.0070887534565,49.0184820168902,0,0
"1052",0.220386654661037,0.289628073708853,0.435791056647548,0.0508875543504255,66.2584849262577,66.2883900261363,0.0222846977412701,0.149280600686325
"1053",0.976733049415983,0.78522173685173,0.647555904167239,0.37642701516964,130.094000169622,130.697541971336,0.00401955132838339,0.0633999316118195
"1054",0.498628243893152,0.249651708491147,0.317697139231139,0.903896845751093,61.0212463237219,61.0091788088122,0,0
"1055",0.299378162504174,0.331591796648223,0.183846192518831,0.978486673978507,49.8689939909543,49.8547090779453,0,0
"1056",0.213784012259799,0.867283658199478,0.33211049901892,0.678715928471182,50.3492228877251,50.3916656715039,0.00449474214110523,0.0670428381044928
"1057",0.0432445692734327,0.101454245435423,0.463162262869882,0.203466465887148,42.101676737924,42.1548269515861,0,0
"1058",0.0421202596814837,0.64721689510392,0.399364993349067,0.266345533341169,40.7063550183302,40.2517432895717,0,0
"1059",0.329294151398586,0.126765445604105,0.791119389251573,0.111974279145594,72.4411283802225,72.4112992118473,0,0
"1060",0.582751105609583,0.930928616853431,0.410685611419845,0.868839406981133,66.0829631777845,66.1361993477284,0,0
"1061",0.334803511221311,0.0417148721623234,0.644797220232082,0.946166902455268,52.2492442607337,52.2133668110503,0,0
"1062",0.542459413711447,0.401014616993954,0.175460427842685,0.410416225660709,76.0376825796779,76.0393854421102,0,0
"1063",0.305332843761542,0.882285943671828,0.550447559262975,0.849188449524925,52.4811405143188,52.4661887536406,0.0768257103627548,0.27717451246959
"1064",0.303369715648238,0.756298198426957,0.339291646444355,0.347637502516038,63.4914900270915,63.482954129036,0,0
"1065",0.167140625464381,0.916083670112537,0.206485617187456,0.594873788493918,48.6969124625476,48.8996548933009,0,0
"1066",0.815290558326058,0.876051230542478,0.489038102304679,0.353136895661708,98.6950921015753,98.7918535463584,0.0417097270255908,0.204229593902526
"1067",0.915646836181055,0.386798342901981,0.838995321311755,0.50666389700037,105.68632789122,105.799727699339,0,0
"1068",0.382095479394542,0.964156075957115,0.180686488245963,0.906530166777899,55.252355831979,55.2282018362189,0.121312675648369,0.348299692288651
"1069",0.569838749908144,0.0947073551142821,0.0225111294728704,0.790982347655576,67.1287229579501,67.1728916976044,0,0
"1070",0.696337133345427,0.978882872847607,0.699425265438505,0.824915480524069,73.688776101498,73.5627581273004,0,0
"1071",0.614351830195752,0.0421817083742935,0.110665362419328,0.267509162046481,85.5435960069676,85.5799146326709,0,0
"1072",0.48409598761925,0.848813450020039,0.142220443507307,0.964565602015471,59.0456363685874,59.0780866315418,0.106240550638177,0.325945625278476
"1073",0.0398916672429768,0.574564241199754,0.630715435943799,0.92782188135304,31.1803130815092,31.102967501439,0,0
"1074",0.100714579922729,0.987444019703777,0.265130677333917,0.34557640062843,47.6291967678781,47.5474654942196,0,0
"1075",0.322388981683762,0.836299246174749,0.16497933881823,0.633322685361723,57.6756074399767,57.6649213458304,0,0
"1076",0.756200649807695,0.055551679156255,0.848936094027828,0.842185121202376,77.2477188331958,77.3428018144556,0.135679783648811,0.368347368184994
"1077",0.482862152314745,0.641413655140204,0.176872525295708,0.672188170400681,65.4158854877837,65.4097514923735,0.00634692481253296,0.0796675894735931
"1078",0.0609405508723576,0.54048439937667,0.293260002769181,0.866951728136861,34.8357700753993,34.6009848530508,0,0
"1079",0.525595972073148,0.842047606436303,0.8265630723004,0.623589308207738,69.0731869723486,69.0562494171064,0.0589038245379925,0.24270110122946
"1080",0.951740360935219,0.397878978330758,0.27318677890487,0.766221230851486,102.956329102416,102.440975725608,0,0
"1081",0.187297709186678,0.851910697964835,0.110100095905713,0.363049237047089,55.0351589199004,55.0726917926482,0,0
"1082",0.495080481054611,0.911963295199908,0.406849927003263,0.435780644884333,72.5019038708335,72.4717440800673,0,0
"1083",0.150274565330357,0.145196335138753,0.294286459369003,0.274674146305886,54.0667562969484,54.0885754059941,0,0
"1084",0.822253041118733,0.863597485522623,0.0276928175308276,0.255545231528464,103.457001867937,103.752529848804,0,0
"1085",0.864029203834594,0.746503061403404,0.340585221428191,0.764094870608882,88.8706316266069,88.6584638896597,0,0
"1086",0.647855797761469,0.392396526305005,0.541346682502539,0.857571513725095,69.9410153339005,69.9281832151257,0,0
"1087",0.88402425092645,0.588701922074775,0.239565875229659,0.585345406109234,97.4574264199795,97.4791964888799,0.0113852084614337,0.106701492311184
"1088",0.0379143398342421,0.498315452314215,0.0453053869188298,0.38408166526875,37.8318173935699,37.2393200677447,0,0
"1089",0.185140678255819,0.459703071515774,0.394287142534042,0.888850711105508,44.947528291099,44.6863007392436,0.004090775270015,0.0639591687720768
"1090",0.85632523100602,0.857303732293774,0.748232707126648,0.668711716272635,91.274983374391,90.8635884811025,0.118984140222892,0.344940777848738
"1091",0.816288927302114,0.823479705389938,0.88609447943978,0.386417567702942,97.5400227576005,97.565281489196,0.00501584797166288,0.0708226515435766
"1092",0.242905802153167,0.419325514956145,0.666336203092593,0.462196001910255,56.7695532235834,56.8094992052311,0.0466900522587821,0.216078810295647
"1093",0.879550205649459,0.322733790641534,0.182334497674368,0.563510163435712,97.6557636576398,97.6344456010273,0,0
"1094",0.372746854088618,0.482228679273394,0.834423801466008,0.321186038675602,68.6533361286624,68.6594918671154,0.0589668109314516,0.24283082780292
"1095",0.0885157871715492,0.138475884993095,0.865670111657353,0.643052414566861,41.0837185819076,40.7498011775958,0,0
"1096",0.5466086704185,0.829423417873215,0.0460606416318333,0.432023374472861,75.5706231653102,75.5577499077914,0,0
"1097",0.267223567264271,0.86401360289345,0.0614176492962288,0.0223141510168789,70.8469657083508,70.7235547097175,0,0
"1098",0.852061820951058,0.271296172654838,0.627717049834435,0.518797986589489,96.1529314017932,95.995166023419,0,0
"1099",0.51648571591475,0.381568080570549,0.407467107463977,0.00546636644634418,89.4988772966297,89.4625358052489,0.00102649547625333,0.032038968089708
"1100",0.975599643926485,0.400147077797097,0.772870709594339,0.356021624234738,130.628841188866,132.256881619063,0,0
"1101",0.924707075163489,0.473764186954359,0.665055235167267,0.713603780346341,99.1981915377139,99.2726304142632,0,0
"1102",0.166155430722632,0.122493189652218,0.391961973583442,0.801390706343926,45.0691240970318,45.1146742523858,0,0
"1103",0.875062259437866,0.991931818371522,0.835286070110975,0.377354820917943,104.878537383319,104.459323473017,0,0
"1104",0.0641005442312453,0.209461848187959,0.137120215474162,0.297957483461476,43.8997460947901,43.7053317309066,0,0
"1105",0.738252467469778,0.939605056058033,0.980776540139224,0.281780720267911,94.5980759457945,94.3538832288502,0,0
"1106",0.913980780640617,0.729616992452182,0.868482925079064,0.199861050188425,120.009071655055,120.129648706768,0,0
"1107",0.985602252430166,0.0162583384314785,0.155058571902686,0.416344699629466,133.762300847862,144.265938543135,0.123734741471708,0.351759493790442
"1108",0.120623572360957,0.721942215410061,0.633770722850109,0.406655593325035,48.4739585195219,48.4860001450586,0,0
"1109",0.508852445497294,0.18026252722519,0.569393561303965,0.330100420149509,76.6556326765482,76.6494192710811,0.0125547052593902,0.11204778114443
"1110",0.848102706792648,0.54761110331025,0.279525986810448,0.351740300571546,102.323667263483,102.28901874974,0,0
"1111",0.809075385316508,0.927773945676396,0.299015306147281,0.00711271467083134,114.740554494913,114.821784373623,0.00972973159514368,0.098639401838939
"1112",0.0720175451969262,0.341985461451579,0.967789968033903,0.442171661642613,42.4445677732517,42.3290685394691,0,0
"1113",0.0548350533213234,0.123703672474949,0.533135557259549,0.502566418974311,39.0077866298254,38.8563844503323,0,0
"1114",0.361100095181377,0.494727865064167,0.325813679041807,0.982439864659798,52.8634847493563,52.8612195137237,0.0246413372224197,0.156975594352815
"1115",0.825042058493709,0.165780055812793,0.0255153527715011,0.367753979399917,98.8897482142463,98.9463506034636,0.148297268315218,0.385093843517679
"1116",0.552259007956367,0.577854172991822,0.340394293827936,0.151619852581411,85.8516272505171,85.8701557809647,0.0334353463258594,0.182853346498935
"1117",0.208156976772239,0.772372326721554,0.80712045509147,0.154718021037523,62.1543486931959,62.2001620906523,0,0
"1118",0.682755765437032,0.944373435897054,0.275240307769622,0.757409477386042,74.5358797827934,74.4795743376015,0,0
"1119",0.678924614992924,0.895618399898405,0.538388177708373,0.564071898112539,79.9359338234323,79.8959534138955,0.0138034276897088,0.11748798955514
"1120",0.826495941601228,0.400972489829874,0.548579780606087,0.952276140231988,79.7271822470506,79.7721121892092,0.0493025842588395,0.222041852493712
"1121",0.572215326336795,0.712115373035544,0.432904201099416,0.387672856063349,78.6733528583906,78.65839998065,0,0
"1122",0.155187062608195,0.858107240076643,0.178614279939095,0.944213782479288,42.1355979396113,42.2413079898995,0.0629707750631496,0.250939783739346
"1123",0.556448616003967,0.275039282339741,0.665687976902351,0.215798621483729,83.7406458681997,83.7461772143984,0,0
"1124",0.506737217096263,0.220606513492647,0.910279367191601,0.752969449019292,64.8556566809383,64.8722627484403,0.0228178624529392,0.15105582561735
"1125",0.411899459457374,0.92077308292489,0.701143175720703,0.79855722792109,58.9595756408289,58.9516250527998,0.00483372411690652,0.0695249891543071
"1126",0.240407062016195,0.406389404021902,0.373493647459545,0.159493131602649,64.4658195927799,64.5092133800824,0,0
"1127",0.472262761314283,0.0951190203435253,0.00580128471821081,0.482897195296711,69.7176286987859,69.7314497578153,0,0
"1128",0.755889483971405,0.257660288664978,0.816526487527764,0.916277754021692,75.2663807142492,75.2885112474573,0,0
"1129",0.970811161181307,0.974644497190136,0.472489966442576,0.471558864123188,122.080475188167,122.713561416591,0.0391456341603771,0.197852556618248
"1130",0.048379036179278,0.294805503484909,0.22814099566231,0.436627194550005,38.9813188665971,38.8371698537795,0.000269023585133254,0.0164019384565744
"1131",0.265213548622094,0.388472641676082,0.262378586724401,0.775658240064862,51.6189639347127,51.639433144168,0.131566171185114,0.362720513874131
"1132",0.459221481810091,0.0936113379463786,0.845327537236852,0.401792805221747,71.4720726718249,71.4634150753467,0.00153221888467669,0.039143567602822
"1133",0.948980520738987,0.364263882524916,0.686538471834851,0.992109966568183,94.7225992124643,94.3401787591123,0,0
"1134",0.386773286029464,0.72622925443016,0.0444966605840018,0.444639644918614,65.8756076972356,65.8875257382451,0,0
"1135",0.504336577618378,0.888578385695349,0.179292115630116,0.175807478978997,81.6555363391812,81.6833248518063,0.0537542261881754,0.231849576640061
"1136",0.072948089850368,0.50155982430384,0.24486536632909,0.226649437245913,46.622314359121,46.4977283531101,0,0
"1137",0.810302531406749,0.742179812473478,0.779272060431773,0.961374233305221,78.1666619595895,78.1979396349816,0,0
"1138",0.130203988107503,0.505092303040321,0.541633465531166,0.388115238833125,49.7493784977186,49.8277161237406,0,0
"1139",0.11856299976341,0.581990887344116,0.841297467234777,0.761804359970149,42.0926820509417,42.0447003669822,0,0
"1140",0.897006077196798,0.44283332303958,0.366388766722404,0.551778924867045,100.641079791831,100.713636764644,0.0690494731534273,0.262772664395342
"1141",0.695898104915977,0.690430053436197,0.434214502793155,0.0757159491331549,100.01418991675,99.9900889827336,0,0
"1142",0.14190516111406,0.000176834193174727,0.88171610123571,0.390666006351705,50.779185533809,50.5705498963773,0,0
"1143",0.769821841507335,0.90794790877332,0.414036675319425,0.823418512274395,78.672750102823,78.6382313770987,0,0
"1144",0.733892570983968,0.317322669348447,0.33836992453353,0.456210601855419,87.4136658123044,87.398516853511,0.0658130043884739,0.256540453707547
"1145",0.645235445815953,0.660533652898855,0.640372092977166,0.283156895034481,87.283255873547,87.3032618882,0,0
"1146",0.62510051869764,0.458576910865377,0.810278163503157,0.0264250153981848,96.7321917013188,96.6444384143984,0,0
"1147",0.430855761309504,0.404659445725149,0.778582340841997,0.0330061043259921,82.3954718445807,82.3188037447736,0.0216771584236994,0.147231648852071
"1148",0.868693390241242,0.551788088203524,0.216624561277917,0.197404887371114,112.204823667403,112.289517432234,0,0
"1149",0.632538239793503,0.828075402352842,0.0230845063240267,0.80474461906543,70.2438677383919,70.2689793022587,0,0
"1150",0.373180951950257,0.0484988407180645,0.566492326030857,0.420007430294761,65.8509730745695,65.8547575719917,0,0
"1151",0.420238327123108,0.657886329737143,0.434683575802832,0.709525025527924,61.2929212398465,61.2787158338403,0,0
"1152",0.940675556613598,0.317922682087636,0.464925018555485,0.314630114555825,119.852257987586,119.410089403933,0.0155865187989548,0.124845980307557
"1153",0.0578754963027313,0.454182609910611,0.121441517316853,0.89021937309159,34.160149454417,34.0511866263922,0,0
"1154",0.462865269206115,0.339691124501056,0.984131881051813,0.176678813149105,79.0917644575806,79.1380255375348,0.00603486772160977,0.0776844110591679
"1155",0.14828554825671,0.294045529417926,0.657111736425548,0.408617271125782,50.9380524936518,50.9144123795699,0,0
"1156",0.978025370567921,0.680261728193611,0.804135836880188,0.559648856607033,121.615232359904,122.286197519579,0,0
"1157",0.0996512716133147,0.720764600051916,0.960907281417283,0.273217971217819,49.0756707347568,48.9499338013237,0,0
"1158",0.421821757662343,0.617193351245835,0.710704891691101,0.524197839902365,65.9031413856982,65.8812570649378,0,0
"1159",0.741291882187827,0.221268920115777,0.879590110871708,0.389088968791766,90.5955761066225,90.6106348139208,0.0953784988960251,0.308834096071054
"1160",0.215416933146422,0.328327755808947,0.881319500045502,0.286341464745696,59.1406527612579,59.1764678920966,0,0
"1161",0.0385762495140079,0.0223778234684141,0.0732824272607686,0.49481271356123,36.2909607898421,36.5983633397266,0.0305482125841081,0.174780469687285
"1162",0.389668154392391,0.0458622988262214,0.37480716944905,0.832724206128623,57.0970600653272,57.1306436588349,0,0
"1163",0.443548946783063,0.137886006635847,0.561672453801497,0.710191779211629,62.51298939679,62.5084251158526,0,0
"1164",0.266771595253726,0.221540627748589,0.871700118336361,0.955806918462506,48.6168622648778,48.6134766007157,0,0
"1165",0.320702523045591,0.131467934444896,0.703517185776378,0.742592383957584,55.3637227954508,55.3201213597226,0,0
"1166",0.393627360158949,0.200186923942063,0.954791905932594,0.487890937743825,65.2795362907877,65.273074626236,0.0130602713907138,0.114281544401158
"1167",0.599500692520407,0.634941489803721,0.931640130233718,0.0630720858953428,93.1120577397537,93.0842548180686,0,0
"1168",0.933291789765586,0.591396653454052,0.732388748787576,0.400575014590635,113.937774299473,113.85671598309,0,0
"1169",0.674657348904759,0.184072571200435,0.392386985567631,0.684867419350776,76.0522988280307,76.0204127235154,0.0493462670128792,0.222140196751689
"1170",0.660681883016718,0.653167934048222,0.616617031551199,0.00561940833739936,100.551543419716,100.480921070416,0,0
"1171",0.649712870926596,0.654240612529102,0.0100116475345567,0.299514382524183,86.7603921660373,86.8590107721824,0,0
"1172",0.668875180702424,0.845226956544211,0.144095763631747,0.556127711705049,79.4036640852553,79.418350869276,0,0
"1173",0.631623001193279,0.527855670974124,0.660055023870547,0.929818696244387,67.3446603403948,67.3320683061664,0,0
"1174",0.446353168481612,0.780158107495983,0.194786105344887,0.365553270212142,71.6689371388267,71.6606834151551,0,0
"1175",0.432739689434064,0.422460933897877,0.271460649337736,0.689186771547422,62.384670310136,62.38600742187,0,0
"1176",0.328398943918524,0.363265611583367,0.66361796879652,0.975538744967896,51.4205072815111,51.4099909572706,0.0157717900583521,0.125585787644749
"1177",0.697478537873481,0.427269188094302,0.419148030304117,0.119946673316066,98.0663089380911,98.1285701799075,0.0694637559354305,0.263559776778306
"1178",0.786931265357765,0.493809296114137,0.969038144183927,0.98770508717082,75.6979508776673,75.7204798014438,0,0
"1179",0.76573620876926,0.610173902669107,0.114100364526035,0.619180907778442,84.3436485178921,84.3476293937359,0.018627732177265,0.136483450195491
"1180",0.194625425031874,0.973526401333045,0.483077434362262,0.256306718021166,58.2728991166327,58.4176238507843,0,0
"1181",0.928836815170129,0.793975506372517,0.691073839783785,0.173275984667242,124.666644790776,124.615826118929,0.049545137793757,0.222587371146157
"1182",0.90730289075512,0.161023630873882,0.466639925265335,0.876278422967298,90.8152297650541,90.5890222884748,0.0129188860300928,0.113661277619481
"1183",0.852881692563998,0.640447783284239,0.865159327605972,0.329837682955666,104.077817545311,103.947826352789,0,0
"1184",0.13963688801683,0.194800512334914,0.705807916570455,0.704541517552105,44.7121813808352,44.7501372546239,0,0
"1185",0.404513483002083,0.856331242843415,0.68255287873419,0.538729169760481,64.5571442261366,64.5292340783104,0,0
"1186",0.358532417759299,0.801723682317766,0.849012747171102,0.401220916093909,65.5231370641952,65.5589350184717,0,0
"1187",0.397366066038026,0.86602785339905,0.660602773816325,0.25390783294593,72.2284839009575,72.2134283471887,0.02127124753315,0.1458466576002
"1188",0.44334492537973,0.441551809095661,0.0485755194987869,0.794490185404313,60.5337221130258,60.5609793625924,0,0
"1189",0.347483257106855,0.0179238841572078,0.85582375648804,0.0166327018466545,77.177697114472,77.1064088533451,0,0
"1190",0.654344758357503,0.183891539273667,0.0473469167810399,0.594271836230066,77.2755758612815,77.2675897355252,0,0
"1191",0.229128372227307,0.0239368735253811,0.797313578285044,0.963238487926428,46.4391749255675,46.4499921169336,0,0
"1192",0.2750849443099,0.060783424479072,0.979156428618007,0.646536717229057,54.7801202244178,54.7586560778369,0,0
"1193",0.779641422330402,0.325044065435417,0.552651519323001,0.676912806269363,83.773664950351,83.7826190242242,0,0
"1194",0.0974584579973016,0.128369173835265,0.0086712681670906,0.364447920000413,46.8578786624644,46.7861600019428,0,0
"1195",0.312775388941518,0.0514409483791096,0.728506955809542,0.376935259270365,63.3585144114242,63.2881975495814,0.0181486704386771,0.134717001297821
"1196",0.254605754210381,0.341014682476642,0.122051074713934,0.228803620235762,63.4431035623265,63.4746729440764,0,0
"1197",0.597308454409009,0.101508304377436,0.377744056330994,0.863061812172062,66.9848786615401,66.9999361184487,0.0496530077653006,0.222829548680826
"1198",0.330562604678213,0.484640630829148,0.675807119941688,0.803420554775628,54.6823781895468,54.6803604444412,0,0
"1199",0.659453200145392,0.0975184193493333,0.412991559505695,0.176235265027033,92.5540700524955,92.5377514962799,0,0
"1200",0.722958441944444,0.670054945665295,0.615897444741568,0.615671540890704,81.3925868909418,81.374366675885,0,0
"1201",0.855998520264053,0.976652669486823,0.477764162349282,0.0930980227019172,116.061418168423,116.250703864052,0,0
"1202",0.646852469700971,0.448447234274703,0.595449343828135,0.173502027720213,91.7731148867459,91.7840387235382,0,0
"1203",0.0507641816246323,0.819690235954826,0.368699420457706,0.312661298618536,41.499135667269,41.4686119555879,0,0
"1204",0.747701190695516,0.522313988125301,0.44268585163448,0.357786688249442,92.2147470278901,92.2027765332753,0.13317080179695,0.364925748333754
"1205",0.222134035432129,0.811833367185318,0.445143399774446,0.45011905640841,55.6224115988469,55.6252625515203,0,0
"1206",0.759568977416027,0.129413621482672,0.366811846715747,0.409426180091221,91.2136279155039,91.200562220687,0,0
"1207",0.7878756125808,0.0215398165306542,0.582136223722249,0.313180563080125,97.6607502447192,97.7729607918944,0,0
"1208",0.360426418803399,0.336569170651957,0.254130299023353,0.167005591964931,72.593563693163,72.6232131483511,0.0540943013038486,0.232581816365443
"1209",0.792976985408808,0.817011185448733,0.0973405083668185,0.00286653642635792,112.985085499595,112.976828252176,0,0
"1210",0.265919579220237,0.353069491886068,0.0384073076252826,0.823944619660615,50.7449715583623,50.7681143710575,0,0
"1211",0.291497858456336,0.318665293590515,0.195717239077436,0.50472173060081,58.7858525225724,58.7681361356704,0.0044806842925027,0.0669379137148948
"1212",0.0631691724278498,0.389094395663589,0.764157477964298,0.488723459526198,40.4583211847891,40.356755163152,0,0
"1213",0.100434731241083,0.873373996561975,0.934703861254617,0.802922561818617,39.8909738638685,39.5832898201847,0,0
"1214",0.0735902365235379,0.249274865397834,0.735484547432396,0.928154008688871,35.5753888706049,35.4041717514455,0,0
"1215",0.145539921659161,0.185398716092808,0.971525182481622,0.890991830452345,42.277576733301,42.287610201686,0,0
"1216",0.431718892618665,0.525679673639359,0.0165788235885557,0.42419562808529,69.0394303720783,69.0579634778624,0,0
"1217",0.591487890084041,0.989726249726489,0.719585232955171,0.456658113186248,77.7181405790905,77.7215855143193,0,0
"1218",0.527669772143359,0.0444132469727192,0.352297540286207,0.513752470451873,72.1177215601767,72.0954728887056,0,0
"1219",0.829951554558822,0.610731796074426,0.056705115917488,0.129225184394396,110.480589531388,110.654199866876,0.030995744979009,0.176056084754288
"1220",0.333865775790531,0.163094526525354,0.357103286328376,0.149196702400688,71.427672718212,71.4252673243873,0,0
"1221",0.0407771678287536,0.295570619907696,0.496737965068198,0.162693306133733,42.3698563718655,42.0476095692733,0,0
"1222",0.362093681237311,0.947600844160188,0.323724481486366,0.250296315404121,70.0429989357265,70.1340089937707,0.0442867437377572,0.210444158240986
"1223",0.653384195853374,0.311645661485032,0.724061554806074,0.0719354522966314,96.7987582335224,96.7608074402489,0.0179666269104928,0.134039646785915
"1224",0.0435513367790263,0.960379214925691,0.479916805574438,0.0404357724265428,45.524767889886,45.3106319175928,0,0
"1225",0.308328945808462,0.273172693319386,0.164334035328706,0.675177424001391,55.9973797913451,55.9766845638355,0,0
"1226",0.724407038219739,0.203479742337367,0.258350134868291,0.171319489450078,97.9461420360826,97.9896620435598,0,0
"1227",0.721441949052853,0.288334349441458,0.00620363934664056,0.309963378693094,91.7411362705755,91.8208691655071,0,0
"1228",0.115450556082535,0.74394113366853,0.733656984909903,0.616454616356175,44.1393881047304,44.1153643666214,0,0
"1229",0.987800768016372,0.422730662028072,0.422817935615662,0.163868891071528,151.765440943031,154.003523804658,0.0353656251681969,0.188057504950472
"1230",0.272438522919314,0.0901255605637561,0.981948973251623,0.32673363312427,62.1102986307339,62.1136070350237,0.055778507841751,0.236174740058608
"1231",0.986700762879918,0.917878055070993,0.148293945660233,0.0281000612317584,160.226030417356,161.033402245657,0.0477606477215886,0.218542095994316
"1232",0.920499919457361,0.20151102389826,0.993494310048758,0.843051223164424,94.060885453908,94.0067762808773,0,0
"1233",0.780240447446005,0.721244706182857,0.073636164636584,0.839043816298945,78.9188991036244,78.9918676931472,0,0
"1234",0.704773780811229,0.675026437518536,0.283607152970973,0.172669101636624,96.2450059558153,96.272455193136,0,0
"1235",0.396156050063204,0.829766897119349,0.486241046330426,0.180855078701628,74.5264737552461,74.5034200697169,0,0
"1236",0.966669575516949,0.668860565711861,0.313112327290466,0.920166787273367,101.881935610843,101.325962232952,0,0
"1237",0.42677536806697,0.848433057823451,0.611736165372771,0.945310620561359,56.7384459919139,56.7386344115879,0,0
"1238",0.0488984080364462,0.291568191619474,0.404988626703504,0.32704249288165,40.9180911269992,40.7674825165697,0,0
"1239",0.251568984145066,0.515289036160568,0.956042957269354,0.186436766711297,64.5739981528578,64.6758216761793,0.0205488038482144,0.143348539749153
"1240",0.199520555582363,0.403236222177744,0.906811507213162,0.650976483711391,49.9848913669481,49.8084584345679,0,0
"1241",0.638479340872727,0.553107717780629,0.115610677852645,0.426453044715221,81.5509148073014,81.5720871878308,0.0589818441076204,0.242861779841169
"1242",0.926929841944482,0.0350649427309399,0.776954762523179,0.435066940700868,110.97150012439,111.54115658565,0,0
"1243",0.0964168077335926,0.800995976598118,0.326609060646384,0.567541238204343,43.0931067392374,43.0630552721136,0,0
"1244",0.539806472962955,0.344317867787438,0.766087929339148,0.5483429009174,71.9104959895558,71.9145271606591,0,0
"1245",0.381229392809095,0.837248858850682,0.305906668622978,0.0701954202173511,77.4207334700647,77.4132727155364,0,0
"1246",0.248875794143183,0.553659170340863,0.619282247049385,0.217190373609657,63.4494494008311,63.4984906868683,0,0
"1247",0.22139787981892,0.939494005431887,0.798209118484287,0.437149039798533,55.9020276675554,56.0129271153343,0,0
"1248",0.195001877061091,0.0322309952731011,0.591902996796416,0.0412950626742095,64.434679825641,64.3779498729447,0,0
"1249",0.947516088932753,0.0770029561097035,0.809884491407196,0.110280586342444,133.606828304359,133.785595668125,0,0
"1250",0.401875991353765,0.590332237909781,0.238230696048355,0.180482994788792,74.850826250239,74.8350267523126,0.042046959628351,0.205053553074193
"1251",0.770768164669862,0.789569600752788,0.281905354808667,0.635547757708467,84.285453644054,84.2765949099231,0.0470002896618098,0.216795501940907
"1252",0.0311785723356297,0.0493135103459936,0.685010078572668,0.662990358097944,32.5708614175529,33.8623480510674,0,0
"1253",0.845909111079527,0.615914918284747,0.480037460735533,0.862589580929489,84.0133914719137,83.9006172535147,0.0294759545940906,0.171685627220483
"1254",0.61501175329322,0.343129808735102,0.824648224784178,0.369905028624693,82.1038902668162,82.0981663960772,0,0
"1255",0.68906001656095,0.399950383743038,0.161455033718375,0.969013349638786,69.5893862904104,69.6388286157534,0,0
"1256",0.269853874997003,0.84432236785104,0.302203464950784,0.87764540607587,50.0532890796814,50.0759518697719,0.00881162169389427,0.0938702385950641
"1257",0.162549501365982,0.673969789666822,0.52938107915048,0.0202173892897554,62.0972528072995,62.087170731299,0,0
"1258",0.450699384627747,0.12145458738145,0.751874108150601,0.917898350247182,58.4454959244945,58.4464945124332,0.0460911572445184,0.214688512139142
"1259",0.642385176539421,0.890732312867418,0.720097741949721,0.976249522449798,66.8887633789642,66.8944980720848,0,0
"1260",0.487352010993985,0.548769751934684,0.451177790976712,0.58176485474431,68.0011699835222,67.9894389551082,0,0
"1261",0.521170041384641,0.125926443070173,0.566621722067357,0.0267226113509387,88.9450623580023,88.8153279135836,0,0
"1262",0.30759472340066,0.376798227122985,0.672008022061316,0.201792880728492,68.0209756205828,68.0265085273683,0.107191387214698,0.32740095787077
"1263",0.392433344015619,0.961617435507476,0.817348645915743,0.193327426199918,73.9194904391671,73.9298180208889,0,0
"1264",0.565146515376284,0.603610896589933,0.443968300866196,0.836368860034039,65.9094280703071,65.9100615824943,0.0392784416908398,0.198187894915002
"1265",0.977461392905447,0.978470923889778,0.0756778976145433,0.467908217046759,125.324350725912,126.10007513462,0.0824395344825462,0.287122856078276
"1266",0.901367101210519,0.526728055492858,0.991767435713788,0.665635867620353,97.1827574054897,97.2470283912738,0,0
"1267",0.40965814797848,0.357828845300712,0.0680687775788829,0.47876404420624,66.2882691859415,66.2985838353792,0,0
"1268",0.451160499821766,0.0785129301970592,0.669282693238929,0.251840542854159,75.6779904284878,75.6531828437294,0,0
"1269",0.880363369552069,0.177385951017379,0.783433192122844,0.580394339043531,97.3413032077013,97.2610402142349,0,0
"1270",0.870222414124873,0.459356948216679,0.688218383115251,0.512952130662161,98.5847542016,98.4244239296285,0.0542588086100295,0.232935202599413
"1271",0.568880497407867,0.332391566893668,0.181861703199102,0.578707966540707,72.6171333792088,72.6168292549364,0,0
"1272",0.156949106472661,0.625972133286763,0.402942143413471,0.934032602255349,42.4210306524784,42.2660789350104,0,0
"1273",0.649351632896578,0.481027076094877,0.304476304599317,0.82136493516888,70.874222286335,70.8700447754193,0,0
"1274",0.311035282521858,0.773450239065569,0.858429472471122,0.61088168459828,57.6113662272712,57.6126306276655,0.0294717949582264,0.171673512686804
"1275",0.0779265629712027,0.179563209684915,0.638764347467571,0.145887166875065,49.1262124737733,49.116690988283,0,0
"1276",0.538579906906583,0.0272802861069795,0.229622207326931,0.0735157850468531,88.0589220006699,87.9298963059575,0,0
"1277",0.874790794931585,0.863092744128196,0.998840996468323,0.871723949698731,86.8999148136307,86.3222543642673,0,0
"1278",0.863667011542711,0.983193983345642,0.622004123658757,0.793868807669147,87.9691928441343,87.296593472882,0.0177235237788409,0.13312972537657
"1279",0.742440347379888,0.0680137272290885,0.13241207735159,0.0120010897140019,107.272581711527,107.29143348509,0.161935971700586,0.402412688294724
"1280",0.0953562820662046,0.718404553761822,0.0996892774150474,0.957084886332974,37.3187627605188,37.1818189093809,0,0
"1281",0.745230616442161,0.025241501737386,0.915620159938815,0.474088641333627,87.8153254829959,87.8195573213201,0,0
"1282",0.107309394492535,0.695090922884876,0.016271872208803,0.208405316359247,51.2909378738699,51.2866085845947,0,0
"1283",0.623707057420048,0.701702335733455,0.0831840343268122,0.0363316712313099,95.88465375994,95.9070462979212,0,0
"1284",0.511937507886207,0.463909357753582,0.130726520547643,0.253436511498876,79.3252825054507,79.3716949523988,0,0
"1285",0.624624572128523,0.585845212632557,0.832976329736994,0.809794880618923,69.8365740811733,69.8276962696448,0,0
"1286",0.205434386155684,0.0674189113213215,0.131986499712802,0.577769741747761,51.7257970563557,51.7038440896488,0,0
"1287",0.708399618010153,0.318003142397152,0.0208347919557709,0.731221172901336,76.8177611788445,76.85334183099,0,0
"1288",0.147469067153055,0.237292955405312,0.98121256175451,0.160552175233373,56.7170497950295,56.8034821096764,0,0
"1289",0.224141545553459,0.276753704424948,0.43693122490705,0.673201808859012,51.1213178756255,51.0873067939469,0,0
"1290",0.909206604731851,0.889486560770776,0.963197744706064,0.0133141119050561,130.066700579738,130.101466764564,0.081437639077194,0.28537280717895
"1291",0.789736552460585,0.640954173996579,0.489736419600784,0.477125608326634,91.3725654909725,91.3849627760324,0,0
"1292",0.847478488354944,0.173840799518861,0.406018062188989,0.636241557051195,91.3300111498747,91.2772812192975,0,0
"1293",0.0112574252423365,0.843157618341269,0.0436182954312535,0.644734864196507,26.7407340533289,25.9138850203882,0.000942857819609344,0.0307059899630242
"1294",0.0812783086543204,0.104091142516583,0.181460926468368,0.856801180453738,37.251803485817,37.1693814130394,0.000565557740628719,0.0237814579163835
"1295",0.842681761663058,0.242062893472146,0.226070795631153,0.428172694425448,98.4777643596615,98.4077900046549,0,0
"1296",0.871938990251394,0.466722143552266,0.746291163889458,0.148011425529839,115.506791502918,115.390168370881,0.09832562005613,0.313569163114184
"1297",0.246994549164549,0.664588573361747,0.574995351612917,0.532618159401813,55.4484153990664,55.4621764428937,0,0
"1298",0.686088166292524,0.286545785733964,0.561016780926147,0.249647642098367,91.6026578380757,91.6371422558584,0,0
"1299",0.256749293583911,0.655670801605214,0.704800130198011,0.696177815444418,52.685986790928,52.7206976772638,0.0822597574442625,0.286809618814053
"1300",0.985256336436491,0.593442791035632,0.997673220866127,0.968547111424617,109.183001332098,109.900562369857,0.0807544265408069,0.284173233329261
"1301",0.207371981178294,0.356755829673959,0.427218235914479,0.403662330797873,55.6409503465877,55.5702747510346,0,0
"1302",0.455572452832945,0.151835289737093,0.888377821308794,0.214200464625494,77.2761219691839,77.2773403427445,0.0291536636650562,0.170744439631445
"1303",0.973723454424995,0.0569609538044315,0.840563180533471,0.969666874583345,102.995061625863,106.642552470131,0.150792605476454,0.388320235728778
"1304",0.791776394919725,0.946922301365063,0.719285917163244,0.183469985062256,103.87179618173,103.851934149237,0.113478028681129,0.336865000677021
"1305",0.645877390940324,0.436869131468469,0.639276984752156,0.505856353966752,79.6025157099272,79.5772734158896,0,0
"1306",0.764366957584745,0.165337095259572,0.403019106271677,0.0247783012595028,108.920842865243,108.901173316939,0.0252115110633895,0.158781330966173
"1307",0.0157022159533808,0.378410080656176,0.64605805963499,0.796349782071775,27.0216619415266,27.5058449674622,0,0
"1308",0.143583290855517,0.990437710146187,0.105099216728238,0.726877526324009,44.6014195360785,45.0635419257879,0,0
"1309",0.250898086362286,0.215478076549945,0.670274532211712,0.100354107368621,67.1267771938783,67.1680023592008,0,0
"1310",0.946631968725007,0.766729076085612,0.50172072179988,0.783243228859385,101.162165576155,101.126805253565,0,0
"1311",0.127789837171789,0.159088883105898,0.358043382387841,0.00305170795368031,58.9853279398151,59.2687048984399,0,0
"1312",0.346597698343918,0.582670799845248,0.911499107797514,0.44178721401561,63.7365461646481,63.7521174459348,0,0
"1313",0.175263144592755,0.984707137726829,0.502207770742825,0.809398831590079,45.5697305058741,45.8587571599277,0.00907355872914195,0.0952552294057494
"1314",0.327493090527481,0.807204690745217,0.431881036478677,0.744389393220772,55.6643741498809,55.6484561433418,0,0
"1315",0.137873435843736,0.015748821599409,0.570654733334784,0.218088647999684,54.305840958284,54.2128917985028,0,0
"1316",0.500251542498241,0.912551728546037,0.961704965928337,0.0127687394813402,88.1489557072731,88.1494929425587,0,0
"1317",0.0957452953092288,0.913001079235692,0.336492787547642,0.80238859042339,39.4288828676125,39.2949386915258,0,0
"1318",0.0249730329322629,0.512679608029081,0.817537042186246,0.268254166010534,36.5418255233536,35.3503037300632,0.0378329280065373,0.19450688421374
"1319",0.800381086069508,0.563242272648844,0.55175050244818,0.103256944001536,108.68298130641,108.674385078723,0.0883488465333357,0.297235338634786
"1320",0.960703682415187,0.987812962481054,0.816112937146565,0.106752154294634,138.566354905187,139.028687310956,0.0508653201395646,0.22553341246823
"1321",0.259586522937636,0.944700641473639,0.653255131924059,0.0422124201545957,69.705013793788,69.6076660150016,0,0
"1322",0.665589421048062,0.714709388319869,0.445823884021724,0.953057102872292,68.6674514134308,68.68215340316,0,0
"1323",0.587221013566479,0.765046040807152,0.895921779318014,0.836651140561444,67.1361856075661,67.1742139780065,0,0
"1324",0.189388045778731,0.61295748664008,0.186421911295503,0.648453016278217,49.2822519837727,49.1234902114116,0,0
"1325",0.47859140959091,0.979606948255445,0.553847554435604,0.792381785399513,62.459911168583,62.492733208183,0.00654524692799896,0.0809027003751974
"1326",0.558741821133997,0.826958365636878,0.391190925725969,0.661904022029135,69.842023112888,69.8189188700793,0,0
"1327",0.0258792041663546,0.504463044533622,0.745664862040314,0.625271828873549,31.8077039587685,31.6270942709588,0,0
"1328",0.318077580800746,0.618992216353305,0.235748912478331,0.344116046837298,64.5003181962607,64.5123740168701,0,0
"1329",0.238429229649017,0.665077309592511,0.509641782521154,0.708897062472417,51.3313186354644,51.3264748367885,0,0
"1330",0.34151785454154,0.536688965079491,0.354236810998525,0.49743990933313,61.9557335888754,61.9565399460083,0.0133450082503259,0.115520596649801
"1331",0.239970620697131,0.433114897171385,0.0137719694328262,0.571403611995862,54.0904138595071,54.08993432522,0,0
"1332",0.490396292124293,0.613778447237448,0.0157714389679022,0.779613225496956,63.2454891409797,63.2537694506574,0.0928494842955843,0.304712133489273
"1333",0.587785329372273,0.0282369262526045,0.596656946016476,0.960837180705392,64.3238998749447,64.3501777932096,0,0
"1334",0.878319244495244,0.314127640074468,0.838227052760427,0.803726968713687,89.3878908604677,89.2261254890085,0.0464019448263571,0.215411106552928
"1335",0.507883138571982,0.244569875881192,0.3605376785564,0.584870870576939,69.0393800742896,69.0241843957167,0,0
"1336",0.986239056687686,0.486302419998916,0.782764475236065,0.830157088712673,115.168023998635,116.681406374369,0.0458801893983036,0.214196613881508
"1337",0.789478221267229,0.524685253309319,0.651921010867576,0.849916009053122,79.491891119362,79.5243800677881,0.0103731773560867,0.101848796537253
"1338",0.512943962211488,0.759415672807139,0.0125697207959602,0.183658044581767,81.8584682091383,81.9269135135091,0.121582494932227,0.348686814967568
"1339",0.0691101633822545,0.932174179765279,0.798766852207598,0.161615888374159,47.4956519557643,47.273929230684,0,0
"1340",0.667992606448708,0.853605224068509,0.306598495578393,0.0900108718530973,96.9875823516162,96.9710631043662,0,0
"1341",0.775179630426923,0.363740893651033,0.65415319306741,0.392388551506447,93.3090322381282,93.3048988291151,0.0538397103082389,0.232033855952615
"1342",0.957311631860677,0.387083760912414,0.0375020193156088,0.191374718525214,131.412959696963,130.258090219389,0,0
"1343",0.29999195667007,0.280849015316693,0.0969996201213216,0.0695055935768178,71.6713691084228,71.6477912001155,0,0
"1344",0.73047397084313,0.248295189196826,0.700317669817712,0.686742316173739,79.7927646257509,79.7750845489254,0.00792940380051732,0.0890471998465832
"1345",0.772659057956189,0.442019978052238,0.927143038198934,0.479473819171195,89.889583567768,89.903128870138,0,0
"1346",0.325289260920836,0.0529008375798585,0.218759220587439,0.412941081115394,63.1061717160516,63.0659933136912,0,0
"1347",0.358305790591286,0.405153252432938,0.968033308716374,0.0337298629722791,77.3168482043543,77.2865108290695,0.00320664432365447,0.0566272401204091
"1348",0.658399037759053,0.558308639268042,0.0145307715496747,0.953872255774215,68.1375349099392,68.1845483791449,0,0
"1349",0.790774909604574,0.234495453068055,0.975743747745524,0.252442445050459,100.672438119146,100.725531819428,0.0425002306001261,0.206155840567582
"1350",0.759150168120163,0.0691064173583873,0.739351793262525,0.144669041207409,102.49127348193,102.545395865858,0.0555003727786243,0.235585170965034
"1351",0.988923147235997,0.044512600334594,0.385008336679428,0.543442139527877,130.399856017379,141.140806831354,0.117156551452354,0.34228139220874
"1352",0.882635756521136,0.919756996255019,0.00912317282392178,0.925813608082593,85.9209485642938,85.7297581997146,0.0314024694962427,0.177207419416464
"1353",0.481019368251786,0.602844681520248,0.584088478813181,0.936459192572045,59.5275557303697,59.5268055463981,0,0
"1354",0.431286640487029,0.743202613702626,0.634113757682033,0.028834149745293,82.5657711167306,82.4615581496729,0,0
"1355",0.234986182746477,0.212411840397515,0.297196936605847,0.885295308168978,47.9861227921538,47.9722474258822,0,0
"1356",0.0754926665133098,0.0622327903690748,0.206983556269086,0.179624557634932,47.9846409796573,47.6995066900038,0,0
"1357",0.336877019894891,0.906684106941451,0.990829934198409,0.399292597563122,64.2787002620849,64.3513393627724,0,0
"1358",0.821593203772558,0.350563895078492,0.26295686030807,0.177424260598375,107.215207002059,107.180695698678,0.0548954412806779,0.23429776200527
"1359",0.841414336192887,0.723550015570014,0.847435700671747,0.720414395816391,88.0080304217621,87.7810517082982,0.0905837004538625,0.3009712618405
"1360",0.840884245737572,0.44084047471825,0.0575859958593501,0.633734849918284,90.5753794739395,90.5642901162067,0,0
"1361",0.979137949594064,0.919321853561327,0.204630714082276,0.239822632775409,139.168715896671,140.151758800299,0,0
"1362",0.659702710040146,0.0841038223950891,0.553347548072925,0.443906249328516,82.5229109846995,82.470765812543,0,0
"1363",0.312437081304844,0.187145348492777,0.0725991660612635,0.372210684440564,63.3494645581127,63.3316094112535,0,0
"1364",0.223200327774743,0.775055342365289,0.211029728560243,0.0833327850202331,65.4141366169197,65.375985120961,0,0
"1365",0.304449444981292,0.0097122841180535,0.335223587592482,0.0555142607258167,72.547449899637,72.4203599387858,0.126421675784513,0.355558259339469
"1366",0.282611376411049,0.310191734442953,0.632556496175705,0.598225364293903,56.2145909578357,56.2175425870304,0.121915021212772,0.349163315960843
"1367",0.0403807707213564,0.730572740582284,0.546844069884042,0.760733535106061,33.1450803875792,33.167283913685,0,0
"1368",0.999104853483266,0.87666301788995,0.369674604094005,0.8661944344535,139.588374980043,124.797618841416,0.198162144748494,0.445154068552107
"1369",0.423731790834223,0.771900278567336,0.827816613302566,0.752037799343816,60.5751445082602,60.5732222991308,0,0
"1370",0.20688581950462,0.751308899952681,0.0352347651533782,0.480041606288287,53.8390911017778,53.7930217703662,0,0
"1371",0.0274261625409126,0.495747524709906,0.227812703342061,0.703827254040516,31.2318902651561,31.0250522929068,0,0
"1372",0.997231585653266,0.934568489975994,0.970241455774638,0.694522938164999,137.901654427314,132.546403055499,0.0439531783340499,0.209650133160105
"1373",0.954021949592163,0.761511687496095,0.447115227705333,0.242679583949153,127.644528130214,127.082548630892,0,0
"1374",0.496081477885135,0.850606373761897,0.319836428506533,0.993042265148019,59.0897361318194,59.1122789103495,0.0816969515290111,0.285826785884408
"1375",0.613509899401572,0.177647678888752,0.818034426350961,0.617825303909834,74.2670940101481,74.2601813234813,0,0
"1376",0.375297627572669,0.60064170583908,0.986519279350294,0.95443623754289,54.1136403077885,54.0985851458377,0.0246121337404475,0.156882547596753
"1377",0.291823898853501,0.00152124455210287,0.0112395579769509,0.195077333453926,67.0068035276741,66.9249142585143,0,0
"1378",0.593942105550435,0.575413192106527,0.731624184497981,0.586619910027715,73.9758351846559,73.9595293646556,0,0
"1379",0.246444955295417,0.628889200588805,0.767955092231627,0.310941511334269,60.731270057434,60.7829078806417,0.00549087824765593,0.0741004605090679
"1380",0.612944313978427,0.629873291023541,0.292693680976634,0.331976794501999,83.1677620167327,83.1714809302055,0,0
"1381",0.00998828703328036,0.0210726003971649,0.37892155115935,0.348750942711253,29.4252690911161,30.5191641726761,0.0366676507983357,0.191487991264036
"1382",0.0717798590417951,0.534821097163483,0.560557288215612,0.230548414281104,46.4034879296743,46.2845704818317,0,0
"1383",0.410399942462682,0.996652905193856,0.067068592660944,0.21240294132696,74.267056433459,74.2614555471799,0.0156257926719263,0.125003170647493
"1384",0.684281766314176,0.797337634020601,0.810900192210451,0.517342103447299,81.8333596826696,81.8333602731813,0,0
"1385",0.105152660035761,0.814680738151656,0.539384342348785,0.268649099159287,49.7639603704802,49.6287436579324,0,0
"1386",0.0308215853573056,0.859032250104589,0.182889463451575,0.166019518393558,39.8990347986709,39.1152520829737,0,0
"1387",0.824001020106138,0.950121440307819,0.367539842027239,0.676184057223843,87.619608151477,87.6357808013685,0,0
"1388",0.797181662179646,0.171262329007965,0.157402266600868,0.915321179123712,78.190590212446,78.411583370156,0.126038568094373,0.355019109477747
"1389",0.806935301836929,0.736607198642683,0.723646407744964,0.303293517942773,100.018843650129,100.066761324329,0.0168809978058562,0.129926894082234
"1390",0.183325460677268,0.254686335300794,0.531492195928586,0.947426985768252,43.9537702255768,43.7814830502639,0,0
"1391",0.418816330680973,0.471095181663637,0.86386800989334,0.687516704947804,61.7688788554162,61.7658221658877,0.0781188699183985,0.279497531149022
"1392",0.692505826578592,0.0438357476119418,0.223173397637671,0.73593718635093,75.7227258942811,75.6801388061696,0,0
"1393",0.271965294968686,0.392508330925019,0.637719873960246,0.0227667303147027,71.3290545250236,71.3139574362127,0,0
"1394",0.330460967115825,0.416403743600822,0.824246670951135,0.486055797969457,61.6485421734838,61.6452366034979,0,0
"1395",0.639808885795297,0.9924159182898,0.185345843281248,0.190559040785301,90.4004282587189,90.4425811169933,0,0
"1396",0.134832624020986,0.494245445226319,0.018636674966896,0.22228808177216,53.8292669061883,54.0083827502765,0,0
"1397",0.384062921157572,0.152858623121399,0.268890701913275,0.981173652196536,53.9820049432877,54.0173922331545,0,0
"1398",0.996354846024537,0.777085228029639,0.666903599868412,0.612780652220244,139.191485601176,135.446728890766,0.0493817012757063,0.22221993896972
"1399",0.586097061818466,0.855316761770635,0.970745851341751,0.390344811728806,79.5611616269704,79.5790764776765,0.0556847238913178,0.235976108729926
"1400",0.106424801247776,0.0374498791509541,0.966442692374694,0.536989257053821,44.6643548784514,44.2487935478026,0,0
"1401",0.517478958250838,0.922622513296083,0.238952870408422,0.812482167282607,63.944453257359,63.9523208370063,0.0636825626716018,0.252354042312783
"1402",0.993806511053932,0.211706653158995,0.586321364004165,0.227037819107412,156.439648091605,162.629889010283,0.0230665078852326,0.151876620601173
"1403",0.805331441580318,0.582466383229825,0.408670395198744,0.658890297546983,86.48277437977,86.5040491689818,0,0
"1404",0.407024822158855,0.403980007624486,0.448574303538073,0.422998501978815,67.7396176223714,67.7201971539988,0.001716184662655,0.0414268591937042
"1405",0.559047801522538,0.274599723349907,0.52569367137237,0.972852996871457,62.6020031203213,62.6009932506606,0,0
"1406",0.626863515758188,0.808881728304201,0.592503681183909,0.194949965585489,89.4166753832094,89.4301066478487,0,0
"1407",0.83723599704518,0.298424895768054,0.799808840183774,0.0471329680620693,116.213533848206,115.961189314957,0,0
"1408",0.0367330092869233,0.955519954685005,0.947208727547666,0.978994642662001,30.1310218846373,30.2667391930682,0.0908488136483356,0.301411369474238
"1409",0.683399238408776,0.258807318323292,0.967413148141815,0.57293339400657,80.0368942113507,80.0367139743963,0,0
"1410",0.392521469302126,0.62935762637225,0.517683956166729,0.429250622742577,66.7301116671537,66.707588624673,0,0
"1411",0.850516152874334,0.100070274829515,0.924078760188655,0.672536758475122,90.5478274833491,90.5329553800095,0.0702250647591427,0.265000122187034
"1412",0.980880611908156,0.584104014417971,0.0281006222338183,0.224700881303637,141.116124502323,141.394302216572,0,0
"1413",0.270003852181253,0.799676436136477,0.671953427864471,0.385477371439338,60.3969569431806,60.3928730146662,0,0
"1414",0.565880844080937,0.471542791837826,0.180132201366359,0.700742263456341,69.1870240320162,69.1794298313407,0.0737560817506164,0.271580709459668
"1415",0.243264240602148,0.19132403283217,0.300086362015107,0.560662453827681,54.5746727354297,54.5932053371605,0,0
"1416",0.99223484096129,0.110908576276968,0.214400350092095,0.790202001003316,122.55038693413,130.155139507272,0.314117807429284,0.560462137373511
"1417",0.835191394855385,0.912425161413499,0.271901531419833,0.989223341234378,79.4373097671022,79.4160064716756,0.0355763199040666,0.188616860073713
"1418",0.925307968911133,0.0174820755672408,0.320598247723654,0.974948565752013,90.5250663052908,89.840578026381,0.0685470828320831,0.261814978242428
"1419",0.0479749332548818,0.920218854773557,0.599272663050331,0.985298163637519,31.7932015579267,31.3290375691542,0.0785521413199604,0.280271549251722
"1420",0.152195955933421,0.358077899967902,0.274558648769511,0.57917112028785,47.8547757618981,47.8577833422771,0,0
"1421",0.891729103397462,0.0428438472345006,0.98026975710527,0.313702185206697,110.292188297167,110.463413377654,0,0
"1422",0.440873216120875,0.491081567590707,0.586857899040333,0.189806560772355,77.1327201168838,77.1339196815846,0,0
"1423",0.0231850690544816,0.949784861898166,0.543377895151149,0.523355200019316,32.3560876667485,33.1731920613158,0.020402520778589,0.142837392788405
"1424",0.235456986627891,0.148435791853117,0.563750452688197,0.534215466800495,54.6707919205089,54.6939703349028,0,0
"1425",0.0293187384236371,0.17557518030284,0.444088160774554,0.669981285641436,32.0703248195174,32.8776118526863,0,0
"1426",0.387653275403893,0.224970139470068,0.617127681356273,0.855553067545989,56.5703341549103,56.5888802629607,0,0
"1427",0.843034076675656,0.0587576586756622,0.471243114904384,0.149825071868952,111.30216060558,111.196721782325,0.0710244022775442,0.266504038013581
"1428",0.493211211754708,0.413862202230375,0.221689013328752,0.956147671841318,59.6682552926007,59.6503627676066,0,0
"1429",0.934552102217916,0.9835115357287,0.00536585317074787,0.285020107380464,119.508419451143,119.827823629494,0.0529121237341315,0.230026354433859
"1430",0.00775534275220707,0.261441713135457,0.0863550787699642,0.0300876657258486,32.38948721713,28.7364093299821,0.293097213027067,0.541384533420625
"1431",0.941031885657692,0.691410499404534,0.986410650871228,0.433819730270421,114.303761000109,114.311810329462,0.0463293710490689,0.21524258651361
"1432",0.840039089147351,0.787971437989268,0.294722040273482,0.428847467697458,98.1858061554326,98.19000950298,0,0
"1433",0.709290291193058,0.45063629901025,0.920463701869478,0.833844051635009,74.3092382860753,74.3574713902065,0,0
"1434",0.385121409297455,0.755038109371439,0.801206202042522,0.216026634601178,72.6928783451136,72.69548958503,0,0
"1435",0.0772885003815172,0.982318813987425,0.00987492823461071,0.0460756435398944,51.3404991873196,50.5994461041199,0,0
"1436",0.959583828200353,0.837531926700729,0.694576475835289,0.838276624024496,102.667913591034,102.668347606993,0,0
"1437",0.0496581773494836,0.994682721363264,0.863151997220819,0.36226994177571,40.4665967373897,41.2847572962545,0,0
"1438",0.60531334892544,0.9865512266726,0.644188444168074,0.0878509912341833,92.3767707727875,92.3700699106877,0.0445705349557102,0.21111734877956
"1439",0.862989859384368,0.138815080014057,0.687521256876877,0.846435845802189,86.2938538544359,86.2038344933421,0.0565064860275015,0.23771092954995
"1440",0.285207421778468,0.93595055437705,0.880595812233165,0.677571615097113,54.7233939595981,54.741863112576,0.0112780159106478,0.10619800332703
"1441",0.607344940993935,0.124914247205597,0.787364512159373,0.296647772080498,84.1839240158604,84.1902348659473,0.031071336241439,0.176270633519707
"1442",0.204397831945214,0.792283103007474,0.156776107289246,0.756765782499919,48.3180317177636,48.2799432942008,0,0
"1443",0.349085904320818,0.940375920353574,0.313929922775482,0.546024979395908,61.2031237087142,61.2301444508308,0.0687614150810987,0.26222397884461
"1444",0.0529127432163805,0.963031425569905,0.928386069200933,0.00778075611533131,48.2476463105618,48.0513699384741,0,0
"1445",0.634331507881754,0.776010814298061,0.195412269747234,0.966248832144076,66.5842392146071,66.5944161913566,0.00281016202643514,0.053010961380031
"1446",0.17057466447854,0.185589504404226,0.762927370649064,0.544449966676883,49.9708254107775,49.8291320124316,0,0
"1447",0.922606437527458,0.0502650397010148,0.0299250089576235,0.688797658752301,99.4436310336745,99.3958147601707,0,0
"1448",0.0799139594230801,0.0139295621515485,0.946980024097953,0.973774571643095,35.6897874408289,35.2701001657311,0,0
"1449",0.957582747799228,0.674789074169937,0.437573302892037,0.596509516805061,111.430204734331,110.995877797212,0,0
"1450",0.736485238606692,0.627627652032999,0.851333942970028,0.457089636921999,87.7145287385922,87.7078830551569,0,0
"1451",0.832643010959961,0.576756080066203,0.39340658923646,0.198016038342612,107.572446989565,107.58865412309,0.0926205166615546,0.304336190193599
"1452",0.0520692176131997,0.264174695299938,0.796737095168326,0.373379865693278,40.6848320319753,40.6657961802773,0,0
"1453",0.258668755996507,0.518919101641863,0.375580544267315,0.735168624279788,52.0171124601177,52.0356998017296,0,0
"1454",0.344210055668023,0.197611595395952,0.0122335206379648,0.76148616472329,56.1354288828181,56.1699893432893,0,0
"1455",0.159681747615337,0.75223877019377,0.991476455583237,0.0452861727877753,61.1117408218167,61.1193365841404,0,0
"1456",0.169996118279058,0.59890295040491,0.813256616503,0.133694735667086,59.5126665296701,59.5107667696944,0,0
"1457",0.314132865379681,0.49204291752982,0.317002349627903,0.00987592047092039,74.8993322337155,74.8664988656131,0.0320749771781266,0.179094883171258
"1458",0.960041758769774,0.652086068264558,0.223516796121607,0.00804542278789449,144.603818462996,142.425368289818,0.0257735624909401,0.160541466577766
"1459",0.839821469270973,0.519402448571054,0.0467382010297151,0.983457494978677,79.9262058688266,80.0522351329597,0.00394126458559185,0.0627794917595854
"1460",0.0339431212360505,0.506552259979537,0.488167080966174,0.861194044805947,30.8472436684066,30.9742702547932,0,0
"1461",0.00906974993180484,0.595729079518816,0.430714456417016,0.60962950140622,25.9991974673689,24.4642165018965,0,0
"1462",0.227261832914897,0.972342948213103,0.837906216830364,0.970768675495521,46.2192121892761,46.3788720037487,0.0328199740033597,0.181162838361955
"1463",0.967160787147004,0.201498239466106,0.0286056264718063,0.851711225487641,104.311961340481,104.835356466804,0.0590156288817525,0.242931325443535
"1464",0.561521806989796,0.93004784482799,0.975335260538268,0.808476276113885,66.4375192653761,66.5071027274096,0.0490247228881344,0.221415272481675
"1465",0.927640627236106,0.409283345888718,0.506699203844182,0.642427216291777,102.360554147062,102.32139569637,0.00820560788270086,0.0905848104413806
"1466",0.0556250738208182,0.684954430774203,0.690188373561017,0.0436421798963565,47.9006652494859,47.4375566403119,0,0
"1467",0.982594775416539,0.862886395662208,0.510605479661259,0.0787262431107229,152.832854378218,153.634420617906,0.0209745822940022,0.14482604149117
"1468",0.544551938278251,0.637643740824889,0.786314672351698,0.235347290190519,82.2506229154584,82.278332051846,0,0
"1469",0.222579371099011,0.0197685476910556,0.171395363512915,0.763013997799018,49.3391665127543,49.3868835726519,0,0
"1470",0.787010339285946,0.663013916928205,0.144633802464698,0.294376629275852,98.1905466585019,98.2553572953209,0,0
"1471",0.522282821469475,0.241344439135399,0.085161870257929,0.712700263520121,66.5024035001674,66.5022531829514,0,0
"1472",0.21017354441795,0.481774449735996,0.0254693967510248,0.971197380044963,45.1637508549331,44.9634008819403,0,0
"1473",0.078169256420224,0.678357394123566,0.288570552731398,0.0291256530696992,51.9436266450402,51.5155424605663,0,0
"1474",0.408329159191228,0.334751934713451,0.395212402230245,0.810601607491146,58.4910498014569,58.4991708972046,0,0
"1475",0.201862959953141,0.794091444733553,0.767243823622703,0.817213826489402,47.1814281886389,47.099105210921,0.0423480895115063,0.205786514406329
"1476",0.331436990241637,0.682791341496631,0.29884601684229,0.948476079707616,52.0053104278837,51.9852141502934,0,0
"1477",0.553907472385559,0.447291979276808,0.452391646544216,0.712336173080606,68.2967170991584,68.2865843969718,0,0
"1478",0.130984520609956,0.984289483367698,0.785733765762183,0.607542636357015,45.6564927354371,45.8597016966464,0,0
"1479",0.557726206162246,0.835025681622559,0.656693348024157,0.810083446780569,66.162617722328,66.1847471686586,0,0
"1480",0.0583824804668548,0.355524241740233,0.256916627676575,0.831482530441717,34.9419284777081,34.9115572090849,0,0
"1481",0.0281331327030202,0.370233005338232,0.555034760610899,0.410906703408575,35.2158756734083,34.7159193107357,0,0
"1482",0.87076525410742,0.731897505388013,0.0317870249433909,0.62862716905016,94.0765290518851,94.0539908636229,0.0854252966819331,0.292276062451124
"1483",0.574818735257955,0.0105953957897145,0.782337526611518,0.990257340386277,63.0584501985439,63.0929635047474,0,0
"1484",0.571875629126211,0.626343409058754,0.618325900204363,0.780384029876557,67.620635983673,67.6227155216447,0,0
"1485",0.117635466324864,0.216276962831733,0.052276596746291,0.812744425336132,41.1984437879227,41.6296399812107,0,0
"1486",0.149932971460512,0.5177778219186,0.370212477402994,0.33791802342725,52.5894192196414,52.5980022323777,0,0
"1487",0.92636535079556,0.638927729761344,0.727281330821919,0.0215985839269124,133.347129486096,132.506367566499,0.134876444004476,0.367255284515385
"1488",0.808382347927545,0.423955720331171,0.417352861894295,0.774656368752127,83.1569604825485,83.1938266002962,0,0
"1489",0.951022917934693,0.936274001673795,0.289355690407334,0.556722789526102,111.13667395726,111.12055553524,0.0176895738113672,0.133002157168097
"1490",0.641875802861061,0.839757475190097,0.309840311499662,0.473050401543733,80.311067712912,80.3092000883016,0.0431145627517253,0.207640465111513
"1491",0.412841476671048,0.382757986193057,0.794057674321346,0.865348206526833,57.6447456166249,57.6501598378093,0,0
"1492",0.601811582157738,0.115262637587613,0.627209143591113,0.620331355946255,73.4730189627268,73.4790836907594,0,0
"1493",0.464420918192947,0.223552460214356,0.1344962009507,0.215201841220143,77.6362872540295,77.6701093130016,0,0
"1494",0.497206746948999,0.816711958551779,0.13124907970638,0.575517444924219,68.6401211358781,68.6164036466313,0,0
"1495",0.831183900037431,0.834093761963304,0.199612173790694,0.135375074158772,110.417268648845,110.673640967968,0,0
"1496",0.646183069036924,0.153355890700361,0.0475179442317458,0.414954052512883,82.4223470271286,82.4362475484094,0,0
"1497",0.491360849435092,0.668456670113374,0.750863757277722,0.973005358772702,59.312788238792,59.3156512436196,0.0187441521557048,0.136909284402866
"1498",0.179529403218301,0.617560470154975,0.123798776945798,0.0379213535210583,63.0735390685835,63.0501711464765,0,0
"1499",0.538355424854322,0.414516748255235,0.630032857845072,0.0409557746559149,89.5670335239981,89.5375963485924,0.0221947154495865,0.148978909411992
"1500",0.510877853959333,0.352680276533472,0.371344904509955,0.209894320011488,80.8883962707006,80.9151788406426,0.0193252314347774,0.139015220155123
"1501",0.743121160319773,0.315524159963243,0.38629591503588,0.291143750238698,94.4679094438885,94.4782685784627,0.02737618656829,0.165457506835713
"1502",0.133157156149857,0.62472230252123,0.00239229870424606,0.63201898784528,45.3421156620755,45.543476715392,0,0
"1503",0.0134248474029591,0.375082823512261,0.674062687273836,0.245975497295149,32.6092055694306,30.3069756972373,0.0269417579984292,0.164139446807979
"1504",0.687748317678343,0.847067677541869,0.75523401096859,0.0178786484322045,102.264920958898,102.081249247638,0.0204535399097949,0.143015872929528
"1505",0.244780120475334,0.644424842564156,0.384183978664689,0.209040868495824,63.348956985018,63.3569813762983,0,0
"1506",0.210609876797651,0.526236373417778,0.978091287089162,0.828041181684122,47.5528002196789,47.3693233033581,0,0
"1507",0.555367481906782,0.303133885130053,0.992013220447232,0.326382607600302,79.7619842972521,79.8027768959739,0.00148411863483489,0.0385242603411783
"1508",0.621383711468894,0.250019970286521,0.663134682114585,0.411321023839992,81.0857957911067,81.0648727618911,0.121878956328146,0.349111667419103
"1509",0.0983925302824937,0.261685199069907,0.997107299571158,0.73623714848829,40.6692281408324,40.5498839419216,0,0
"1510",0.834096177154686,0.433899038866395,0.878748915634118,0.284335238740081,103.865123387422,103.750157048814,0,0
"1511",0.585260127386777,0.985181116952444,0.938978171266383,0.592749766982859,73.3190815321922,73.3460547028973,0,0
"1512",0.00286288721673191,0.152276051978813,0.137847506527207,0.602998975390452,20.8853204607747,23.677984232336,0.128823726554401,0.358920223105917
"1513",0.110716599992476,0.572918851160561,0.903087019614875,0.589865960207069,44.160326669848,44.1258477205452,0,0
"1514",0.00672478832153138,0.10067625425139,0.937719431644771,0.0552206396723632,31.1608138537474,30.851406390952,0.0160546033876017,0.126706761412332
"1515",0.411429581745993,0.00289658195863012,0.400429573876667,0.395412454718491,68.7676037066621,68.7480648117872,0.00631960784085095,0.0794959611606209
"1516",0.285502959012403,0.886120225043618,0.985408755540149,0.216789664118434,66.0911956372533,66.1158377511082,0,0
"1517",0.351621604655636,0.781275559879374,0.175547166564967,0.210098258316284,70.5910747401988,70.6709018647543,0,0
"1518",0.768942893910571,0.754852141575306,0.572854269606178,0.767409463475458,80.227063358071,80.2102421555112,0.0344553317409009,0.185621474352783
"1519",0.748600706024328,0.0515843316923128,0.214900613968843,0.342420467113378,92.8042925701343,92.7944640763512,0,0
"1520",0.19793158743938,0.500157994833426,0.652293168742559,0.93804092648963,45.0020497399717,44.6951156513613,0.0872217385331169,0.295333266892026
"1521",0.588332186424523,0.168249165026587,0.746867159480695,0.795145052772248,68.1725268262295,68.2016367561779,0,0
"1522",0.479997986504575,0.809245313155348,0.59109316534875,0.406310728512472,72.52748912144,72.5198907286787,0,0
"1523",0.383445996192168,0.530311522531905,0.770205987553578,0.165731977519696,74.259504212167,74.2470473688193,0.0677800610428676,0.260346040958697
"1524",0.973357345648692,0.169410736424848,0.0718938508373685,0.477739448960754,122.681514546591,125.682551110712,0.0138776041567326,0.117803243404978
"1525",0.819754608553601,0.340961469594273,0.161819195392658,0.800914404692594,83.2885803672351,83.3761639984867,0.0651001387741417,0.255147288392688
"1526",0.393244189951103,0.145953857790679,0.266505119781126,0.691961615021806,60.2418228634179,60.2604155763901,0.0555401905439794,0.235669664029929
"1527",0.1764144449163,0.807725028383662,0.462931803266169,0.867819144307985,44.7166626924837,44.6321225152159,0.0293070086045191,0.171192898814522
"1528",0.81162537423172,0.779439026602544,0.557182623030851,0.133185635335743,108.41484002211,108.500946031408,0.00132711150217801,0.0364295416136137
"1529",0.688134492912912,0.782700694784173,0.321854009265662,0.81995976034773,73.233231653009,73.2372494462854,0,0
"1530",0.351207657326013,0.0292674608853413,0.684091274704784,0.0494260041062953,76.1837669091411,76.1409150834826,0,0
"1531",0.58170258564502,0.648334159507882,0.968658234157716,0.370684740158613,79.9368565040196,79.9579476361206,0,0
"1532",0.427681161298067,0.619278681967058,0.488507152245846,0.0677580532288412,80.7400931591995,80.6736249274238,0,0
"1533",0.621526175888139,0.333645409039687,0.0943528214694234,0.185221564944251,89.2475442271252,89.2892892957454,0.0188869483536109,0.137429794271879
"1534",0.854998036381207,0.155682937294594,0.589261519461288,0.649890164413489,91.7328794505756,91.6486145631815,0.0958867819281295,0.309655908918479
"1535",0.902920958508505,0.514015216596774,0.00358954429544974,0.0111896639020415,128.287305535138,128.020138233101,0.0372756094438955,0.193068924076081
"1536",0.18683311067312,0.649558823060361,0.367478544984828,0.500594902806683,52.0229599392098,51.8931779528991,0,0
"1537",0.706152982479311,0.891418693553656,0.513289612885565,0.941844306427403,71.3380964448869,71.2203388805461,0,0
"1538",0.700709904051269,0.0875183364389231,0.943965079309884,0.975225452140556,70.2724443701566,70.3063305130513,0,0
"1539",0.762963039899361,0.260174362326856,0.0210949349768925,0.0367082423857646,107.909032458536,107.962662652422,0,0
"1540",0.258481182123418,0.970802910326049,0.209093959495774,0.340908863606863,60.7003025500245,60.6437145685502,0,0
"1541",0.481788033868303,0.265306160494103,0.948967710915487,0.0144143452965654,86.7655891621969,86.7382276854845,0,0
"1542",0.359611601921031,0.202863887640298,0.780173322582152,0.485982009475701,63.3517200174954,63.3489857429386,0,0
"1543",0.941965768955532,0.0147779596657492,0.716345995013602,0.61512440455833,106.562149554219,107.520355872312,0,0
"1544",0.623153656305163,0.574479708025581,0.487876750946511,0.22518266366364,87.9161876500387,87.922528115069,0.011588325840421,0.10764908657495
"1545",0.165842996991589,0.507450183020672,0.46608265318186,0.0589037252072012,61.2374913228203,61.2683849314568,0,0
"1546",0.717751164236805,0.810238662487478,0.0175061616870807,0.454231970398803,86.1168197169642,86.0901931391196,0,0
"1547",0.74412270281557,0.830623650199152,0.79212980245403,0.827662769690855,76.7811281944248,76.6854940515856,0.0483498005196452,0.219885880673692
"1548",0.884817554691341,0.917252120777382,0.684835453442764,0.491704456698848,101.377901087658,101.016776366492,0,0
"1549",0.890259709827718,0.879635665745358,0.920510412444826,0.533818941445788,100.530576531467,100.185996036685,0,0
"1550",0.601364080229774,0.166808149497956,0.153921222896897,0.870189831464784,66.9875791224894,66.9964510039571,0.0154961565276608,0.124483559266518
"1551",0.936530024320353,0.22846620539797,0.765857677763328,0.396270117664826,114.908194730337,114.97058863269,0,0
"1552",0.760305029713316,0.458078541734838,0.468704726921977,0.520641732933233,87.3028170994056,87.2764430813161,0,0
"1553",0.966185700384667,0.277383401675732,0.894533248156309,0.182130837918376,136.152880340355,136.950085092959,0.0066382564837113,0.0814754962164165
"1554",0.181813927068608,0.18830797237216,0.928989360035746,0.425440948683652,53.2997002710728,53.172118405613,0,0
"1555",0.994376809942885,0.577033424798748,0.200740381544805,0.413816406318103,145.229372606353,144.592131665909,0.0288047068752348,0.169719494682358
"1556",0.424734720241744,0.19443763934623,0.511661831270088,0.185684519585106,76.2187977919986,76.1909500183185,0.0231572217307985,0.152174970776401
"1557",0.81660918653314,0.953873938591918,0.343748635741416,0.254113530300558,103.085750600845,103.266278971295,0,0
"1558",0.0535412810762646,0.82495413727907,0.162821638692869,0.458471075289301,39.4760483672961,39.5226324289055,0,0
"1559",0.296771880435059,0.13481883205974,0.891803276452236,0.784227293412434,53.266318067356,53.2266506058106,0,0
"1560",0.573744093854679,0.113432585061993,0.267286355066579,0.245196220234619,83.6903859479838,83.6917194088513,0,0
"1561",0.971720572893391,0.550304986120202,0.0341307538463734,0.564813067125855,117.773204996825,117.446359145112,0,0
"1562",0.766665465562022,0.0412626894101268,0.0151912482517073,0.251232363636023,98.0460857160378,98.1372980451054,0.127146569779143,0.35657617668479
"1563",0.204519958516117,0.175092625213438,0.490096068506944,0.184500078929472,60.9826101799321,60.9722072296012,0,0
"1564",0.948337559637614,0.181961165072746,0.254542497078539,0.593389648085227,108.838909192188,108.925148317635,0.0305900094099343,0.174899998313134
"1565",0.913187200580724,0.199793131971615,0.233061888247728,0.00164549806108698,131.260159457431,130.17895921408,0,0
"1566",0.403802598284557,0.5080147974008,0.0355752787304809,0.113130664496683,77.2802058970842,77.2832111604313,0,0
"1567",0.444709801436635,0.105742689692066,0.873426391900168,0.631060694630374,64.4855819028569,64.4806539600628,0,0
"1568",0.592721441036323,0.213453095786157,0.409396600539098,0.417131647997186,78.9959847094901,78.9969060816231,0,0
"1569",0.84601363116107,0.660148450125591,0.203970988180023,0.75438845744892,87.2146847652178,87.1532056690306,0.0161850597942248,0.127220516404489
"1570",0.405606094609597,0.391518414352671,0.230580204789294,0.345123902884661,69.84581577088,69.8415778702606,0.108775188215077,0.329810837018854
"1571",0.452255921175121,0.646496972482535,0.867025196686271,0.599234833651339,65.6835467768393,65.6909599165472,0,0
"1572",0.0277994493569713,0.639221248102025,0.135550157746766,0.807439849971328,30.1599654044147,29.9597946088288,0,0
"1573",0.376023467668798,0.951119141766685,0.109769294500235,0.490580442837556,64.0701043751246,64.1011207370806,0,0
"1574",0.80107140680158,0.435206887117354,0.184060629475047,0.43969300503924,93.7057780397198,93.722124364459,0.0504366278182715,0.224581005025518
"1575",0.179469302207814,0.354611169914366,0.0406370147061534,0.358701132122427,54.512329043727,54.4332597404365,0,0
"1576",0.965358062274288,0.0532499369238503,0.257882665134384,0.152587411064887,137.233474334323,139.736550797059,0,0
"1577",0.532929533487651,0.795737396991462,0.609272665459313,0.614031938232831,69.7032064875877,69.6695905403399,0.100572637282312,0.317131892565715
"1578",0.776115098558366,0.573141402009525,0.264542870717472,0.0371341443288839,109.401983655526,109.336797217982,0.0542896942934021,0.233001489895241
"1579",0.662813732980168,0.00367791219800711,0.0221389788595261,0.928556760715321,68.9758529078375,69.0072559814175,0.103790992870927,0.322166095160442
"1580",0.0560148441434139,0.556621766209602,0.988914456519531,0.178305665950058,45.0304803788472,44.9260099210306,0,0
"1581",0.0196640982490499,0.0119898238703609,0.330308105681906,0.867305274752318,27.5493982194756,30.8914709205877,0.317302339710295,0.563295961027855
"1582",0.99161365123617,0.252544437904027,0.560052564141224,0.958568198233726,115.071132069203,118.839913693717,0.318025026237592,0.563937076487787
"1583",0.521711379350396,0.376439822628046,0.983252195425215,0.822211450983887,64.0432301709453,64.0652713971267,0.0387619270477444,0.196880489251079
"1584",0.576117475226172,0.934098834972712,0.475398514991859,0.289677814701921,82.2894581049199,82.2912928970117,0.0281060910783708,0.167648713321549
"1585",0.0362451449566288,0.618407958270633,0.22521013062296,0.37453594963986,37.6455189652006,37.0761603127389,0,0
"1586",0.614916992044193,0.62001926219312,0.341866904346389,0.680246469286503,72.5422158196355,72.5116712190292,0,0
"1587",0.0184646675653057,0.980980873722117,0.190068668980733,0.902907125201425,26.8677170459387,27.6716759563885,0.256484197103418,0.506442688863625
"1588",0.733037310149521,0.39567646659282,0.718577496505342,0.965616331502562,72.4867379987197,72.4679947013655,0.033419827115722,0.182810905352285
"1589",0.782102235487429,0.210146347548347,0.61097784469137,0.0959014034337597,107.127188579245,107.129452898681,0.00257271167356521,0.0507219052635566
"1590",0.177092967237229,0.884082277847221,0.405129601428285,0.123754595227772,60.3744839049061,60.4134143617792,0.0987677247030661,0.314273328017295
"1591",0.469957342734095,0.761240688033518,0.355344457178609,0.248473307292443,76.9087140155584,76.9255750764802,0.0998374219052493,0.315970602913071
"1592",0.211431351718842,0.415596774401492,0.854902223297977,0.962649160214118,45.4388845342783,45.1952203126496,0.00490735936909914,0.0700525471992214
"1593",0.755172532433178,0.519570982329082,0.884808868799242,0.0981513114690315,104.407177828328,104.388079944799,0.0311694305855781,0.176548663505499
"1594",0.45028196380625,0.00313821219815873,0.97310758194176,0.323069539066986,73.355716993765,73.3315951094929,0.0455717218574136,0.2134753425045
"1595",0.37404778518714,0.748160272410372,0.643330586723983,0.792741809468134,57.1446697974959,57.1274028277252,0.000763886026106775,0.0276384881299027
"1596",0.287788931107381,0.739217405555653,0.950543976704474,0.807620766557637,52.3406244934732,52.3756225355353,0,0
"1597",0.860194261445082,0.658296227471088,0.558616309695644,0.300600687322207,106.235140317915,106.188532971865,0.0116621411871165,0.107991394041917
"1598",0.205610775209847,0.851331895729527,0.0424050465056207,0.189384238685714,60.8500056852705,60.8513905094683,0,0
"1599",0.0473977480848553,0.460825960377697,0.147413826579112,0.515510512085049,37.5920223987233,37.4083147237155,0,0
"1600",0.153685765772942,0.346998484133976,0.269316310132039,0.30733420039888,53.6007658009955,53.6288556400121,0,0
"1601",0.530849921774003,0.748571392332669,0.0202509043443715,0.971914437540108,61.132397867119,61.1483638672476,0.00990328472107649,0.0995152486862013
"1602",0.474073216134333,0.545471412337618,0.151568357004435,0.530889743400505,68.5490135483664,68.5552700863192,0,0
"1603",0.876726415952318,0.905259491986595,0.933446019455441,0.193552913387073,113.896927178464,113.863529563186,0,0
"1604",0.428914831161965,0.302868381862296,0.785243860035786,0.299001374341082,72.7804965053331,72.7738599456537,0.0388388335704803,0.197075705175652
"1605",0.81296014222037,0.378578176692128,0.465422190699959,0.0100329770263052,115.129775541641,114.98633502157,0.0205134504940361,0.14322517409323
"1606",0.65891493471968,0.859522518994287,0.822532228835044,0.223089231305057,90.6821603856745,90.6934543449881,0,0
"1607",0.773604011080111,0.968642604249762,0.210886702230433,0.590502211955027,85.9477815325278,85.921318918937,0,0
"1608",0.73968461748783,0.324681743361522,0.964245823323028,0.979420132666826,72.6152206538607,72.6155043114302,0,0
"1609",0.984958437656984,0.354454108826467,0.103809159131721,0.984499039602699,108.026285579671,109.123980802127,0.182911660987884,0.427681728611223
"1610",0.604912755236845,0.0337982455845922,0.188004266282893,0.505424772236729,76.9121994902422,76.9331867515966,0.0233228034339845,0.152718052089413
"1611",0.618076024420559,0.628288000023807,4.62707278784364e-05,0.596409366101958,74.9547766837855,74.9593916911007,0,0
"1612",0.367440458877711,0.724211939824978,0.287992331837653,0.667791073018103,59.4084113217643,59.4007261519178,0,0
"1613",0.371091772973537,0.336228818073636,0.0109562966320664,0.979550759520265,53.3452357405781,53.3913402971571,0,0
"1614",0.233772496249992,0.993346044561593,0.0268295321802143,0.927150693243137,47.1991155437138,47.3749891114835,0.020572169800289,0.14343001708251
"1615",0.284818562620203,0.74633372287231,0.979852915368741,0.484529356150189,58.9466008152937,58.9724280582168,0,0
"1616",0.997987789434963,0.00927345714869443,0.481620921150199,0.269724688545917,166.865833630896,174.10402136486,0.0856165069853887,0.292602985263973
"1617",0.633570214862702,0.797511476906249,0.207126265239902,0.262138891391922,87.1255898226646,87.1698180852014,0,0
"1618",0.962671385017457,0.384410316862399,0.608999718586914,0.38993172390433,122.886552463626,122.96740566355,0,0
"1619",0.489278526151204,0.632898264894844,0.404258870241465,0.995192011110485,58.735267273944,58.7204335601542,0.0715985441347584,0.267579042779434
"1620",0.995353250400745,0.0112552541198675,0.430159878643695,0.0160006794638466,176.455443448141,185.848537521223,0.0554663480725139,0.235512946719525
"1621",0.423062487167888,0.880801298959064,0.0497247535999632,0.750836248148,60.4488022542561,60.4574595800221,0,0
"1622",0.914028297946788,0.713936032407684,0.606816489110235,0.974020764960907,88.857501594271,89.2243152809602,0,0
"1623",0.195514466661145,0.0165448538990458,0.54544807380822,0.930453485890059,44.9639892729408,45.0195274390101,0.0267710540210828,0.16361862369878
"1624",0.488510668476578,0.361632800766965,0.562903250224073,0.574358780138195,68.2788795616196,68.2743025339493,0,0
"1625",0.0457149972837651,0.0478042558182497,0.737094515859266,0.998714647617075,31.3330932969177,32.2469816777455,0,0
"1626",0.201442985251197,0.0308320260915207,0.377046198724187,0.35063754008431,56.4437642311465,56.3812033853308,0,0
"1627",0.508291451996658,0.951672384750797,0.330855697764549,0.132317911466118,83.628505132344,83.6372287405861,0,0
"1628",0.00525101210863795,0.208539052936831,0.333708600013866,0.171593972394825,28.1084332225523,26.389081956364,0.0248558829771355,0.157657486270508
"1629",0.0119824217545101,0.860203839924303,0.954382800324354,0.496306729854783,28.7046131268326,28.3480231542723,0,0
"1630",0.154440055194311,0.809506426911103,0.823994919939898,0.316168631007778,53.5196313222139,53.5307234466467,0,0
"1631",0.209530368893407,0.969966238870402,0.608045588098816,0.447273207610939,54.8254734807321,54.9737331634426,0,0
"1632",0.76079610006744,0.245524645481491,0.51409082300507,0.961592979920213,74.4072092399052,74.4192702908762,0,0
"1633",0.00214452953776345,0.860567053449224,0.681708525353461,0.702658844574238,19.0467363555239,20.8369177226253,0.214393305475824,0.463026247070102
"1634",0.0936599683124805,0.472417382144253,0.267718279346824,0.000477323747705668,54.8851333886143,54.9410476316617,0,0
"1635",0.164806040142197,0.00561289073829539,0.640716728416621,0.423381474945345,51.9911407901974,51.8498630815722,0,0
"1636",0.588529495206545,0.925775946872192,0.0371314229986165,0.302552026550635,82.495600821134,82.5430668370703,0.0328014162369072,0.181111612650617
"1637",0.998106420644792,0.676321162267821,0.132678129861364,0.981768803854356,127.600255528366,118.658234850487,0.205498124472797,0.453319009608903
"1638",0.429203985135886,0.149068959509255,0.497373560662963,0.544625824535266,65.7568527259137,65.7385969155129,0,0
"1639",0.865190216938849,0.334042310638702,0.930412957878783,0.640650804898469,93.2956855891824,93.0913235958009,0.0344297124538571,0.185552452028684
"1640",0.564994789067656,0.00806204575346783,0.721706892427173,0.048632877203403,91.1715160619106,91.0083164790445,0,0
"1641",0.244292062368477,0.0261404929582495,0.0134821639036527,0.444015378477285,57.1822223607543,57.179863176981,0,0
"1642",0.0877690211549634,0.229043758193729,0.356798326264601,0.989752162516001,36.2361006562341,36.3646820984327,0,0
"1643",0.262789568567998,0.815375724692596,0.781285976496176,0.00112897489825264,71.4014941765994,71.3316333584487,0,0
"1644",0.993001335218316,0.631846161343623,0.982160542784142,0.202321483242558,156.86103201404,157.447710408286,0.0988646721234545,0.314427530797566
"1645",0.260592233817908,0.474521796855144,0.732895982807502,0.645522552944836,53.9245291251398,53.9669883283631,0,0
"1646",0.921318241707981,0.988291109721409,0.484398769332562,0.941448122096364,90.9435266237971,91.0171286261547,0.0100754906889051,0.100376743765203
"1647",0.357953282758361,0.516302907273057,0.676198879621574,0.383829350951826,65.9438648062986,65.9524250608759,0,0
"1648",0.781465305001242,0.205640258015133,0.315661600092775,0.818304650340462,79.6724845460757,79.7601696532049,0.0825784696498886,0.287364697988268
"1649",0.834839747646591,0.168790724189021,0.497596049213083,0.317480975703569,102.355347117447,102.28341781038,0.0235975697869435,0.153615005083955
"1650",0.990001134290942,0.559862413004623,0.615153388843406,0.567342045072583,130.507709016639,131.916726928347,0.018191468087025,0.134875750552221
"1651",0.235899352062028,0.0884394461818738,0.00453052057407331,0.921808282591403,47.4010556700654,47.4315222835083,0,0
"1652",0.288079931442975,0.642961177570978,0.0457076595778344,0.322868630478624,63.1060659808441,63.0993847237218,0,0
"1653",0.575849764873274,0.304954244813765,0.287441582406056,0.740400212706998,68.7608212845179,68.7641520419048,0,0
"1654",0.237794814932509,0.664037702351226,0.0445533610107377,0.88261099026585,48.1572273029171,48.1300711117195,0.0325646945275366,0.180456904904015
"1655",0.372320743756252,0.964544259612914,0.383742568612448,0.922433909719228,54.5040012653942,54.4661601693061,0,0
"1656",0.477193294839701,0.327398503163946,0.984936157985008,0.572266096686595,67.7598050855871,67.7832280673478,0.0158728928072378,0.12598766926663
"1657",0.0410063547205646,0.0243943184796954,0.309133019312518,0.587477989028324,35.4613257982061,35.8659106638428,0,0
"1658",0.000916804381413385,0.17817600831599,0.812484609390725,0.780680265482049,15.7348715283791,23.0397923167294,0.406357828644104,0.637462021334687
"1659",0.0225211904462194,0.44697162163828,0.856966117816861,0.822502287212992,28.7720860308445,29.1933599097935,0,0
"1660",0.961683340105228,0.798007519229199,0.485762521089404,0.438239432286937,120.048524049016,119.835407818037,0,0
"1661",0.28053912185214,0.368026054965798,0.549042895172257,0.813378245647415,51.8076632309568,51.8226530570805,0,0
"1662",0.302491861685063,0.162005068798317,0.977576788907754,0.084975970698637,71.4903467784841,71.4479761578803,0,0
"1663",0.252303551526275,0.812393108782941,0.611079681126867,0.172475267881295,65.0023230683414,64.9915810488528,0,0
"1664",0.327830337177264,0.470034023349755,0.130027289885911,0.693385217595613,56.6857384744782,56.6889496954779,0,0
"1665",0.0152586708669551,0.952577460785164,0.631592074008076,0.259223289080197,33.2442353767237,32.7619591066847,0.053110423963517,0.230456989400445
"1666",0.797768890685285,0.614104220306268,0.99945806572109,0.811009611118468,81.3146660207854,81.3495401976799,0.0815293338382617,0.28553341982728
"1667",0.0101452655913308,0.0540217406521551,0.6126434920592,0.0318501173232216,34.1174410245398,33.7127236842333,0,0
"1668",0.462489708596142,0.705762335707666,0.172135845096316,0.832228432361269,60.7146493966492,60.7322959362284,0,0
"1669",0.954876176054473,0.355426893247641,0.29057153963123,0.304311648711562,124.435530122029,123.837258328223,0,0
"1670",0.705613664220204,0.529467748885974,0.491929352274514,0.942001509933267,71.2972765975862,71.3178562507617,0,0
"1671",0.766437297904282,0.0298401995466556,0.448068723623524,0.540761772321188,87.1073011850973,87.1426515180441,0,0
"1672",0.605897083162214,0.421959388868301,0.786517975532101,0.737765183042851,70.5878980611701,70.5776300368721,0,0
"1673",0.326756039945874,0.00733005504088942,0.64965335381357,0.617354386214516,58.3402794487019,58.270434754731,0.0490821725688875,0.221544967374318
"1674",0.197467436498264,0.182334330874844,0.75116465553653,0.26259762775735,58.3648462439604,58.3320453090949,0,0
"1675",0.617925491133705,0.424584028552519,0.00154060890898108,0.368601527958526,82.1032034443533,82.1434964008702,0,0
"1676",0.29582334988215,0.0824209061473375,0.969538472560002,0.9978986499405,49.4357401361221,49.351103143114,0,0
"1677",0.828451807349105,0.10842566096806,0.891298929733457,0.0037444149380317,117.591885350099,117.34465083369,0.116845323587768,0.341826452440076
"1678",0.585852623608545,0.457736213387223,0.353785684122704,0.464071855569724,77.0607621721359,77.047712676416,0.0597983744228259,0.24453706145046
"1679",0.270941280680941,0.778407691044733,0.217111246191082,0.475014118737541,58.2166599407295,58.1841261276205,0,0
"1680",0.579683008282795,0.373522552496637,0.050755679829279,0.87257518067467,65.7549004264767,65.7684660695531,0,0
"1681",0.14086555570981,0.820064558515209,0.522446861306322,0.618006042646244,46.2732777543379,46.3544306458639,0,0
"1682",0.2297546748881,0.47765402615536,0.522895524289808,0.521575524048181,54.5658826334326,54.5494216574643,0.0214816828956828,0.146566308869681
"1683",0.703316112467321,0.872441786337411,0.631228779067635,0.371710915561183,88.2108448798988,88.1236451283589,0.0290714455768466,0.170503506054411
"1684",0.80876163670409,0.479442643296206,0.0782472141673788,0.255156566542108,102.051238562807,102.12789426926,0,0
"1685",0.644477883366751,0.0301082060210174,0.93080159374373,0.667022982311435,74.7701432275971,74.7471290952214,0.0417138224001974,0.204239620054967
"1686",0.963248762904201,0.813998557909858,0.811307192987413,0.335397254691925,126.049955112914,126.11916154349,0.0569307815749198,0.238601721651206
"1687",0.513718267863267,0.630722505714511,0.769625840058667,0.0197116747992113,88.7684470712099,88.7833929276155,0,0
"1688",0.474540250550956,0.00244691887695808,0.202287507496774,0.850671617483487,60.9291872432666,60.9361340616128,0.0291597947943956,0.17076239279887
"1689",0.370922223318135,0.0769399976866553,0.0633407594284508,0.0180560475504026,78.5982088450697,78.5962392489674,0.0583763050381094,0.241611889273085
"1690",0.734451659947634,0.0641746929108631,0.512721023535822,0.824333615540061,76.15614601076,76.142031884986,0,0
"1691",0.0324607573683606,0.270779182225699,0.795210349802161,0.118448842432001,41.269185589919,40.8534666771366,0,0
"1692",0.758402775289956,0.301734375891741,0.0364432636876591,0.510890589260962,87.3192012891557,87.3200085571025,0.0121004894608632,0.110002224799607
"1693",0.438119368282147,0.966388870209339,0.805466802134877,0.491168694309774,67.711868486903,67.6929814555477,0,0
"1694",0.0121264437006321,0.0388524556685006,0.0242299859244376,0.244929457320832,31.9487730548701,31.8451840815997,0,0
"1695",0.0450236552428687,0.687341845901101,0.752097215923131,0.950582767522661,31.7413018033177,31.3944840992918,0,0
"1696",0.442470134673407,0.492555283906287,0.97635379078472,0.272556920728413,74.4939366339573,74.518546567764,0,0
"1697",0.995888587345951,0.3605455450312,0.673434755316586,0.128635631135665,169.021891364286,169.231859453243,0.0625021310988814,0.250004262161431
"1698",0.228717044356512,0.453219460210181,0.989400239015115,0.394584137387341,57.4206013876254,57.476252555358,0,0
"1699",0.998946146049071,0.259411492516287,0.0395255066044629,0.060010056148516,190.931956218272,180.225596665411,0.127750620711595,0.357422188331383
"1700",0.501389751785435,0.224203462873818,0.895332090436714,0.949089503110154,60.2933052058575,60.2926452493076,0.0715623707510531,0.267511440411533
"1701",0.63062123824819,0.193918894245988,0.862631205749814,0.118858953077113,92.9579018665392,92.9170742200269,0,0
"1702",0.194123321742634,0.20740838688612,0.0115582598879701,0.207288154711132,59.4342061421884,59.4049178639913,0,0
"1703",0.186051867187372,0.37775849721313,0.527583456880762,0.246852129953448,57.8325688289047,57.7701102652767,0,0
"1704",0.712418859912199,0.198624124937342,0.242966499766218,0.593816461465205,81.2264199977622,81.194523867637,0,0
"1705",0.527199303145055,0.977231663590064,0.791634701938136,0.723299982583383,66.6344097374765,66.6487009906854,0.0317030486185104,0.178053499315544
"1706",0.859908378875232,0.565266061372589,0.825420940879732,0.954683204725618,82.8552238351202,82.6610103086984,0.104415367473848,0.323133668121798
"1707",0.796506119744969,0.0279347201947821,0.762332984174485,0.980058449300588,76.587598144397,76.9956263290763,0.157130411360413,0.396396785254892
"1708",0.400428314307123,0.52975942208746,0.389895076258807,0.277437901266851,71.6267285811078,71.6095982792489,0,0
"1709",0.445661092917435,0.214338739344035,0.172794361741864,0.476194861016003,68.4378548461929,68.4405618811938,0,0
"1710",0.373619576800964,0.79904775750963,0.474015429956489,0.566078452488873,62.1282185710782,62.1184721303804,0,0
"1711",0.0852136225108989,0.222703480036464,0.38213951470959,0.499381630232441,43.0365931234383,42.9054660709787,0,0
"1712",0.0171031311425613,0.977928947698208,0.935001038541319,0.689993007669342,28.5741280442822,29.9470860385903,0.0286809771787375,0.169354590072834
"1713",0.514769325062982,0.0125606114136754,0.413335085262894,0.1166630223518,84.7078466519975,84.5977493673452,0.051254118909128,0.226393725419076
"1714",0.664103046342381,0.998573800392565,0.86429869103455,0.980915268163895,68.0040674293712,67.9552442405808,0.0255790605442598,0.159934550814575
"1715",0.522709288989077,0.967781489595422,0.249216347339679,0.622511001540464,68.8440318053812,68.8104502883213,0.00520500924903899,0.0721457500414196
"1716",0.88248477018741,0.449748381670564,0.332768775873235,0.959792078801664,85.0541513733358,85.0640231273915,0,0
"1717",0.471169476947864,0.921730908946833,0.00408111000561621,0.0244454241584754,85.3117615314773,85.3167713116288,0.170638175215572,0.41308373874503
"1718",0.86341000132414,0.538189047296997,0.805859042560915,0.636614329895121,93.2032740405418,92.9602086010326,0.117670816369355,0.343031800813503
"1719",0.325773244587122,0.644792815833585,0.923463291068329,0.0152335489789257,75.6669167667412,75.6767356422271,0,0
"1720",0.326120939940796,0.142889023932395,0.473292741703102,0.0105498086992884,75.791030040231,75.7101722233444,0.0693758723791689,0.263392999867439
"1721",0.23632465648232,0.99540038452798,0.659028180954396,0.871387284534751,48.3266327258479,48.5074428134511,0,0
"1722",0.0125407752681058,0.669480355222942,0.209919203553116,0.601845014128485,27.7678480521937,26.2396528401415,0,0
"1723",0.00871957396820653,0.0133955804440193,0.76330448198528,0.247178099506418,29.9650265138506,31.2146587857566,0.040747950784862,0.201861216643668
"1724",0.589061099002021,0.608649216950755,0.554354358253884,0.441453890720033,78.0172327328745,78.0001254388782,0,0
"1725",0.0428599930172786,0.685855735448771,0.676502455132548,0.270266698367777,40.8017829605415,40.551668750151,0,0
"1726",0.983693851447664,0.999742741144495,0.8872615416958,0.904807956674369,110.474196798833,111.128379213965,0.0444679136853665,0.210874165523818
"1727",0.0141956989181926,0.601306349310325,0.128119546968723,0.158363521056715,34.2763857257452,30.4625467656726,0.18064215045888,0.425020176531515
"1728",0.983069457075209,0.445701275661588,0.220607701690868,0.6102402266633,122.081820280396,123.547410404089,0,0
"1729",0.673683459176915,0.741884848460555,0.995136798147345,0.535502743151621,80.5600158337059,80.586788592478,0,0
"1730",0.9948920661679,0.0761884375818772,0.581595315564889,0.777020808735513,127.623423620553,136.463206114245,0.495890742400661,0.70419510251113
"1731",0.00431448656867724,0.753755840613856,0.252471225725836,0.950258649274707,19.9349011881084,20.3091496157938,0.417374548036605,0.646045314228503
"1732",0.761383378027589,0.107819774376811,0.735727495643659,0.454929098152788,89.7855763546978,89.8008961734708,0.0502300269436091,0.224120563410877
"1733",0.163886797457235,0.783376112545258,0.944848904910265,0.983791791014373,42.2046200294238,41.9120998309784,0,0
"1734",0.490745986491442,0.444145587711246,0.241182518534595,0.0822921720015584,84.3916095073726,84.4404975186625,0,0
"1735",0.564382692978717,0.790788142039091,0.469629121944425,0.0562300167544745,90.7246993466204,90.7067377463514,0,0
"1736",0.274180545069394,0.374660229383619,0.843735674177995,0.134793739103014,67.7882142664738,67.8342023810193,0,0
"1737",0.730892939914716,0.974184245279757,0.0720932755484246,0.797884138250374,76.5066621017768,76.3275194068225,0,0
"1738",0.847551467428217,0.941201349884388,0.636217419107561,0.0271489349971525,118.687140225768,118.848397228853,0,0
"1739",0.757038324413355,0.528181044588215,0.722987619969877,0.334944299521041,93.9931829141693,93.9902129016637,0,0
"1740",0.845435064170277,0.232523910916992,0.123095611738157,0.236297670223052,107.137279092485,107.083980917039,0,0
"1741",0.0162718800486764,0.908587131747976,0.212347487927298,0.662171706871246,28.5672339345204,28.7117095871596,0.0501756976591423,0.223999325130997
"1742",0.677197297915816,0.475740141523071,0.992919171662652,0.291565993046388,89.3607925187274,89.4266727177149,0,0
"1743",0.969207627742435,0.777505243010237,0.0390313666053116,0.355227698666393,126.976432888767,126.650230093606,0.0476924625691026,0.218386040234037
"1744",0.492136273316341,0.633642553515267,0.974908585800091,0.789365375119611,63.2663696538061,63.2859799589028,0,0
"1745",0.894672825657879,0.874191749991034,0.227002197481343,0.771478328420315,92.3375066158632,92.182991038165,0.0357322521740571,0.18902976531239
"1746",0.313994601803832,0.587246531088837,0.503973935577786,0.885534722712357,52.2662111829218,52.2607918384634,0,0
"1747",0.00715722834551707,0.290199254446779,0.0191931109824218,0.478345151855727,26.1335984376451,24.8624697553639,0.0183299880009145,0.135388286055015
"1748",0.990502280884888,0.762987050600466,0.00847520949959289,0.804390059258207,119.683811958184,118.594710274754,0.0184530875412747,0.135842141993104
"1749",0.278504243827658,0.0653586297282018,0.198689427877776,0.203512400540989,65.8811598945122,65.8157773030177,0.0819224568549544,0.286220993036769
"1750",0.972977777261403,0.289156247566687,0.428675704132416,0.48315867265407,122.496795952629,124.315430591053,0.0162566105136648,0.127501413771239
"1751",0.0267264164384687,0.552882734278799,0.635322717676288,0.472894320001593,33.9816102334186,33.3653829289783,0,0
"1752",0.701431812839699,0.645564418692258,0.258906966785551,0.498781184014981,83.5100919855873,83.5414588407063,0,0
"1753",0.788128571161651,0.72253663015354,0.961398907362949,0.0393884181649191,110.840688140767,110.759953691514,0.0285484960768372,0.168963002094651
"1754",0.187980112907826,0.320694915897562,0.754778589776484,0.797153267680784,46.6287359969356,46.4034775975331,0,0
"1755",0.99685171537369,0.999174331542221,0.334815925222123,0.360815973749617,155.321813832367,150.983439037085,0.0259753174614161,0.161168599489529
"1756",0.0788460581398103,0.418397015933413,0.420240584960789,0.707452279941645,39.0504922369199,38.9776348723134,0,0
"1757",0.849637790383305,0.337663057655329,0.642912349219783,0.811532083647442,85.9458995037598,85.8254326518033,0.0192884732969105,0.138882948186271
"1758",0.989494900108199,0.16783025661984,0.818855955672101,0.762232854809845,120.917488325237,128.055159570112,0.223352976376191,0.472602344869543
"1759",0.33406475288514,0.998279400712927,0.462229228485841,0.70618085742835,56.8075826086206,56.8083399886206,0,0
"1760",0.475155703823082,0.321776618110132,0.0365656425171765,0.00674231117102317,86.3561421610483,86.3779047833433,0.0963793045375496,0.310450164338094
"1761",0.515792082430446,0.775730207800167,0.959367490473553,0.139120806523249,84.0079969045653,84.0631807026828,0.0150521768955514,0.122687313506945
"1762",0.592045459811692,0.417163495977176,0.771159734314424,0.196497895419365,86.9293595736958,86.9369325687488,0,0
"1763",0.339461598419817,0.0101757013149327,0.807956733877771,0.220848576103104,69.5748743502033,69.5572120368716,0.0116250455612317,0.107819504549185
"1764",0.698792571646511,0.580332065448863,0.217906540298485,0.943504817196401,70.7863422520404,70.8200292445572,0,0
"1765",0.267961075491738,0.24534777530795,0.976555801463895,0.613242454727879,55.0509086773358,55.0969100653542,0,0
"1766",0.821255033052526,0.759810829265625,0.364105151133146,0.0138488527310546,115.872334759092,115.959682269741,0.105798765900545,0.325267222296598
"1767",0.873629000536981,0.277941161159775,0.971125262015499,0.420923756783362,102.840135166697,102.722960090006,0,0
"1768",0.886666372125503,0.99416029295593,0.0303352143189404,0.0927138175612781,120.467124107605,120.955118581658,0.00737891846802086,0.0859006313598501
"1769",0.345898404989042,0.262481878578314,0.596487588687101,0.382225589336944,65.2449609841845,65.2448588212724,0.039958770154044,0.199896898810472
"1770",0.978988517366,0.60734625973762,0.753666191533208,0.221513651496032,140.605082766934,141.321996082665,0.0206085190875456,0.143556675524148
"1771",0.485435513790697,0.102585639939411,0.439805468065664,0.98461346728832,58.7636267879752,58.7409878045788,0,0
"1772",0.337084357905318,0.894386839556391,0.477454885833547,0.339791015686817,65.8571950008299,65.9189083990763,0.0300667283590883,0.173397601941573
"1773",0.212983413621667,0.266895400377107,0.266183555360651,0.0740979989180341,64.881276476166,64.8931810218065,0,0
"1774",0.509288693058421,0.636811735793366,0.0987576849759789,0.336953648912138,76.3334911318212,76.3568741840772,0,0
"1775",0.656454716487322,0.996282400155324,0.438187495404389,0.7198475674449,73.9665336205272,73.9297584410658,4.71645034849644e-06,0.00217173901482117
"1776",0.303825995100313,0.150234831030015,0.479380259203375,0.773324165307917,53.8230651422929,53.7752899589773,0.00124807853717357,0.0353281550207985
"1777",0.710486027056817,0.322498350336333,0.23005569400161,0.0119811622815905,104.358345084084,104.382094546873,0,0
"1778",0.61979943159339,0.0709516151878051,0.598081246652058,0.237434707619483,87.2298238487976,87.2179979684495,0,0
"1779",0.00374892892979551,0.750018443870242,0.43627075708413,0.448476467069006,23.3813635024399,21.9018846305396,0.0330568159697577,0.181815334803635
"1780",0.524395244105719,0.989139398572734,0.701603287023841,0.278703722404549,79.3869795367556,79.3781557960168,0,0
"1781",0.981864165475476,0.70244898982218,0.987967759068124,0.627078938680701,120.865876430234,121.910691252171,0,0
"1782",0.212005230584648,0.520191129042534,0.237709819294279,0.897876102475566,46.4383686098745,46.2573018800526,0,0
"1783",0.0380742429599632,0.491536304105422,0.727888214047882,0.0447249661387177,44.1853172252821,43.3564058134114,0,0
"1784",0.683526207128307,0.483462680391385,0.283173339926056,0.219587095428142,92.5419678489742,92.6277031313027,0,0
"1785",0.60996853277192,0.251556061557494,0.532800433108583,0.759815683202352,70.2175499911014,70.201243368482,0,0
"1786",0.169490352802561,0.0521693466925062,0.717581443020725,0.789909370984766,45.5079933802381,45.5038715802885,0,0
"1787",0.979902733689873,0.0268128370305058,0.00770266295166221,0.306655278816586,135.462708260384,143.284888913607,0.0673807607963681,0.259578043748635
"1788",0.352335238431348,0.701025819426402,0.00680051194527186,0.0355077366207261,76.5977984028446,76.6679711624688,0,0
"1789",0.31554353992187,0.000670669851009734,0.347497614616412,0.573700785646215,58.6437322148872,58.553727364434,0,0
"1790",0.725957441841019,0.753479014176759,0.455450983321527,0.60653354291548,81.8552840273331,81.7974611249954,0,0
"1791",0.026393540836405,0.395044493437279,0.670934063814697,0.987498770131148,28.067236596094,28.9102539668864,0,0
"1792",0.726588289423729,0.520850957439514,0.0537302615628578,0.765623728219536,77.092463153066,77.1135538449837,0,0
"1793",0.932097990178037,0.659586740869097,0.66147729783284,0.769143367076875,98.5978577234483,98.7511764736113,0,0
"1794",0.632413830732694,0.723000889418414,0.800157075079274,0.687312906519393,73.4652853256922,73.4508851515029,0.0284117144765332,0.168557748194894
"1795",0.716078107758309,0.768919140956248,0.0339916667554062,0.163375125198276,97.4678803986585,97.4551982318682,0.010016125976108,0.100080597400835
"1796",0.25943543577753,0.713115386396181,0.364943358397461,0.00442702879186254,70.9487223661915,70.8659634307251,0.0500418286537752,0.223700309909877
"1797",0.930423482694547,0.0982178486335324,0.308755076677189,0.37363022963109,114.378044195087,114.531853944057,0,0
"1798",0.005719453357975,0.375971441860776,0.977482118438114,0.290068928464665,27.1131236472245,25.1934246354955,0.0111914925510064,0.105789850888478
"1799",0.741649007435655,0.452274149514968,0.677444419320091,0.0149318495393964,107.301608125096,107.233318990657,0,0
"1800",0.934396412853268,0.0359314908358501,0.708951105584973,0.263456914930372,121.054873106234,121.579615563885,0,0
"1801",0.988417444089078,0.980239442798193,0.764895797748934,0.691123378861928,122.996147089891,123.754463074252,0.101674674428068,0.318864664753039
"1802",0.00839105932519306,0.975577065493679,0.996796447133529,0.205800457286416,30.3055754398709,29.7936835746243,0.0684117712080479,0.261556439813758
"1803",0.735387484308565,0.143158827068051,0.0531179786433931,0.743433989829035,78.320074519163,78.3020489824339,0,0
"1804",0.261155584986089,0.487110767817125,0.167783136383514,0.45166019665054,58.1346844870948,58.1441189074091,0.0953763383440673,0.308830598134426
"1805",0.033111858244054,0.997966552964877,0.402176350494032,0.264116879645851,38.7578850904371,39.5267729087533,0,0
"1806",0.0146048147578258,0.0153132031012792,0.118950694458326,0.988395010025357,24.9140131508545,29.6591823948484,0.782765638781711,0.884740435823813
"1807",0.625632861829363,0.253538966473425,0.460141137415194,0.11531961479492,92.6324893588385,92.5973260833067,0,0
"1808",0.161584938944899,0.931686475979979,0.0427439315490192,0.555249205761473,49.0020374428454,49.2746487678849,0,0
"1809",0.00182803304900881,0.0941743661891669,0.803687266706605,0.516104126780061,19.8445640769179,24.687285909393,0.26855431473814,0.518222263838731
"1810",0.719633407005109,0.332890881885425,0.788709145103232,0.547317020796472,83.3576003648343,83.3648370056161,0,0
"1811",0.933707993786433,0.220017218721681,0.285868653015932,0.985919097570586,91.6527117811747,91.0781029297827,0,0
"1812",0.751121547783492,0.0141348558891332,0.288427016302245,0.137735103045823,101.895528412317,101.929328296549,0.174425101024099,0.417642312300967
"1813",0.256162257702323,0.217955448933528,0.0413080971600721,0.562775348987197,55.2924493531688,55.3105134551644,0,0
"1814",0.332807432861766,0.210768210259965,0.349452221976477,0.333779727704241,65.7356957783224,65.7314335531084,0,0
"1815",0.00481542706291657,0.696979690002627,0.514534183954936,0.946752267382573,20.3874451340393,20.7840108024279,0.275247530080378,0.524640381671463
"1816",0.391456871092319,0.292920528610237,0.186578630130505,0.83987284280418,57.0140657310124,57.0451362854318,0.0132343313889578,0.115040564102224
"1817",0.57936368283967,0.952305549748009,0.00726444431324489,0.53928717851406,74.2964675222026,74.3100309611949,0,0
"1818",0.180833021526807,0.405562207902898,0.0328861563298851,0.00888985849125311,64.07610193703,64.0968142120851,0.0271042609820142,0.164633717634069
"1819",0.968825438632979,0.260583875368,0.0388349871011451,0.660420223737834,112.392953304745,113.20740517833,0,0
"1820",0.715772928706603,0.00869460164743941,0.909393213198055,0.221160705635091,95.242920252911,95.2347734039677,0,0
"1821",0.466733373290743,0.710644273469457,0.594293020872865,0.220420629874803,77.7238383090856,77.7471556358613,0,0
"1822",0.25144657597621,0.666033254454262,0.75884739600902,0.509620235786657,56.2577633427502,56.2925291919505,0,0
"1823",0.977926204219693,0.590975016700802,0.379042632399127,0.768688028658507,112.261277507456,112.254083436068,0,0
"1824",0.157579106388031,0.769100889350986,0.241842380963732,0.263526977380272,54.9742465059237,54.9941048102685,0,0
"1825",0.00337307926930953,0.437381779264775,0.395631268478231,0.175245745150838,25.7865182827537,22.7733813961994,0.191953351604752,0.438124812815654
"1826",0.324019104104373,0.822441501221969,0.163953015869367,0.99115649114328,50.8831131899669,50.8431380559577,0.0639812625013292,0.252945176869078
"1827",0.793134620084544,0.296837021107902,0.995518552924041,0.0751871329619316,109.488400583938,109.482058681269,0.0665952070849016,0.258060471759821
"1828",0.757575368143502,0.979352262331406,0.401664665347431,0.450707069770899,89.5325308182115,89.3358631989771,0,0
"1829",0.827132035153219,0.426190625161398,0.532360141164274,0.234151340781944,105.262102138274,105.193160288255,0.0344873351277784,0.185707660390675
"1830",0.701638576391269,0.97646040373377,0.854058422312024,0.418801393506699,86.4236562996198,86.2641147546519,0.070422655204311,0.265372672301258
"1831",0.483523964554188,0.427842517264653,0.604494569467148,0.887968197421753,60.6496322055876,60.6470453885789,0,0
"1832",0.459690595826018,0.523813200828736,0.316556343156146,0.819118653362733,60.8820678340534,60.8907402467781,0,0
"1833",0.689891639270354,0.235903627874097,0.918696314447443,0.769714612631127,74.7729682947073,74.7888957315851,0.067388069932349,0.259592122246321
"1834",0.247144840795663,0.982943592669093,0.994076746804756,0.848290398062556,49.3574523404948,49.5243216217986,0.0493995598517358,0.222260117546392
"1835",0.0946555098019307,0.298793604151113,0.624811142385821,0.58584642983519,42.6284257752597,42.5990145913407,0,0
"1836",0.0179670229310868,0.568982398296706,0.0143198376445798,0.977012064750656,26.0505608975502,25.9564850962566,0.0288129339460284,0.169743730211246
"1837",0.720243080419838,0.760718341293861,0.942260857635294,0.970446388276061,71.5851905416417,71.5134777964508,0,0
"1838",0.953426431026077,0.697386514026555,0.274191731656087,0.218956572435796,128.677582850423,127.814368402868,0,0
"1839",0.0345334688136354,0.626606704494567,0.915372989704832,0.41174234011292,36.7304886148413,36.5475897570578,0,0
"1840",0.520861735572806,0.479879392960807,0.819660087221418,0.439146537161316,73.993853725014,74.0032202891307,0,0
"1841",0.366872353093466,0.381310806589667,0.46576530516264,0.0949163609271636,75.5717996380915,75.5625815126216,0,0
"1842",0.0167199423876591,0.993623528915457,0.469217209779075,0.739905070370995,27.9174402761762,29.1316130086068,0.0679640308953822,0.260699119475656
"1843",0.889985241494025,0.00416186715720687,0.334043216887861,0.714935625137994,93.6544155461775,93.6088198431801,0.0237303487956524,0.154046579954416
"1844",0.328654269344173,0.597084490041831,0.802190992318094,0.895102965992875,52.8688276223549,52.8644887937189,0,0
"1845",0.531611393814674,0.988863863715087,0.573604658676428,0.986459076514351,60.9727291648804,61.0611136668378,0.0437400977825746,0.209141334466849
"1846",0.910436620736378,0.256228812010027,0.820483994669514,0.999757937423769,87.6219009943492,87.4415938101918,0,0
"1847",0.728060317751137,0.933453925110283,0.668759968254715,0.647831373901689,80.7814053470989,80.608897835201,0,0
"1848",0.652209727609763,0.972956036527175,0.285017340445425,0.945590745627065,68.0542356601352,68.0432276016043,0,0
"1849",0.467316545434063,0.0287308654596563,0.639878822315252,0.814345281009213,61.4148454808955,61.4156445620966,0,0
"1850",0.0202767570698634,0.97130787822383,0.290368404534995,0.0190236698841909,39.3292918344826,37.8269925970046,0.0624614768894389,0.249922941902977
"1851",0.497690431989613,0.0720576293637278,0.683081616041018,0.455232111725491,72.1317510133954,72.1125507505799,0,0
"1852",0.739191809538286,0.255567573732813,0.506118708222988,0.526745584068238,85.4394116812953,85.4052547250253,0.137149958056398,0.370337627113959
"1853",0.138053366463166,0.199142439529067,0.248715226198663,0.724515905740089,44.2263742263162,44.4402295104636,0,0
"1854",0.620205166923115,0.129903496129788,0.0651548721949803,0.126124408710049,91.5968123661206,91.6216528217114,0,0
"1855",0.136514532664791,0.293702572783805,0.136364395441138,0.991814380560536,40.1662310656616,40.5670907827127,0,0
"1856",0.972230140498956,0.745389522004756,0.233936960335006,0.571917192867724,117.839312469155,117.574949724817,0.0213078999659047,0.145972257521437
"1857",0.0759890538735781,0.927106676017749,0.662016112750745,0.0214127964696381,51.8514050766045,51.1785400052718,0,0
"1858",0.509906960160122,0.965175897361478,0.247467105911812,0.38260986341699,74.9634601553244,74.9329108187011,0.0516621540300548,0.227293101589236
"1859",0.84189783610322,0.706257869775058,0.68877835173253,0.506200704051647,95.5087097641335,95.3507937409919,0.0297244243556634,0.172407727076438
"1860",0.679187121487455,0.707218928323826,0.645767497781548,0.926606264741742,70.1076839207913,70.1291287444784,0,0
"1861",0.475847600397537,0.885454045578023,0.759542207758175,0.0495265989485197,84.8390270684298,84.8239770296848,0,0
"1862",0.464958377903444,0.991008850387414,0.963629964695196,0.28489294843853,75.4870166276439,75.4910686354158,0,0
"1863",0.402937148876488,0.571993691330194,0.585062673464068,0.658132049801061,61.5713721416398,61.5518051246518,0,0
"1864",0.504584513394162,0.730167204664089,0.215961060855654,0.0898642664869549,85.0230791792637,85.0714809978839,0.076376318349503,0.276362657299251
"1865",0.776884017770877,0.722290405500564,0.996368235250236,0.296336475237273,97.4323486068868,97.4385074980423,0.12221428763587,0.349591601208997
"1866",0.958900066080038,0.113992450834485,0.664664242064697,0.00465831301931758,144.726359326364,144.441053603859,0.0279971952550113,0.167323624318299
"1867",0.980193973435438,0.349683094859123,0.707846964151133,0.605801366157364,120.692415847406,123.349870342274,0,0
"1868",0.0769934800321935,0.737149828116293,0.886567899341579,0.706998172481544,38.871895665836,38.5688870328306,0,0
"1869",0.758947396335425,0.785626398677123,0.0308157690991648,0.999029201003257,73.2286522677164,73.147039916848,0.0376485049491748,0.19403222657377
"1870",0.264752933418378,0.791095216169837,0.614306140869157,0.996223958842806,47.8402011899635,47.8613572249648,0,0
"1871",0.348116218906711,0.259643178541563,0.990222281345399,0.300280512003694,67.7482658193452,67.7637701855106,0,0
"1872",0.269340651324368,0.0256002006921917,0.86603107600857,0.502245450811926,57.5637379379378,57.5336193732878,0,0
"1873",0.687238151067053,0.990554232398397,0.457122011346975,0.0853800351403188,98.8360677578394,98.6115015473849,0,0
"1874",0.171249644818832,0.0571160427726572,0.808291042943369,0.0297500104099745,62.6676762790266,62.6602197253053,0.00846873829141259,0.0920257479807287
"1875",0.0358157048679423,0.233174469601014,0.898196949004079,0.988519735691603,29.8767392407051,31.0116191490409,0,0
"1876",0.955038602090324,0.44892016278056,0.188505698937341,0.0914042201415868,136.948892468965,135.124294507148,0.0448443529894576,0.211764853055122
"1877",0.316825741842971,0.315059110893868,0.982751819473342,0.861730409077369,52.8845289137409,52.8820418364636,0,0
"1878",0.394791655692505,0.360093941886909,0.0195463765378809,0.293786834441707,70.6692040515253,70.7039457730539,0.0640919094439596,0.2531637996317
"1879",0.999725591715891,0.813013310223352,0.829307104628999,0.0614524237634614,207.936800878589,176.96417638884,0.147163226036355,0.383618594487226
"1880",0.705462472838117,0.0406979075598065,0.260777265618672,0.944528651921894,71.1776828755167,71.1815546505175,0.024071165593341,0.155148849797029
"1881",0.746783431813354,0.431141545925522,0.277897800660925,0.631995150735253,82.540522244044,82.5153211824537,0,0
"1882",0.451713798253564,0.84175530075666,0.978697313683224,0.647289322686149,64.4769076477743,64.4933939965899,0,0
"1883",0.293550341936527,0.681711973027792,0.960316924765008,0.257623624993721,65.4406585583962,65.4798397719945,0,0
"1884",0.458279109341442,0.0488767219370929,0.0705575019662501,0.651657197298016,64.5783086654903,64.5861997898418,0,0
"1885",0.281658422671491,0.960681459987187,0.191042466564686,0.0916403292152099,69.6160317749997,69.5331997490301,0.015011670999229,0.122522124529527
"1886",0.0014484649002552,0.338270368419122,0.100545116747729,0.213108806899516,21.5629611776187,21.1667977211329,0.0951307613868266,0.308432750185233
"1887",0.0931685187686235,0.00104714844888076,0.387056952379411,0.097835046358523,52.2995288085065,52.0663863443872,0,0
"1888",0.0213804065099685,0.184881928991643,0.536309753308771,0.869595739311422,27.9988932862525,29.9005659932901,0.0950141224311665,0.308243608905629
"1889",0.991133408020134,0.756833511964651,0.878146249204408,0.893981041574036,117.184351782211,116.798183486336,0.11401604837738,0.337662625082167
"1890",0.967746417902992,0.986394164036377,0.338768415285158,0.0591041428907774,144.621523664489,145.032791539012,0,0
"1891",0.29645014998666,0.975349823635886,0.213479144254001,0.755446562668541,53.7334671420926,53.7091698067044,0,0
"1892",0.800710427278536,0.609045915803639,0.033089085826301,0.452052114389371,93.1231133912162,93.2231982650108,0.0534919140627608,0.231283190186318
"1893",0.461657396810479,0.239102917733137,0.713362648964045,0.0844400702789426,82.4494324586379,82.4336385072107,0,0
"1894",0.28615804263053,0.893642781408736,0.683568752281135,0.661312112233136,55.0954102118952,55.0918708641867,0,0
"1895",0.718066949851927,0.765714793648454,0.428462956193369,0.28363774479914,92.7096840846481,92.6508188647031,0,0
"1896",0.716892449198989,0.680990586529719,0.729769824265386,0.13683065537666,99.0353326938442,98.9955544515826,0,0
"1897",0.245260888683493,0.995991599066067,0.737755053167464,0.261423881777329,61.9688428766473,61.9893141425692,0,0
"1898",0.775764244367951,0.297499534066068,0.0217123704905389,0.963954450415797,75.2688060499171,75.3436076700676,0,0
"1899",0.0190611213599332,0.383299532666919,0.899951828079647,0.604538707702653,30.1525943574855,30.0613673940588,0,0
"1900",0.292984360784641,0.326138498448301,0.400926302691689,0.990781333600054,49.36675007722,49.3447544754766,0,0
"1901",0.165472130281269,0.704859032659442,0.337425421226537,0.737284103880054,46.0679724019271,45.9788673755177,0,0
"1902",0.21689572519518,0.667498133802437,0.518963443851564,0.349380765361013,57.630210709272,57.6072095827803,0,0
"1903",0.927132908803178,0.954848357064417,0.0239099623830989,0.654515947233071,101.554483412239,101.676527487848,0.0192892515333369,0.138885749928986
"1904",0.0350003101420589,0.966663170957821,0.0595168119393056,0.289337454733672,38.7457733204603,39.1493055239152,0.0243618432432413,0.156082808929239
"1905",0.0655282971035922,0.178993817581097,0.56238219705259,0.329408592849504,43.5553411454045,43.3647408430319,0,0
"1906",0.628623592214775,0.206677078159526,0.705223713144544,0.997401700899471,65.6775974182148,65.6560925586501,0,0
"1907",0.664691081625992,0.28591117330303,0.208672996865236,0.366636792853242,85.4489925672351,85.4689491550992,0.0168888783082366,0.129957217222579
"1908",0.622087150515989,0.0051640695030801,0.390495573157095,0.375586464549066,82.2815749562749,82.2806540445468,0,0
"1909",0.651947670191061,0.503776532681892,0.998325104376418,0.621883427064167,76.528054781843,76.5290844161249,0.0458745947107673,0.214183553782188
"1910",0.752903672211221,0.038470205186517,0.716900120395119,0.715669756409945,80.5639309822547,80.5978786982274,0.0409182334551588,0.202282558455144
"1911",0.332177990571363,0.699739908602904,0.0404379767795326,0.627831637262599,58.3162292151354,58.3236770601055,0,0
"1912",0.277898577880114,0.606404147427995,0.671367665309692,0.0398728309090948,71.189006319678,71.1698454385901,0,0
"1913",0.853660020427895,0.779873522944632,0.398772986259777,0.942970961877611,82.4613338535908,82.2931070048784,0.0354391299188137,0.188252835088382
"1914",0.512088508861372,0.992978350354708,0.533878716086387,0.521335581777501,71.0446964515895,71.0059159430269,0,0
"1915",0.796079769366072,0.272239058142179,0.7709155889994,0.236814469517907,101.85865989688,101.868798652903,0,0
"1916",0.355398040238069,0.347698506944114,0.35612839217321,0.587805580375018,60.5786207073024,60.5805880945315,0,0
"1917",0.974813410426606,0.279774651654647,0.41764118232904,0.756036680067424,111.26836619804,112.90603154812,0.0158688829978928,0.125971754762299
"1918",0.28212665101001,0.997459046277916,0.965407018625294,0.0258463481933577,72.0409082952589,71.993127419539,0,0
"1919",0.661898709170986,0.757942403334542,0.14912992324878,0.70191906903265,74.7134892891513,74.7356676917739,0,0
"1920",0.0221876957144123,0.816059987029876,0.713835489329649,0.480904952053097,32.6246698345042,32.4438387512145,0,0
"1921",0.426470663292101,0.287729237880441,0.761346464297967,0.674279041773756,62.4690251634582,62.4654767279101,0,0
"1922",0.938862368785543,0.0394419699887512,0.947571363197407,0.501570952948416,110.69367209454,111.709855374147,0,0
"1923",0.0137547789425589,0.711949654670781,0.470462411054643,0.102963351774379,34.9800523450201,31.3791336664237,0.172869758913293,0.415776092282004
"1924",0.617444334922358,0.544996184589574,0.451796581108007,0.0157277133186581,96.5394357987183,96.4566877403788,0.0452614554669708,0.212747398261344
"1925",0.430427871558582,0.548138386512757,0.0581200692731654,0.949846676204936,56.7445056247251,56.7620431965315,0,0
"1926",0.480858451577369,0.018021693215007,0.936638940920937,0.851468892931356,61.3237066825263,61.3392088513598,0.0204488369636238,0.142999429941604
"1927",0.939374084364506,0.555842961640796,0.415033709340612,0.427935960549861,113.953272044592,113.631909766341,0,0
"1928",0.108734346688376,0.116232855559443,0.191800452806754,0.418287019345327,47.0275349651393,46.9966986237661,0,0
"1929",0.092688340905821,0.383987459782278,0.994710798636545,0.0251102803297108,54.1615506322944,54.3774172405799,0,0
"1930",0.132803928532987,0.949357349228696,0.365909987325897,0.995877064027707,39.8617186460527,39.979220686747,0,0
"1931",0.172397440639557,0.429482788859168,0.761560016245116,0.347135795701877,54.3073856263255,54.1968125911253,0,0
"1932",0.454772519872058,0.200754129821435,0.255587186935474,0.0207694674370578,84.4296997902977,84.3695742333717,0,0
"1933",0.675761734721717,0.961312284068554,0.1609438978174,0.00220197809615638,101.789468128166,101.62088286289,0,0
"1934",0.962265114744077,0.215763033611467,0.4075351250557,0.146551478567766,136.411388576779,136.511278605174,0,0
"1935",0.976013395495363,0.981361717791297,0.988100386737147,0.378339515723987,129.726493457703,131.391593574552,0.00477078289259225,0.0690708541469718
"1936",0.842125968195731,0.943799941261066,0.698173191290698,0.993708017375786,80.0461882279997,79.753937774716,0.133879025233909,0.365894828104893
"1937",0.0490987373872194,0.661440581664792,0.00334341422107536,0.421584001666633,39.3242372386926,39.0774188873213,0,0
"1938",0.987184896375868,0.489476049416349,0.922519112276379,0.0312248287880793,161.236554960095,162.431354773115,0,0
"1939",0.465851903446484,0.675847865697928,0.319000969889108,0.453221444203984,70.2750258168165,70.2720555010839,0,0
"1940",0.454468813334475,0.881997681697598,0.83570469737961,0.935614383825799,58.283658806574,58.326754278427,0,0
"1941",0.820062586483313,0.0375547089761822,0.1081992359953,0.514122921599541,92.726330988837,92.9071974570691,0.0397103492869064,0.199274557550397
"1942",0.109117459033849,0.428560161172529,0.0553441894641146,0.73412203206541,41.6323675693155,41.9476175244886,0,0
"1943",0.226256581778871,0.0206563300854759,0.307042475765804,0.948816186945536,46.4656889916426,46.5037975912965,0,0
"1944",0.974242084790836,0.734258454799885,0.026074589943164,0.0547835983046098,148.094958928173,147.114703516613,0.0740064464043826,0.272041258643579
"1945",0.691885168220615,0.502195643760962,0.577468875237159,0.684063671089476,77.2243219450687,77.2545406210658,0,0
"1946",0.918678742370219,0.932925700365216,0.612048668078263,0.270927375518135,117.117301566413,117.320840657337,0.00917148357257247,0.0957678629424948
"1947",0.655977016053628,0.358749083242728,0.341346649358631,0.967935867298162,67.7651862313171,67.7687282190418,0,0
"1948",0.105994573729578,0.560059961190913,0.637117048355169,0.748544526114711,41.1794211578961,41.1829134003534,0.0201102213468403,0.141810512116839
"1949",0.341359120782465,0.00750118637341075,0.546310866022715,0.237821640752139,69.1350742014768,69.1226529194716,0,0
"1950",0.240822939101374,0.50103769326082,0.224640056862147,0.174021576704225,64.0390861518179,64.0622064707615,0,0
"1951",0.0832479691924527,0.0316704918905161,0.987145362754934,0.774359547736472,38.605838824856,38.0117849475824,0.0195531364297494,0.139832529941174
"1952",0.95058945094957,0.44381828383042,0.962550241892459,0.827202940822113,100.684858943359,100.611250193449,0,0
"1953",0.378632224763744,0.846782343626604,0.00278884678450413,0.319881018313463,68.8846632894835,68.9408076391276,0,0
"1954",0.471509018992889,0.123464880002663,0.0170900893838843,0.95945116760279,58.5148928504595,58.5254811185175,0.0243278212146834,0.155973783741638
"1955",0.523122873812215,0.763668556631426,0.801750905441004,0.402997414371348,75.2364478892807,75.2293658362862,0,0
"1956",0.486675443530316,0.0189436524452176,0.958390600308427,0.0344237177093746,86.2596625283448,86.1312057845649,0.0188810291001573,0.13740825703049
"1957",0.992752938554389,0.369730212563532,0.0813625713642687,0.385645293081994,143.791402649558,146.607850821626,0.0449866408016533,0.212100544086179
"1958",0.449950531650567,0.0347331839674152,0.0687418720063288,0.334464618445025,72.7957791549702,72.796337562035,0,0
"1959",0.0390621768933488,0.554490478412597,0.972855314477463,0.994353376783431,30.3637259865256,30.2977637086206,0,0
"1960",0.198605789511115,0.981752877118299,0.993782103062491,0.509180035543628,52.7430392393092,52.9699796635492,0,0
"1961",0.112999878431088,0.00640209289896302,0.537275679638726,0.621302763134474,43.8222805183374,43.5873213773514,0,0
"1962",0.590622853923589,0.510462932020309,0.869952108990867,0.986998775497312,63.9389135922874,63.953953366622,0,0
"1963",0.507112419808982,0.970105502097169,0.0271564391086576,0.940740415906999,60.6138250012461,60.6805370731186,0.217754859128036,0.466642110324428
"1964",0.896601758461446,0.0203842241710518,0.534311825776123,0.996580258915666,85.7811438294042,85.3222525515444,0.0229604804189876,0.15152716066431
"1965",0.958463040498085,0.907202809762093,0.500286356693367,0.657935320591205,109.169023103891,109.13726180687,0.0597521890886128,0.244442608987494
"1966",0.98244349653786,0.512089453091728,0.101995194012066,0.820926585780806,112.558573428583,112.763577004354,0.0112896285718307,0.106252663834046
"1967",0.697726462253602,0.0228874221482547,0.540497773194104,0.000543012623907998,103.950563574328,103.8568457217,0.0296244075288996,0.172117423664484
"1968",0.160122627239674,0.95655417665292,0.359869922937593,0.493240031181253,50.1441084842024,50.3949679203735,0,0
"1969",0.59002706899168,0.130166993980412,0.957444483742816,0.445052192142117,78.0305528522255,78.066862621055,0,0
"1970",0.554304313021596,0.039855858860421,0.374189616551856,0.693816218053689,68.7710231786028,68.7912308928737,0.0527592350263149,0.229693785345435
"1971",0.536137173175463,0.470941537208622,0.965768853895366,0.0468924274283927,89.2208973405612,89.230770289787,0,0
"1972",0.128064868197311,0.283597918609041,0.579045714886044,0.00643908518773969,58.9463599588333,59.2518986633855,0,0
"1973",0.000334514979622327,0.456259304436506,0.348506142895669,0.992609668755322,12.0183176986496,19.1959460185921,0.433121684705839,0.658119810297364
"1974",0.654984394318075,0.514533365587355,0.0656324770149076,0.0761134103508666,96.4690637174733,96.5526782809219,0.0240989907179028,0.155238496249812
"1975",0.965871969653759,0.516726970325341,0.897653669867548,0.430246051440947,122.209780933091,122.39770459185,0,0
"1976",0.294204502179869,0.5429824621398,0.983594796678517,0.623008074034587,56.3893480519968,56.4148178591839,0,0
"1977",0.96995264135953,0.0743320050792536,0.57223635153682,0.485107939422131,121.088952690405,125.312640647866,0.0490722367540002,0.221522542315675
"1978",0.981397735942272,0.612189679599134,0.509482602132484,0.0476226582705276,154.130286491338,153.880262859578,0.0372313683619723,0.192954316774651
"1979",0.545950418284978,0.402018529861234,0.0181047332430026,0.603048702850821,70.5881062361072,70.5908175561955,0,0
"1980",0.365716840998153,0.956136857798905,0.493429785399698,0.0511776864245767,77.1009154264079,77.161203055582,0,0
"1981",0.494590677912929,0.780852685846272,0.444986081980518,0.826708776435466,62.4968808481205,62.4966118588759,0,0
"1982",0.00605930669989903,0.451948784806416,0.378027450040565,0.465221701881383,25.4576356274528,23.4636358189726,0.016487670596689,0.128404324680631
"1983",0.773020770700765,0.89046847055445,0.953084869556595,0.709224813363166,82.3295406234573,82.315248679353,0.0267382364254445,0.163518306086641
"1984",0.90584677062754,0.019024816510384,0.999794329339405,0.875451428420958,90.7539831574499,90.5526085523089,0,0
"1985",0.970460116507835,0.985869873261545,0.146723215554608,0.982743505499791,101.00515994372,101.01153839862,0.0555867392104119,0.235768401636886
"1986",0.0186744296761462,0.728849854348809,0.870105217428412,0.122980756890494,36.8273436004167,34.5941095418842,0.0888112409738824,0.298012149037388
"1987",0.12496529287356,0.0754693596009165,0.0845837472161511,0.0231034981886623,58.0399084855094,58.2502936147171,0,0
"1988",0.556586604069569,0.390597530932049,0.544555501649971,0.331457972891629,79.5890495569243,79.5957935455522,0,0
"1989",0.931609313404304,0.0124600724028423,0.0638388884471497,0.889806592369219,94.1791613862698,93.6998594866789,0,0
"1990",0.0616127852789359,0.835555762053817,0.031248318746686,0.8260682792234,35.4036770167128,35.1500270098981,0,0
"1991",0.284074917237507,0.189008761183475,0.709400694974,0.998332634699997,48.8146836159978,48.7686169387121,0,0
"1992",0.984088227435481,0.0812477265625494,0.989895038299495,0.136311695673736,150.327793746902,159.046774572788,0,0
"1993",0.803818507178919,0.928718848730321,0.149788732883404,0.359496909511159,97.1208404000199,97.2930838107273,0.0652124222833663,0.255367230245712
"1994",0.02891709732241,0.948672246313188,0.773639461531187,0.878587002633954,29.6768054581393,30.4292011209479,0,0
"1995",0.707834708317416,0.967267260650639,0.92635425212211,0.0657350133102154,101.676502601044,101.314901648613,0,0
"1996",0.0856425873570843,0.0327910851113265,0.00148075112211518,0.734638745030854,39.3554897167705,39.0824838083352,0,0
"1997",0.911088573475718,0.0403503397959284,0.0324670277457917,0.0433461078265682,127.969619977042,127.393491082955,0.0690784746548161,0.262827842236731
"1998",0.0940563345113769,0.0797291261398932,0.985677693621255,0.276770213250187,48.3508975624822,48.0653640845235,0,0
"1999",0.0623529080217704,0.781848986797035,0.0555268892024178,0.00932768278452568,49.8655052758004,49.0861788694327,0,0
"2000",0.975220825701137,0.503334043093608,0.578330227315775,0.962328795834444,103.808127832987,103.780304809598,0,0
