"","X","x.1","x.2","x.3","x.4","x.5","x.6","y","yp","yv","ysd","ysd0","zscore"
"1",1,0.52239530424762,0.18607555805787,0.202943112218054,0.236568541809684,0.780915566880489,0.563292086699279,4.19137665202275,5.4350429182045,1.31624537279185,1.14727737395621,1.14727737395621,1.08401533440266
"2",2,0.741311901475303,0.265984248275286,0.458912650711951,0.731272055460722,0.842057450069697,0.774208405822399,4.0654579636398,5.4350429182045,1.31624537279185,1.14727737395621,1.14727737395621,1.1937696895755
"3",3,0.789835725214565,0.296248201658367,0.559101855730172,0.328281412979821,0.349260683989385,0.501873028800124,4.36031395242251,5.4350429182045,1.31624537279185,1.14727737395621,1.14727737395621,0.936764718087268
"4",4,0.784595484688296,0.663476327373995,0.285127992805792,0.797792141047074,0.227558906184509,0.664094412882114,4.73604329808067,5.4350429182045,1.31624537279185,1.14727737395621,1.14727737395621,0.609268199645076
"5",5,0.766630578313488,0.17714872202347,0.240500629349612,0.646761685612728,0.452927238282748,0.43241438972007,3.62341350895113,5.4350429182045,1.31624537279185,1.14727737395621,1.14727737395621,1.57906836688171
"6",6,0.866555495357607,0.672381057534134,0.672808681129478,0.750409025191097,0.779810315914685,0.622889826027444,4.9441510176838,5.4350429182045,1.31624537279185,1.14727737395621,1.14727737395621,0.427875517868826
"7",7,0.618612501784926,0.369021867258591,0.618459294143831,0.247889090005076,0.348990345527302,0.403222399849561,4.99695078921802,5.4350429182045,1.31624537279185,1.14727737395621,1.14727737395621,0.381853716399711
"8",8,0.241764629766229,0.82802256266051,0.184422513315803,0.655417041376699,0.238696408217191,0.149781783384038,6.56812230291198,5.4350429182045,1.31624537279185,1.14727737395621,1.14727737395621,-0.987624623677733
"9",9,0.282668057370116,0.251277074568789,0.592525626419112,0.728115220852313,0.254033517849632,0.688743225177168,5.23146808235868,5.4350429182045,1.31624537279185,1.14727737395621,1.14727737395621,0.177441689749204
"10",10,0.795636994377826,0.655418662541662,0.772278433283558,0.57020530913095,0.728163790719118,0.325406382314861,5.23079279698838,5.4350429182045,1.31624537279185,1.14727737395621,1.14727737395621,0.178030287925748
"11",11,0.472785606747493,0.659678057020297,0.79266234638833,0.160271766323596,0.469652336279163,0.413558427123702,6.37055871991642,5.4350429182045,1.31624537279185,1.14727737395621,1.14727737395621,-0.815422515033079
"12",12,0.713674984639161,0.249956854049698,0.304024571018876,0.462968194412068,0.674337643778534,0.403570255168132,4.02340882414207,5.4350429182045,1.31624537279185,1.14727737395621,1.14727737395621,1.23042093055024
"13",13,0.46494441114692,0.732186635300051,0.243450053984765,0.180038085876615,0.244104265068891,0.550037595415488,5.81803581315075,5.4350429182045,1.31624537279185,1.14727737395621,1.14727737395621,-0.333827637187298
"14",14,0.349627195843728,0.78040541579586,0.771694935710169,0.858094180054497,0.526304645521333,0.182464311761316,6.50150173841758,5.4350429182045,1.31624537279185,1.14727737395621,1.14727737395621,-0.929556221034465
"15",15,0.190724038794404,0.241589837574633,0.776845128413523,0.200332030625199,0.361066224483773,0.203321179270279,6.09248591366335,5.4350429182045,1.31624537279185,1.14727737395621,1.14727737395621,-0.57304624878268
"16",16,0.221258092586068,0.707091088489513,0.468438606714597,0.463961508921115,0.220549312184099,0.241217602989287,6.72097560716036,5.4350429182045,1.31624537279185,1.14727737395621,1.14727737395621,-1.12085596573871
"17",17,0.357949243873125,0.678922055992181,0.449478325142525,0.760169244034914,0.793271924991044,0.681173205855419,6.00922698595502,5.4350429182045,1.31624537279185,1.14727737395621,1.14727737395621,-0.500475369587856
"18",18,0.179010045713047,0.20298410111852,0.451295512980199,0.375343385034823,0.222406738720136,0.231543748234515,5.47760072914934,5.4350429182045,1.31624537279185,1.14727737395621,1.14727737395621,-0.0370946136574502
"19",19,0.334191538808052,0.321124815306743,0.273643402173417,0.378059142558603,0.834480448518996,0.30611815442238,5.11676115747344,5.4350429182045,1.31624537279185,1.14727737395621,1.14727737395621,0.27742354896577
"20",20,0.495196321076131,0.821223604714731,0.713887584793381,0.319336251099477,0.383236514808843,0.762880443535047,6.39586361513662,5.4350429182045,1.31624537279185,1.14727737395621,1.14727737395621,-0.837478990471918
"21",21,0.259828747674706,0.421850434327731,0.838788456696551,0.636104581851279,0.438139499153011,0.456775255712448,6.09627487860202,5.4350429182045,1.31624537279185,1.14727737395621,1.14727737395621,-0.576348819743008
"22",22,0.58066209936887,0.289488933595945,0.40656600102596,0.448449009351316,0.587905633489834,0.634940177661018,4.49795264365875,5.4350429182045,1.31624537279185,1.14727737395621,1.14727737395621,0.816794870898864
"23",23,0.250838493428193,0.28965154805081,0.354308921198593,0.287346454235259,0.331258223766345,0.528527659769752,5.43122456038694,5.4350429182045,1.31624537279185,1.14727737395621,1.14727737395621,0.00332819064006582
"24",24,0.546489164127619,0.249299150312087,0.205500650057336,0.657574959931779,0.687403027932509,0.820115314646391,4.19327330959886,5.4350429182045,1.31624537279185,1.14727737395621,1.14727737395621,1.08236215303679
"25",25,0.2255501952013,0.745137754753931,0.201782978091738,0.652851319138776,0.177120009367121,0.525154553079046,6.46379809392291,5.4350429182045,1.31624537279185,1.14727737395621,1.14727737395621,-0.896692638651894
"26",26,0.783282523792819,0.611625597710372,0.241562469570665,0.278883566396777,0.164294730513589,0.676562840394326,4.75138662924925,5.4350429182045,1.31624537279185,1.14727737395621,1.14727737395621,0.595894510320347
"27",27,0.691312267406378,0.496587237887317,0.753955436494201,0.511549724466284,0.768292263737181,0.813808014180744,5.10497669743263,5.4350429182045,1.31624537279185,1.14727737395621,1.14727737395621,0.287695223722305
"28",28,0.77641679885413,0.498264661172638,0.417566110915155,0.767252522439114,0.756093032906065,0.382528339453391,4.51779784260253,5.4350429182045,1.31624537279185,1.14727737395621,1.14727737395621,0.799497223970339
"29",29,0.547321270188666,0.810442467769724,0.197665687463596,0.319572528948658,0.455039954264881,0.497253774087876,5.63697660669931,5.4350429182045,1.31624537279185,1.14727737395621,1.14727737395621,-0.176011218454063
"30",30,0.327959897282068,0.545005305752391,0.431263376734569,0.549836240252247,0.408680929292575,0.553861167132272,5.84605080715862,5.4350429182045,1.31624537279185,1.14727737395621,1.14727737395621,-0.358246312778593
"31",31,0.722945948699955,0.20610445560806,0.224501876097405,0.597900983803207,0.692341884559952,0.616959469630616,3.76808314914907,5.4350429182045,1.31624537279185,1.14727737395621,1.14727737395621,1.45297014209142
"32",32,0.747754977465607,0.817942764188978,0.265890503688133,0.739921376528917,0.197008291812846,0.79901756323874,5.11687427209162,5.4350429182045,1.31624537279185,1.14727737395621,1.14727737395621,0.277324955006935
"33",33,0.600572196541703,0.173639815228526,0.771290633524768,0.833826436151401,0.509708950167522,0.71221870204201,4.29054999615124,5.4350429182045,1.31624537279185,1.14727737395621,1.14727737395621,0.997572991530942
"34",34,0.358632102640695,0.713604237908032,0.797303439216688,0.177405694809509,0.332603666388663,0.540791714843828,6.82946984031804,5.4350429182045,1.31624537279185,1.14727737395621,1.14727737395621,-1.21542266392396
"35",35,0.217013719278737,0.374446100686793,0.273108393519418,0.25006948947988,0.292682424519211,0.271145208634087,5.74248337870961,5.4350429182045,1.31624537279185,1.14727737395621,1.14727737395621,-0.26797395946627
"36",36,0.450342482709209,0.303782931805123,0.362923057253356,0.512002347246744,0.851614211970242,0.78720011684054,4.77260352960878,5.4350429182045,1.31624537279185,1.14727737395621,1.14727737395621,0.577401248933725
"37",37,0.723422778964159,0.215845242696232,0.772761158759356,0.172536125120474,0.852721832129522,0.614920352182933,4.66373115129772,5.4350429182045,1.31624537279185,1.14727737395621,1.14727737395621,0.672297549324998
"38",38,0.595040128984605,0.325662649007398,0.681922881882871,0.423719171656179,0.518229041307932,0.668171277937596,4.8689076901225,5.4350429182045,1.31624537279185,1.14727737395621,1.14727737395621,0.493459769131304
"39",39,0.372459403736982,0.573109355776221,0.711560944363475,0.596968611085205,0.246561556801549,0.191089100873563,6.02187130528743,5.4350429182045,1.31624537279185,1.14727737395621,1.14727737395621,-0.511496522466352
"40",40,0.797604406382772,0.82899609585281,0.58431775213941,0.349575409064419,0.166493059394066,0.828112628281466,5.51448240326818,5.4350429182045,1.31624537279185,1.14727737395621,1.14727737395621,-0.0692417429882233
"41",41,0.756577963549993,0.408508915565442,0.565456506896066,0.405593237709603,0.224652382304659,0.231098571441835,4.65211303929337,5.4350429182045,1.31624537279185,1.14727737395621,1.14727737395621,0.682424230342237
"42",42,0.70688406297937,0.482185732142651,0.770143953928724,0.658329827299458,0.492258890306577,0.342257656432339,4.97257202852252,5.4350429182045,1.31624537279185,1.14727737395621,1.14727737395621,0.403102946314735
"43",43,0.413447505073971,0.44189183008601,0.477926333330572,0.82611842310417,0.17242697603174,0.372636293384712,5.25297163921442,5.4350429182045,1.31624537279185,1.14727737395621,1.14727737395621,0.158698570304961
"44",44,0.757564897995791,0.482787394254701,0.515486902610864,0.454573551014066,0.869001701636123,0.638761459407397,4.73548488204851,5.4350429182045,1.31624537279185,1.14727737395621,1.14727737395621,0.609754931140733
"45",45,0.269978052487597,0.497110933737946,0.189124904515455,0.280639730540337,0.151677663623472,0.590889391276054,5.77359377944134,5.4350429182045,1.31624537279185,1.14727737395621,1.14727737395621,-0.295090680703829
"46",46,0.767494245831273,0.796792603407637,0.182884118654416,0.232773493671673,0.790848082466284,0.7294707242765,5.10655742507951,5.4350429182045,1.31624537279185,1.14727737395621,1.14727737395621,0.286317415981332
"47",47,0.219802045637392,0.187576387934037,0.585612122152699,0.795270772602642,0.73161612204311,0.405283811145578,5.20519052983006,5.4350429182045,1.31624537279185,1.14727737395621,1.14727737395621,0.200345961309975
"48",48,0.452114226009464,0.476688942310051,0.59906558846368,0.496616444438929,0.778726425399538,0.534523848514073,5.48215093272881,5.4350429182045,1.31624537279185,1.14727737395621,1.14727737395621,-0.0410607021402895
"49",49,0.107308198915562,0.764044473862392,0.39022238209541,0.796341171092354,0.847157324492349,0.397364418393583,7.16523235777259,5.4350429182045,1.31624537279185,1.14727737395621,1.14727737395621,-1.50808294388461
"50",50,0.666253630175139,0.854627025018446,0.249155934094451,0.612492874364834,0.495589272810379,0.783313985813758,5.38763762295546,5.4350429182045,1.31624537279185,1.14727737395621,1.14727737395621,0.0413198205814605
"51",51,0.718760941970395,0.499292135863914,0.783177345402772,0.232069658725639,0.345427247238811,0.428530379865202,5.32472813266099,5.4350429182045,1.31624537279185,1.14727737395621,1.14727737395621,0.0961535440754893
"52",52,0.121682144154562,0.112367169995559,0.399936421592254,0.417204436354805,0.845362348779687,0.823938376756501,5.29139097326,5.4350429182045,1.31624537279185,1.14727737395621,1.14727737395621,0.125211172298411
"53",53,0.240318668122287,0.505469086120254,0.347223568062996,0.321139695989667,0.630576169393957,0.353834423545632,6.07608051412291,5.4350429182045,1.31624537279185,1.14727737395621,1.14727737395621,-0.558746830078144
"54",54,0.423102255630074,0.421442960512126,0.302337966450839,0.799113776413258,0.752364714428317,0.59625507678953,5.03051778528651,5.4350429182045,1.31624537279185,1.14727737395621,1.14727737395621,0.352595755918246
"55",55,0.633523562503979,0.537257082506665,0.397980080849258,0.582752511962433,0.362275571552222,0.329569460388739,4.94351248344764,5.4350429182045,1.31624537279185,1.14727737395621,1.14727737395621,0.428432082698443
"56",56,0.155837191006634,0.383093768408056,0.81123195231054,0.251037818034645,0.335881426588516,0.40647874115943,6.67475615650203,5.4350429182045,1.31624537279185,1.14727737395621,1.14727737395621,-1.08056976145408
"57",57,0.730221453055972,0.669448914814042,0.40876451213914,0.430443038903293,0.213702714515035,0.18781053135707,5.10365319627272,5.4350429182045,1.31624537279185,1.14727737395621,1.14727737395621,0.288848825449275
"58",58,0.654647493367782,0.70802206830564,0.63479755118012,0.480620208508335,0.149028492770973,0.45600423407671,5.55372410288583,5.4350429182045,1.31624537279185,1.14727737395621,1.14727737395621,-0.103445938510995
"59",59,0.628952043800382,0.550484548237873,0.821479089742177,0.680395731464028,0.400252088291454,0.695246598468977,5.32538029651611,5.4350429182045,1.31624537279185,1.14727737395621,1.14727737395621,0.0955850992774616
"60",60,0.43886294098082,0.776034050378366,0.311374130075914,0.513612171430956,0.777679819809971,0.733444330827682,5.92454881704991,5.4350429182045,1.31624537279185,1.14727737395621,1.14727737395621,-0.426667438892675
"61",61,0.534125647414476,0.288443576415768,0.421317201490398,0.638811090018949,0.542069886058103,0.237261532772216,4.53937232834664,5.4350429182045,1.31624537279185,1.14727737395621,1.14727737395621,0.780692280864284
"62",62,0.400885171725065,0.775803659005091,0.65827648553194,0.356564396959497,0.729407514597871,0.3523937964621,6.49497118902845,5.4350429182045,1.31624537279185,1.14727737395621,1.14727737395621,-0.923864006111225
"63",63,0.3565822685397,0.207989430362941,0.690177500688587,0.226381678240839,0.431704712550971,0.145994989616447,5.29365055372915,5.4350429182045,1.31624537279185,1.14727737395621,1.14727737395621,0.123241656887018
"64",64,0.682478021273506,0.799560500439839,0.686625301973661,0.610656247390201,0.294028429795057,0.780011917938245,5.6509259927792,5.4350429182045,1.31624537279185,1.14727737395621,1.14727737395621,-0.188169905094755
"65",65,0.299475902047823,0.22640325773065,0.448030996931833,0.244246845120681,0.562515320708393,0.208836378796608,5.20743912966594,5.4350429182045,1.31624537279185,1.14727737395621,1.14727737395621,0.198386016934774
"66",66,0.388330336736632,0.218993993728887,0.752705800229916,0.122223642529221,0.186827802421991,0.792676369374152,5.42460338373282,5.4350429182045,1.31624537279185,1.14727737395621,1.14727737395621,0.00909939889747932
"67",67,0.184559160577133,0.815997832265915,0.28991306055407,0.331339672139147,0.751998674116912,0.666928626561188,6.98778435836441,5.4350429182045,1.31624537279185,1.14727737395621,1.14727737395621,-1.35341415721075
"68",68,0.615744295612327,0.108940344589064,0.660814638259239,0.178180353530217,0.549366081429529,0.883860086883884,4.3943253761238,5.4350429182045,1.31624537279185,1.14727737395621,1.14727737395621,0.907119381681821
"69",69,0.564874029393657,0.501418894474045,0.579584966951399,0.595315228511463,0.167051234375685,0.817289688891615,5.18071328757149,5.4350429182045,1.31624537279185,1.14727737395621,1.14727737395621,0.221681030591576
"70",70,0.57984876174794,0.217129790915991,0.889606822516886,0.515849625409464,0.195009707196034,0.55664273756952,4.75050315146266,5.4350429182045,1.31624537279185,1.14727737395621,1.14727737395621,0.596664575002738
"71",71,0.206954452257371,0.817265652634553,0.79358759735676,0.44199230707949,0.191002017542836,0.142475847778493,7.38406862029525,5.4350429182045,1.31624537279185,1.14727737395621,1.14727737395621,-1.69882693264475
"72",72,0.195818278767867,0.548610537330038,0.700480346976314,0.702930424841819,0.50148348845588,0.621404990870156,6.53271560020343,5.4350429182045,1.31624537279185,1.14727737395621,1.14727737395621,-0.956763121906408
"73",73,0.751017466844525,0.291186280240072,0.54385319681454,0.688409973078058,0.176526322936756,0.873062744109659,4.20377557825466,5.4350429182045,1.31624537279185,1.14727737395621,1.14727737395621,1.07320807321773
"74",74,0.213085564656882,0.499959394485573,0.169087003201479,0.60892297947919,0.339326731032808,0.196818810677971,5.88567843175771,5.4350429182045,1.31624537279185,1.14727737395621,1.14727737395621,-0.392786891629582
"75",75,0.857351936441497,0.243122135107405,0.461158674592152,0.255694068000652,0.524793388422811,0.790413245387026,4.05539546328296,5.4350429182045,1.31624537279185,1.14727737395621,1.14727737395621,1.20254045468014
"76",76,0.565060755386716,0.858123928671586,0.7144492415766,0.226720331582008,0.65285366230621,0.259429392413585,6.36913670911761,5.4350429182045,1.31624537279185,1.14727737395621,1.14727737395621,-0.814183049467829
"77",77,0.835177889857325,0.139052586704143,0.271052247362444,0.525743985523819,0.498035865558078,0.802268265887629,3.48284989491732,5.4350429182045,1.31624537279185,1.14727737395621,1.14727737395621,1.7015876610164
"78",78,0.835566178255365,0.702628944890574,0.253171851919731,0.330272547648288,0.362626331410022,0.859066247416893,4.83005148888654,5.4350429182045,1.31624537279185,1.14727737395621,1.14727737395621,0.527327953162486
"79",79,0.397481064365129,0.878362707453081,0.869202245482011,0.481200724127702,0.528898030324839,0.247326903993264,6.85361695133162,5.4350429182045,1.31624537279185,1.14727737395621,1.14727737395621,-1.23646998130486
"80",80,0.896009905673796,0.420496023556683,0.781093170963926,0.30439959572989,0.719569537747069,0.326848507643328,4.76172216859464,5.4350429182045,1.31624537279185,1.14727737395621,1.14727737395621,0.586885756569936
"81",81,0.362916838252801,0.639056113582454,0.778269671562361,0.428240825517685,0.13586919611576,0.318874691651901,6.3863654907912,5.4350429182045,1.31624537279185,1.14727737395621,1.14727737395621,-0.829200151752501
"82",82,0.593201994247152,0.17338310085889,0.763031222986872,0.427590801220504,0.190309501851909,0.805832931501907,4.53121405987211,5.4350429182045,1.31624537279185,1.14727737395621,1.14727737395621,0.787803262619636
"83",83,0.433634329152876,0.811535409094533,0.235200829881243,0.276051998886862,0.215686987087363,0.192779286666773,6.02909487160513,5.4350429182045,1.31624537279185,1.14727737395621,1.14727737395621,-0.517792790902982
"84",84,0.617370683443849,0.37788804151793,0.115296978657949,0.856334123204928,0.799304671731428,0.628111697130953,4.27345533002314,5.4350429182045,1.31624537279185,1.14727737395621,1.14727737395621,1.01247319484372
"85",85,0.380484340706957,0.287307454049704,0.157305206884164,0.784914878388052,0.811733784863842,0.793990145167802,4.65302619460151,5.4350429182045,1.31624537279185,1.14727737395621,1.14727737395621,0.68162829787737
"86",86,0.687516584046185,0.653760137402103,0.424078641252825,0.782203216659371,0.194399398995563,0.514749697530991,5.03766116095912,5.4350429182045,1.31624537279185,1.14727737395621,1.14727737395621,0.346369383957317
"87",87,0.21136916962266,0.423485355183599,0.45313715298404,0.157740196938044,0.159422016579076,0.610289495661505,6.19388820654059,5.4350429182045,1.31624537279185,1.14727737395621,1.14727737395621,-0.66143140757612
"88",88,0.508204874337418,0.536519351066207,0.562265438738046,0.400687020026846,0.646977120017866,0.216264946739189,5.50272466082667,5.4350429182045,1.31624537279185,1.14727737395621,1.14727737395621,-0.0589933560606884
"89",89,0.321685346169164,0.544279237723676,0.728724185100291,0.829198214837466,0.843073108254117,0.528032179250382,6.01192632159038,5.4350429182045,1.31624537279185,1.14727737395621,1.14727737395621,-0.502828188266788
"90",90,0.68911401886656,0.327569271512213,0.256878745272406,0.208238322121906,0.820938968111412,0.457955341217341,4.32543959656999,5.4350429182045,1.31624537279185,1.14727737395621,1.14727737395621,0.967162211007625
"91",91,0.453556972906692,0.427369065545732,0.18502086835145,0.765974633019185,0.446864334163023,0.215751902876655,4.87308140112351,5.4350429182045,1.31624537279185,1.14727737395621,1.14727737395621,0.489821842422597
"92",92,0.613153561033076,0.826863580277772,0.648156732202624,0.735308923834702,0.80249341848318,0.421828026257805,5.77743261570292,5.4350429182045,1.31624537279185,1.14727737395621,1.14727737395621,-0.298436720945469
"93",93,0.410638450196595,0.132592728133313,0.381392682026606,0.38190446430177,0.628121541079134,0.315358280811692,4.42707843242247,5.4350429182045,1.31624537279185,1.14727737395621,1.14727737395621,0.878570874544679
"94",94,0.181726224980433,0.238320261873887,0.256271557672648,0.131140928034205,0.202102441516356,0.694413003831171,5.48521714347829,5.4350429182045,1.31624537279185,1.14727737395621,1.14727737395621,-0.0437332997344591
"95",95,0.422373844171176,0.484088408529526,0.209164288062952,0.273220598950749,0.545463854017318,0.778817655853811,5.26761548888874,5.4350429182045,1.31624537279185,1.14727737395621,1.14727737395621,0.145934569195252
"96",96,0.459493702578591,0.15929696630477,0.309119446149212,0.193613165541552,0.291462401583791,0.450317449389608,4.40752455814777,5.4350429182045,1.31624537279185,1.14727737395621,1.14727737395621,0.895614594501668
"97",97,0.700156189040281,0.309937486978481,0.383360361960367,0.51618655203993,0.19668713058834,0.647100760300644,4.26207017120681,5.4350429182045,1.31624537279185,1.14727737395621,1.14727737395621,1.02239682715338
"98",98,0.693249512442155,0.814128209195449,0.252466989465291,0.654056634177687,0.879751375161461,0.644398437826661,5.23875254873195,5.4350429182045,1.31624537279185,1.14727737395621,1.14727737395621,0.171092339070257
"99",99,0.224982191896415,0.87368421495962,0.813336297781905,0.563303499253467,0.829058074645232,0.427743204459897,7.35775789247446,5.4350429182045,1.31624537279185,1.14727737395621,1.14727737395621,-1.6758937445439
"100",100,0.505700597890303,0.686457372174948,0.806005516820936,0.851839747834369,0.392460552497418,0.514475631334353,5.84126452620475,5.4350429182045,1.31624537279185,1.14727737395621,1.14727737395621,-0.354074452457348
"101",101,0.675616613590741,0.862781066876138,0.47310617761407,0.589358750659158,0.477945627848618,0.311913210120983,5.60360134401875,5.4350429182045,1.31624537279185,1.14727737395621,1.14727737395621,-0.146920378315317
"102",102,0.714491785291699,0.479193914869102,0.844609512472409,0.202707026319695,0.659380566172302,0.669875497986097,5.39343379867281,5.4350429182045,1.31624537279185,1.14727737395621,1.14727737395621,0.0362677069000392
"103",103,0.363494704502402,0.162393793063588,0.614555822975119,0.354246543459943,0.704941851355601,0.488144183476805,4.92250714758627,5.4350429182045,1.31624537279185,1.14727737395621,1.14727737395621,0.446740938375547
"104",104,0.740470331839984,0.130347749833716,0.628099816786358,0.331984865309321,0.654348397932947,0.185515819742228,4.08570991008631,5.4350429182045,1.31624537279185,1.14727737395621,1.14727737395621,1.17611750980953
"105",105,0.749588021698408,0.779095020079752,0.852782701104181,0.11547917929932,0.571990517817903,0.373315339394845,6.08779390321203,5.4350429182045,1.31624537279185,1.14727737395621,1.14727737395621,-0.568956557346388
"106",106,0.726681772727403,0.807428215945372,0.819254158445867,0.240995350980782,0.278524013025686,0.402867545157322,5.99555929053858,5.4350429182045,1.31624537279185,1.14727737395621,1.14727737395621,-0.488562212641939
"107",107,0.191604754340369,0.295782326998538,0.864424864628934,0.560176912858733,0.473317475574906,0.186195627512876,6.05394375691659,5.4350429182045,1.31624537279185,1.14727737395621,1.14727737395621,-0.539451794972567
"108",108,0.147506810932886,0.819892118989257,0.547116305296775,0.821665224012686,0.890894353768555,0.58704811019788,7.21797646171381,5.4350429182045,1.31624537279185,1.14727737395621,1.14727737395621,-1.55405622387648
"109",109,0.490744767660275,0.664266447099741,0.543237540399889,0.571661594005185,0.742185837533092,0.717560908762505,5.73040682626034,5.4350429182045,1.31624537279185,1.14727737395621,1.14727737395621,-0.257447688554445
"110",110,0.343478721465799,0.196201428293833,0.471083693538676,0.493203571687918,0.571462455286412,0.774923066223273,4.8539632016835,5.4350429182045,1.31624537279185,1.14727737395621,1.14727737395621,0.506485815646512
"111",111,0.340423352736165,0.236593327540322,0.87195359080506,0.435466383461608,0.280352600319427,0.182927705470822,5.45414844394165,5.4350429182045,1.31624537279185,1.14727737395621,1.14727737395621,-0.0166529264595074
"112",112,0.603894067113521,0.622691029279609,0.554675618134439,0.534858755514491,0.793738108625752,0.361304282436846,5.37824526091435,5.4350429182045,1.31624537279185,1.14727737395621,1.14727737395621,0.049506473830554
"113",113,0.283370012061438,0.456430477831163,0.52462273267156,0.764146389849717,0.679319132858422,0.832294930904172,5.76657294942184,5.4350429182045,1.31624537279185,1.14727737395621,1.14727737395621,-0.288971123063387
"114",114,0.233187851380324,0.307435355307534,0.790595291728969,0.743306100527872,0.283830866681295,0.521775321400724,5.74919344804491,5.4350429182045,1.31624537279185,1.14727737395621,1.14727737395621,-0.273822649144652
"115",115,0.311118795216084,0.701108418652439,0.387312058131793,0.237316791240475,0.393962931988644,0.390260817676201,6.39485025297446,5.4350429182045,1.31624537279185,1.14727737395621,1.14727737395621,-0.836595714827193
"116",116,0.75539460504672,0.747930154172587,0.263524064042722,0.561508082034881,0.640663557549939,0.507853513153736,5.00990095654204,5.4350429182045,1.31624537279185,1.14727737395621,1.14727737395621,0.370565977603501
"117",117,0.260107691971702,0.612552636831766,0.793125983643811,0.343736575102666,0.45493483552814,0.795268885981641,6.76624743874973,5.4350429182045,1.31624537279185,1.14727737395621,1.14727737395621,-1.160316197952
"118",118,0.172741247474449,0.875519598748186,0.819884459740249,0.345319021646981,0.525078058948158,0.546376529791276,7.75825313473813,5.4350429182045,1.31624537279185,1.14727737395621,1.14727737395621,-2.02497693170954
"119",119,0.47869313157897,0.772957103199675,0.645372681688517,0.183200281197205,0.134331965966849,0.223260390792158,6.38852339718491,5.4350429182045,1.31624537279185,1.14727737395621,1.14727737395621,-0.831081045111592
"120",120,0.185362603532034,0.674290989170084,0.410604041418526,0.132599085999536,0.722841189331259,0.317257950735162,6.92936003339935,5.4350429182045,1.31624537279185,1.14727737395621,1.14727737395621,-1.30248983298775
"121",121,0.636949854353676,0.792584356933832,0.19832258016977,0.10572775171441,0.602870037854067,0.505452544115833,5.46956665163959,5.4350429182045,1.31624537279185,1.14727737395621,1.14727737395621,-0.030091880323622
"122",122,0.15032566761272,0.253537343690405,0.537089647255489,0.713510194116272,0.137125325608766,0.45488169490674,5.69471971290804,5.4350429182045,1.31624537279185,1.14727737395621,1.14727737395621,-0.22634177279038
"123",123,0.818417472239234,0.694968522522249,0.157756269373465,0.18635655894829,0.36160468829202,0.152841599275125,4.79555211867349,5.4350429182045,1.31624537279185,1.14727737395621,1.14727737395621,0.557398597800132
"124",124,0.668143050381914,0.400960552907782,0.298260207453626,0.464314325198298,0.480181022317382,0.76755532282975,4.48583697818987,5.4350429182045,1.31624537279185,1.14727737395621,1.14727737395621,0.827355233845011
"125",125,0.832642056659097,0.107856149705476,0.460278760470101,0.27358881550387,0.842806204440538,0.775362799785216,3.72655870105237,5.4350429182045,1.31624537279185,1.14727737395621,1.14727737395621,1.48916404693024
"126",126,0.493065048327553,0.83148113283352,0.182090655365842,0.719383259362308,0.796417893613339,0.119339174316265,5.70916991285713,5.4350429182045,1.31624537279185,1.14727737395621,1.14727737395621,-0.238936983222588
"127",127,0.374421353905229,0.136977257265709,0.72941276721342,0.832657496755244,0.626004228860955,0.214606068707071,4.66156986221293,5.4350429182045,1.31624537279185,1.14727737395621,1.14727737395621,0.674181391135055
"128",128,0.660871715730522,0.832042148517328,0.211013589706388,0.837531124361791,0.201631229212973,0.212759602999897,5.27571445299021,5.4350429182045,1.31624537279185,1.14727737395621,1.14727737395621,0.138875278839389
"129",129,0.748209645076771,0.6646115911901,0.760291090823011,0.548105112173129,0.521381362754386,0.477118146184832,5.34366337427405,5.4350429182045,1.31624537279185,1.14727737395621,1.14727737395621,0.0796490421626128
"130",130,0.829191172276507,0.274589487365214,0.15988588919933,0.513440731930547,0.188117491547484,0.243382836410194,3.73573607777162,5.4350429182045,1.31624537279185,1.14727737395621,1.14727737395621,1.48116478107912
"131",131,0.226874062972493,0.39923689925205,0.368515048263944,0.677561832938343,0.806613999997149,0.435013917014818,5.70854775290509,5.4350429182045,1.31624537279185,1.14727737395621,1.14727737395621,-0.238394690690578
"132",132,0.420229366338928,0.730417336381739,0.383878199723084,0.567545565320295,0.719466767658829,0.140739889923832,5.93960046289163,5.4350429182045,1.31624537279185,1.14727737395621,1.14727737395621,-0.43978688688616
"133",133,0.423687136309571,0.380620386444265,0.679889648345066,0.261071400619461,0.631205543886404,0.707119954395574,5.56184606139369,5.4350429182045,1.31624537279185,1.14727737395621,1.14727737395621,-0.110525271453693
"134",134,0.688317528944346,0.677162641820963,0.830305011484423,0.816127927033929,0.617502743860474,0.489973232768942,5.41104977379059,5.4350429182045,1.31624537279185,1.14727737395621,1.14727737395621,0.0209131156584858
"135",135,0.374821598794777,0.196934805007302,0.26148659766058,0.322560924755526,0.416932710534427,0.714135528063634,4.61944201805161,5.4350429182045,1.31624537279185,1.14727737395621,1.14727737395621,0.710901233361219
"136",136,0.35279302683135,0.571375992779038,0.554094191862037,0.823708142200136,0.810030457990128,0.168651965538738,5.84046607100557,5.4350429182045,1.31624537279185,1.14727737395621,1.14727737395621,-0.35337849591074
"137",137,0.599503401795984,0.265185697405133,0.275637253110996,0.215911216676002,0.292101743809646,0.747442823752179,4.35531245688572,5.4350429182045,1.31624537279185,1.14727737395621,1.14727737395621,0.941124165637029
"138",138,0.662505493862554,0.489383272039122,0.258343647282338,0.620542108077789,0.222742097780225,0.177806546216947,4.62714800326367,5.4350429182045,1.31624537279185,1.14727737395621,1.14727737395621,0.704184474722907
"139",139,0.44764227047551,0.213653154055472,0.427718980536331,0.293948699236964,0.84113456935063,0.789609116960899,4.68872151428047,5.4350429182045,1.31624537279185,1.14727737395621,1.14727737395621,0.650515229242651
"140",140,0.728457846994861,0.204989830307779,0.589744062265498,0.541639219560195,0.448138831564458,0.159294783188147,4.13839304895988,5.4350429182045,1.31624537279185,1.14727737395621,1.14727737395621,1.13019736872638
"141",141,0.657543432382168,0.458261425084202,0.503961395292426,0.229284248847282,0.322688704513945,0.826442142959684,5.00634532671319,5.4350429182045,1.31624537279185,1.14727737395621,1.14727737395621,0.373665166962207
"142",142,0.480138485378819,0.644797358727432,0.301441636186326,0.678596802776097,0.351083942280733,0.859506926370203,5.45201815366766,5.4350429182045,1.31624537279185,1.14727737395621,1.14727737395621,-0.0147961041056908
"143",143,0.44049529569759,0.21616448395676,0.149283291040105,0.81041823424364,0.639232952063554,0.28664354343852,4.26794535636952,5.4350429182045,1.31624537279185,1.14727737395621,1.14727737395621,1.01727584656396
"144",144,0.543801729791448,0.442502205076977,0.46053301919729,0.73869883215928,0.783031097983941,0.342731311863521,4.92350837757302,5.4350429182045,1.31624537279185,1.14727737395621,1.14727737395621,0.445868237484308
"145",145,0.510799429532839,0.152017495570122,0.39278879346326,0.814134443039773,0.726272273551556,0.848223856434226,4.10428526599831,5.4350429182045,1.31624537279185,1.14727737395621,1.14727737395621,1.15992669463817
"146",146,0.307435650210828,0.299972264995216,0.816462943338091,0.203961837479961,0.671489497033996,0.533573203122243,5.9054238247656,5.4350429182045,1.31624537279185,1.14727737395621,1.14727737395621,-0.409997544830038
"147",147,0.550125429352396,0.336285011247615,0.888974887059419,0.490959406080307,0.442088931469247,0.466958201486617,5.16439226897804,5.4350429182045,1.31624537279185,1.14727737395621,1.14727737395621,0.235906900432598
"148",148,0.165655096575501,0.128135875406908,0.705818490346195,0.767541375119239,0.600586012816173,0.797859437582432,5.30121255820971,5.4350429182045,1.31624537279185,1.14727737395621,1.14727737395621,0.116650396000835
"149",149,0.778075795472949,0.869512008372927,0.492368628896656,0.304955750186811,0.763579407872749,0.756625958769233,5.55588598654252,5.4350429182045,1.31624537279185,1.14727737395621,1.14727737395621,-0.105330298567042
"150",150,0.105876276120776,0.867900282568298,0.556535691577126,0.641379210129031,0.785503035030561,0.151450412200531,7.60317146352852,5.4350429182045,1.31624537279185,1.14727737395621,1.14727737395621,-1.88980328082961
"151",151,0.0893283724775538,0.863176617488847,0.892375571408425,0.868130356186652,0.208362263058661,0.652095046263072,7.85257031499,5.4350429182045,1.31624537279185,1.14727737395621,1.14727737395621,-2.10718650229197
"152",152,0.816586608545855,0.866733579774504,0.544365228160517,0.382282905362779,0.225411706026294,0.144365444505122,5.49020283979812,5.4350429182045,1.31624537279185,1.14727737395621,1.14727737395621,-0.0480789762317105
"153",153,0.177831604022416,0.422568406832055,0.868035590832122,0.471038700759294,0.67236206471175,0.650137240153504,6.56075192022512,5.4350429182045,1.31624537279185,1.14727737395621,1.14727737395621,-0.981200385865525
"154",154,0.539422731525265,0.137123050238355,0.33796640306816,0.623667281663045,0.76461484780442,0.201459666596842,4.01321004059634,5.4350429182045,1.31624537279185,1.14727737395621,1.14727737395621,1.23931048400718
"155",155,0.490245964593021,0.670684247325175,0.836505238155019,0.336373046109453,0.138595697939512,0.606623022201238,6.21227937434774,5.4350429182045,1.31624537279185,1.14727737395621,1.14727737395621,-0.677461679090784
"156",156,0.488731200573617,0.788090492826304,0.873354982852354,0.501622293150751,0.902412724000285,0.829377817340777,6.37093863634496,5.4350429182045,1.31624537279185,1.14727737395621,1.14727737395621,-0.815753661133547
"157",157,0.419906398223829,0.359205333970138,0.620260981140425,0.755391584587633,0.499987037249259,0.130357440066291,5.16100038436263,5.4350429182045,1.31624537279185,1.14727737395621,1.14727737395621,0.238863364747512
"158",158,0.871337993212743,0.634546710486873,0.538593109371606,0.745460434595589,0.19331996530015,0.348039597464376,4.74955247082205,5.4350429182045,1.31624537279185,1.14727737395621,1.14727737395621,0.597493215628093
"159",159,0.670630597679061,0.591818044670159,0.626744101984194,0.260355353794643,0.460254666513647,0.61931026170624,5.41313902281644,5.4350429182045,1.31624537279185,1.14727737395621,1.14727737395621,0.0190920660385095
"160",160,0.429558908328414,0.478907642736565,0.564154193543713,0.448559749068925,0.123843592460966,0.419907987293671,5.54463177957896,5.4350429182045,1.31624537279185,1.14727737395621,1.14727737395621,-0.0955208076635904
"161",161,0.173535637888592,0.846238433477818,0.135969351716223,0.73308321293816,0.440886864749016,0.19769243490987,6.8360788311399,5.4350429182045,1.31624537279185,1.14727737395621,1.14727737395621,-1.22118325065903
"162",162,0.285770328633604,0.633362383843632,0.402402027580538,0.438751191117102,0.850165619143052,0.599953713771305,6.23419601969174,5.4350429182045,1.31624537279185,1.14727737395621,1.14727737395621,-0.696564858358082
"163",163,0.869832090824377,0.849465368247125,0.310468515543849,0.54476496615482,0.868438790273503,0.76749308444187,5.0278050830032,5.4350429182045,1.31624537279185,1.14727737395621,1.14727737395621,0.354960225352482
"164",164,0.769000815506675,0.358446282175602,0.845535284810001,0.754630899992888,0.27780573221785,0.51851476044592,4.57454973161003,5.4350429182045,1.31624537279185,1.14727737395621,1.14727737395621,0.75003064309304
"165",165,0.80568139002251,0.739366114483448,0.66904360514204,0.815867376186536,0.541646435251343,0.642014363903902,5.16064832237192,5.4350429182045,1.31624537279185,1.14727737395621,1.14727737395621,0.239170232117776
"166",166,0.229990857255762,0.422129282305599,0.21608536913828,0.350787051199586,0.737122813106747,0.166793845153064,5.7238254433368,5.4350429182045,1.31624537279185,1.14727737395621,1.14727737395621,-0.251711165658639
"167",167,0.903073833033792,0.746398258259869,0.462955398636404,0.870984225199907,0.265527504596976,0.685779101448134,4.80582061713747,5.4350429182045,1.31624537279185,1.14727737395621,1.14727737395621,0.548448278812694
"168",168,0.553305331809795,0.513594312491245,0.72295481891348,0.384085226595867,0.471121305840556,0.3890894725041,5.51681710647639,5.4350429182045,1.31624537279185,1.14727737395621,1.14727737395621,-0.071276737542469
"169",169,0.555196612436674,0.6287296328909,0.204322462019511,0.763549276943435,0.633385397550417,0.775729483838193,5.11061754274035,5.4350429182045,1.31624537279185,1.14727737395621,1.14727737395621,0.282778500499334
"170",170,0.230371198765468,0.7006826733778,0.800457938579377,0.519458079794305,0.74183409662568,0.251920282845967,6.97232343873985,5.4350429182045,1.31624537279185,1.14727737395621,1.14727737395621,-1.33993797440132
"171",171,0.540935005289037,0.292581661679549,0.630779232189991,0.772286816465785,0.477338769908412,0.465977496281965,4.66536731513673,5.4350429182045,1.31624537279185,1.14727737395621,1.14727737395621,0.670871421802438
"172",172,0.643150768119725,0.431432932975586,0.221111859928002,0.170712835903512,0.311012717011617,0.426576224351535,4.65035292818401,5.4350429182045,1.31624537279185,1.14727737395621,1.14727737395621,0.683958393875238
"173",173,0.126969252614072,0.899939670981606,0.363555205687298,0.264460811021039,0.274765743209166,0.771620232461835,7.5487183091456,5.4350429182045,1.31624537279185,1.14727737395621,1.14727737395621,-1.84234034325319
"174",174,0.820775360487402,0.747424637790304,0.188699108726112,0.63212680987129,0.517263174210675,0.221655795371276,4.79127092387214,5.4350429182045,1.31624537279185,1.14727737395621,1.14727737395621,0.561130210484681
"175",175,0.261736145896255,0.160081978144706,0.578618985275738,0.789665860760957,0.298826015879982,0.176291512276977,4.96652086668484,5.4350429182045,1.31624537279185,1.14727737395621,1.14727737395621,0.408377313242074
"176",176,0.545185383754433,0.398558979970636,0.808160657781991,0.449482000350603,0.333157703437726,0.706628304205602,5.2864413343667,5.4350429182045,1.31624537279185,1.14727737395621,1.14727737395621,0.129525420104269
"177",177,0.860612466367777,0.145917474859511,0.360512394320918,0.652042010890087,0.226066999911447,0.489166306034895,3.51288691073732,5.4350429182045,1.31624537279185,1.14727737395621,1.14727737395621,1.6754065329807
"178",178,0.500203274728963,0.49057440537517,0.841219175267499,0.755686277989764,0.101256422815495,0.219270006555831,5.47864963472589,5.4350429182045,1.31624537279185,1.14727737395621,1.14727737395621,-0.0380088699657862
"179",179,0.731768387201009,0.62567457827623,0.791745849361294,0.872413640577695,0.156861702473951,0.455793591812486,5.15341306768041,5.4350429182045,1.31624537279185,1.14727737395621,1.14727737395621,0.245476688477637
"180",180,0.334953620257438,0.313102307089022,0.198590750813484,0.575924043445848,0.254955890169018,0.839029104328481,4.94752132678628,5.4350429182045,1.31624537279185,1.14727737395621,1.14727737395621,0.424937859392343
"181",181,0.781353024019627,0.47375611591083,0.503180274178158,0.467209877822199,0.381762727116933,0.910921324323863,4.6502728724938,5.4350429182045,1.31624537279185,1.14727737395621,1.14727737395621,0.684028172720378
"182",182,0.2166828641959,0.840757082925294,0.424578654921264,0.579257763197995,0.480764747382025,0.491372915536631,6.94164632319102,5.4350429182045,1.31624537279185,1.14727737395621,1.14727737395621,-1.31319891700751
"183",183,0.456657122267992,0.795924039587728,0.430258891443256,0.288397173198522,0.805428333267337,0.708728091012104,6.14772598851989,5.4350429182045,1.31624537279185,1.14727737395621,1.14727737395621,-0.621195088906715
"184",184,0.562756289243116,0.902820459830924,0.84238269160653,0.214554360460141,0.450231567681418,0.450711968846736,6.63295517497984,5.4350429182045,1.31624537279185,1.14727737395621,1.14727737395621,-1.04413482211762
"185",185,0.364025593723636,0.240522213222808,0.80559363306954,0.552385583731579,0.799672023615567,0.154860981238075,5.24428187398654,5.4350429182045,1.31624537279185,1.14727737395621,1.14727737395621,0.166272819937301
"186",186,0.229412128208089,0.182047675670241,0.807418919847696,0.112411460920586,0.470666470388067,0.701713092813268,5.88367866582174,5.4350429182045,1.31624537279185,1.14727737395621,1.14727737395621,-0.391043838047802
"187",187,0.915464505443932,0.131517118662479,0.136659680243116,0.313327640561853,0.507269117719843,0.858964036211721,3.28140051370426,5.4350429182045,1.31624537279185,1.14727737395621,1.14727737395621,1.87717674329594
"188",188,0.373941808820702,0.790914808572037,0.514763862058288,0.361775429161848,0.69254728110577,0.150806813869858,6.45500812357701,5.4350429182045,1.31624537279185,1.14727737395621,1.14727737395621,-0.889031047352844
"189",189,0.20817322844523,0.609241897880798,0.393314031839371,0.14638033533236,0.37375747548847,0.864613434789586,6.63629790187414,5.4350429182045,1.31624537279185,1.14727737395621,1.14727737395621,-1.04704843914711
"190",190,0.784487504956196,0.563566520498018,0.162961231104913,0.410504253106541,0.666697257724474,0.460695265388466,4.51084499024427,5.4350429182045,1.31624537279185,1.14727737395621,1.14727737395621,0.80555753032353
"191",191,0.2389951049214,0.14303939793515,0.296579358685296,0.159099984335015,0.749876309839659,0.166082580489339,4.98298188970298,5.4350429182045,1.31624537279185,1.14727737395621,1.14727737395621,0.394029411512455
"192",192,0.568112674640259,0.218100410524523,0.213477781330701,0.267808379233233,0.14602486488875,0.179709587230813,4.19224269972985,5.4350429182045,1.31624537279185,1.14727737395621,1.14727737395621,1.08326046227953
"193",193,0.476452243779204,0.731919142495724,0.221932642692351,0.690514141989523,0.461991600303678,0.451713337208959,5.58459690252741,5.4350429182045,1.31624537279185,1.14727737395621,1.14727737395621,-0.130355559795619
"194",194,0.176351980627747,0.819034882910433,0.3681706629236,0.616089004816953,0.245831296962453,0.875882977395086,6.9999869816624,5.4350429182045,1.31624537279185,1.14727737395621,1.14727737395621,-1.36405031510508
"195",195,0.68618969731906,0.345777086450369,0.5427199614743,0.830744241736364,0.747358904927154,0.160951808887068,4.41467072245806,5.4350429182045,1.31624537279185,1.14727737395621,1.14727737395621,0.889385791883826
"196",196,0.144913889200892,0.149524372618878,0.824473104002769,0.81173967492918,0.618621909461101,0.573453169137356,5.54520195450124,5.4350429182045,1.31624537279185,1.14727737395621,1.14727737395621,-0.0960177885465253
"197",197,0.768182046217844,0.208166100229719,0.161375511997263,0.408076187746716,0.695620437718113,0.746913971061818,3.68788111389238,5.4350429182045,1.31624537279185,1.14727737395621,1.14727737395621,1.52287654578884
"198",198,0.421005139222019,0.789723402327974,0.199229000350228,0.252170811839984,0.873542648216826,0.237600900619873,5.98757133303961,5.4350429182045,1.31624537279185,1.14727737395621,1.14727737395621,-0.481599678837734
"199",199,0.744775259250076,0.599542591862846,0.77643881391047,0.408784106048522,0.514600872049457,0.79562458763225,5.3242544636703,5.4350429182045,1.31624537279185,1.14727737395621,1.14727737395621,0.0965664076091407
"200",200,0.367704231286771,0.156640981223201,0.682748710995773,0.773124751116615,0.146589690764435,0.313654613249586,4.7294572516544,5.4350429182045,1.31624537279185,1.14727737395621,1.14727737395621,0.615008787384167
"201",201,0.17041797322256,0.133096869328176,0.832208675351227,0.380351552583743,0.351502991681919,0.429812436413136,5.67008287417284,5.4350429182045,1.31624537279185,1.14727737395621,1.14727737395621,-0.20486759462347
"202",202,0.251717639999231,0.245580527350656,0.429996644913335,0.554878187636728,0.694912063428084,0.582383607143071,5.24117617743697,5.4350429182045,1.31624537279185,1.14727737395621,1.14727737395621,0.168979834491994
"203",203,0.241432970824302,0.900865800843923,0.624623086375999,0.828618099530693,0.458513487915043,0.737814465643023,7.04423662691294,5.4350429182045,1.31624537279185,1.14727737395621,1.14727737395621,-1.40261958026713
"204",204,0.764160272742854,0.295208226816496,0.139438348193886,0.163199882101733,0.596982824228588,0.779032613918767,3.97666793604047,5.4350429182045,1.31624537279185,1.14727737395621,1.14727737395621,1.27116163472748
"205",205,0.218675333491177,0.841746837155079,0.522515558204148,0.324538638285128,0.269367609683657,0.445269180683652,7.16879286475126,5.4350429182045,1.31624537279185,1.14727737395621,1.14727737395621,-1.51118638430756
"206",206,0.103732190264971,0.818286398656317,0.730132296143565,0.871788129791734,0.804101093510981,0.870191528138705,7.55194199279879,5.4350429182045,1.31624537279185,1.14727737395621,1.14727737395621,-1.84515019876535
"207",207,0.884906088973978,0.408186391353025,0.853594761842862,0.770544232383138,0.635502752883593,0.493362985366839,4.49752869119528,5.4350429182045,1.31624537279185,1.14727737395621,1.14727737395621,0.817164400075586
"208",208,0.42185581636033,0.65204588386463,0.358437878635479,0.109082458969555,0.10481933898374,0.637959448148846,5.96416554392664,5.4350429182045,1.31624537279185,1.14727737395621,1.14727737395621,-0.461198518975008
"209",209,0.305969586211839,0.899056745510083,0.335931862996891,0.367796833880129,0.453234049801598,0.61377494614746,6.71203874464962,5.4350429182045,1.31624537279185,1.14727737395621,1.14727737395621,-1.11306633899838
"210",210,0.463737625013222,0.254580437410856,0.433316267186077,0.699635722348932,0.877796560961404,0.468431713170605,4.59523519861562,5.4350429182045,1.31624537279185,1.14727737395621,1.14727737395621,0.732000594322655
"211",211,0.853284757984104,0.512722019996378,0.220230701693683,0.133809177129879,0.248985891540768,0.765339230687823,4.4543995367584,5.4350429182045,1.31624537279185,1.14727737395621,1.14727737395621,0.854757013175028
"212",212,0.815401875334443,0.184602163135773,0.664237511248444,0.265169542852207,0.484205432674848,0.443642457252252,4.20948735340456,5.4350429182045,1.31624537279185,1.14727737395621,1.14727737395621,1.06822952550158
"213",213,0.139512493646238,0.35723147371877,0.544832046583644,0.231468078544945,0.435199935732991,0.496636625286075,6.35673622398419,5.4350429182045,1.31624537279185,1.14727737395621,1.14727737395621,-0.803374429499443
"214",214,0.540294925815077,0.355371484459727,0.739891005990328,0.181345042956062,0.379720413621282,0.26957893500349,5.35548059979866,5.4350429182045,1.31624537279185,1.14727737395621,1.14727737395621,0.0693488080667729
"215",215,0.666900381003041,0.796372898874339,0.343323227709392,0.422611998821376,0.65723520846921,0.243789459458319,5.43419124222991,5.4350429182045,1.31624537279185,1.14727737395621,1.14727737395621,0.000742345307179851
"216",216,0.846468162267935,0.449188560609589,0.192591723112389,0.914113974176929,0.0827046503791353,0.0939905962923076,4.07109247460069,5.4350429182045,1.31624537279185,1.14727737395621,1.14727737395621,1.18885848755165
"217",217,0.575907100347569,0.625016856936156,0.178134656693204,0.808601708616363,0.169264165463275,0.467830788178486,5.02122466164479,5.4350429182045,1.31624537279185,1.14727737395621,1.14727737395621,0.360695910120429
"218",218,0.790783365421346,0.594425175167969,0.420315508110332,0.858766088324017,0.513598887418862,0.354958833849174,4.6772323137586,5.4350429182045,1.31624537279185,1.14727737395621,1.14727737395621,0.660529547299191
"219",219,0.153423799537355,0.33092797053291,0.835382818314945,0.409271366020315,0.783594599160599,0.158545870941016,6.40907961177398,5.4350429182045,1.31624537279185,1.14727737395621,1.14727737395621,-0.848998433753351
"220",220,0.61466318218247,0.890141452881508,0.300270893630455,0.712391852659406,0.169594490124146,0.579725383920129,5.60174882484904,5.4350429182045,1.31624537279185,1.14727737395621,1.14727737395621,-0.145305669255623
"221",221,0.763734846178675,0.815278888526722,0.195270737807383,0.157114374072989,0.119575376854278,0.34360157490347,5.2017414488684,5.4350429182045,1.31624537279185,1.14727737395621,1.14727737395621,0.203352279607498
"222",222,0.508866089364048,0.506988086251542,0.582185451430501,0.660714330386952,0.419361070623272,0.404237400302896,5.30948847824736,5.4350429182045,1.31624537279185,1.14727737395621,1.14727737395621,0.109436865754778
"223",223,0.204241082728258,0.618197693598224,0.234666866151034,0.888667399460799,0.848594417548156,0.383395991317229,6.22811655173277,5.4350429182045,1.31624537279185,1.14727737395621,1.14727737395621,-0.691265819000227
"224",224,0.122807999901474,0.190502627483685,0.850107141734799,0.805584228361607,0.358021072352887,0.178898583733244,5.82344050656288,5.4350429182045,1.31624537279185,1.14727737395621,1.14727737395621,-0.338538523617049
"225",225,0.246483100175741,0.670062192495214,0.810254306604969,0.847549878665828,0.469178171283333,0.357460999263683,6.65955060104416,5.4350429182045,1.31624537279185,1.14727737395621,1.14727737395621,-1.06731616140666
"226",226,0.255004727469524,0.485106160485651,0.312658035745495,0.342757317768177,0.314361541416496,0.710231751867686,5.91331989789808,5.4350429182045,1.31624537279185,1.14727737395621,1.14727737395621,-0.416879989574199
"227",227,0.830871322600637,0.821579709583428,0.934562709623366,0.65386997556861,0.709354934716015,0.594246018066304,5.58462417328437,5.4350429182045,1.31624537279185,1.14727737395621,1.14727737395621,-0.130379329772766
"228",228,0.314603290396743,0.825495305882767,0.489585537076928,0.69621409966494,0.636026100315154,0.908859720800072,6.54215192714529,5.4350429182045,1.31624537279185,1.14727737395621,1.14727737395621,-0.964988096229157
"229",229,0.353789523134124,0.590870554784662,0.298666988067678,0.192444104874157,0.152583477271721,0.208367675344693,5.90304362651817,5.4350429182045,1.31624537279185,1.14727737395621,1.14727737395621,-0.40792289548938
"230",230,0.756237456882722,0.32959782268526,0.525656881718314,0.526388612880837,0.676244087588042,0.412714766329271,4.34971448837879,5.4350429182045,1.31624537279185,1.14727737395621,1.14727737395621,0.946003516205607
"231",231,0.858180597002036,0.59283204620285,0.693894788976992,0.63444246478274,0.838991881935042,0.845864407665329,4.8696836870297,5.4350429182045,1.31624537279185,1.14727737395621,1.14727737395621,0.49278338787877
"232",232,0.111051667515188,0.735697425045539,0.151016933746985,0.506887744168402,0.45596493643499,0.560972855026252,6.94049591527045,5.4350429182045,1.31624537279185,1.14727737395621,1.14727737395621,-1.31219618833293
"233",233,0.678318047734327,0.824657622938394,0.867826140324702,0.705809216401889,0.107388799931272,0.668608958903933,5.82216121516915,5.4350429182045,1.31624537279185,1.14727737395621,1.14727737395621,-0.337423456395494
"234",234,0.727005752656725,0.112501011004671,0.640124826072017,0.729590390925878,0.927303314029938,0.346835417059483,3.83631098278238,5.4350429182045,1.31624537279185,1.14727737395621,1.14727737395621,1.39350079737835
"235",235,0.871559372134856,0.245183197324513,0.245771679438069,0.336973972928827,0.510593099843827,0.6081933313919,3.74444053051134,5.4350429182045,1.31624537279185,1.14727737395621,1.14727737395621,1.47357772938847
"236",236,0.8444309101369,0.556212530638324,0.532582031047554,0.83427185831347,0.899442403568537,0.259768185580266,4.59831931118068,5.4350429182045,1.31624537279185,1.14727737395621,1.14727737395621,0.729312392990465
"237",237,0.468910955166561,0.835808917751652,0.488753090445185,0.796622932241065,0.212952496760292,0.739241524052923,6.0245866644014,5.4350429182045,1.31624537279185,1.14727737395621,1.14727737395621,-0.513863307670706
"238",238,0.101742591241258,0.738931770209339,0.795959894766449,0.71054299088195,0.756577908943873,0.0792726630376419,7.52389320799394,5.4350429182045,1.31624537279185,1.14727737395621,1.14727737395621,-1.82070207014225
"239",239,0.138715883584809,0.461511305967229,0.773026952652144,0.258380991965183,0.183987764962716,0.174988471706747,6.93346550472531,5.4350429182045,1.31624537279185,1.14727737395621,1.14727737395621,-1.30606828003043
"240",240,0.236596100629307,0.257098487071693,0.332273264123243,0.92177485923213,0.429786284965579,0.112318458367139,5.14263993299721,5.4350429182045,1.31624537279185,1.14727737395621,1.14727737395621,0.254866862926951
"241",241,0.391757709457073,0.185991709597525,0.735537249731133,0.390952498609433,0.307356018466991,0.549486984876683,5.02909392357944,5.4350429182045,1.31624537279185,1.14727737395621,1.14727737395621,0.353836834788441
"242",242,0.531933088094927,0.201869676655275,0.482049203130999,0.800125641124323,0.120342729827506,0.241751733878627,4.29432963235414,5.4350429182045,1.31624537279185,1.14727737395621,1.14727737395621,0.994278551765372
"243",243,0.626446125071961,0.379624127891148,0.810823082332034,0.806989807376755,0.657744925506297,0.75720987498574,4.84219718484464,5.4350429182045,1.31624537279185,1.14727737395621,1.14727737395621,0.516741414777076
"244",244,0.463177940760972,0.433042724360945,0.354688853570027,0.14962802459416,0.272674205668503,0.60313917572191,5.2716507988,5.4350429182045,1.31624537279185,1.14727737395621,1.14727737395621,0.142417276862236
"245",245,0.275291425988544,0.114100868192036,0.465855071859667,0.630017417011317,0.282627585264854,0.51772574000631,4.71532094963304,5.4350429182045,1.31624537279185,1.14727737395621,1.14727737395621,0.627330395342505
"246",246,0.878582008040743,0.904783281246549,0.681106713716174,0.596426156401867,0.724033117743675,0.72147225887049,5.44457709274757,5.4350429182045,1.31624537279185,1.14727737395621,1.14727737395621,-0.00831026110991191
"247",247,0.270158995675622,0.54358462918119,0.378941249527968,0.817242818302475,0.638681953499559,0.433836581774289,5.91127330411316,5.4350429182045,1.31624537279185,1.14727737395621,1.14727737395621,-0.415096119490662
"248",248,0.790182589771925,0.274407698899391,0.783809674323071,0.614443107789732,0.272011144265649,0.12693437377573,4.36661305137718,5.4350429182045,1.31624537279185,1.14727737395621,1.14727737395621,0.931274242028328
"249",249,0.81146330675052,0.285427856912138,0.158878795621451,0.306590976595529,0.221549313461641,0.559005078631802,3.84639116202124,5.4350429182045,1.31624537279185,1.14727737395621,1.14727737395621,1.384714622851
"250",250,0.771803050711984,0.539829590271926,0.422526977166184,0.85112833277008,0.387677232773392,0.600437572814291,4.59662469303524,5.4350429182045,1.31624537279185,1.14727737395621,1.14727737395621,0.730789470969957
"251",251,0.542175637953449,0.542420575760072,0.655553850496653,0.211074969648616,0.745428618452162,0.462051163498545,5.68027046775437,5.4350429182045,1.31624537279185,1.14727737395621,1.14727737395621,-0.213747394585356
"252",252,0.445339224720723,0.572286990223103,0.474998561260989,0.25414090777759,0.603103238579351,0.691853619531263,5.752232152726,5.4350429182045,1.31624537279185,1.14727737395621,1.14727737395621,-0.276471271657456
"253",253,0.550909471069812,0.410332187559456,0.583771162451943,0.819442193114315,0.730526909394888,0.554068551682285,4.89783022765496,5.4350429182045,1.31624537279185,1.14727737395621,1.14727737395621,0.468250052467299
"254",254,0.559914713378414,0.30098894854961,0.150813140346203,0.685178777860128,0.646189381540404,0.582919532745029,4.25377404456444,5.4350429182045,1.31624537279185,1.14727737395621,1.14727737395621,1.02962797005805
"255",255,0.11628314870433,0.390654667981667,0.480384960975498,0.708088384372299,0.179129262070055,0.252612654251861,6.24495324506444,5.4350429182045,1.31624537279185,1.14727737395621,1.14727737395621,-0.705941165794186
"256",256,0.498951903584297,0.894331567811547,0.741694824408623,0.461195478259353,0.699118237560266,0.809141017221729,6.45376060442466,5.4350429182045,1.31624537279185,1.14727737395621,1.14727737395621,-0.887943673731896
"257",257,0.772339317726786,0.161737872420577,0.693102298596408,0.530382410265389,0.836171360928216,0.804017962888582,4.04916840969801,5.4350429182045,1.31624537279185,1.14727737395621,1.14727737395621,1.20796813391997
"258",258,0.629085287113208,0.419973000372294,0.0947710107219173,0.594556291874731,0.722090883596335,0.173132438136381,4.38139007196771,5.4350429182045,1.31624537279185,1.14727737395621,1.14727737395621,0.918394165312814
"259",259,0.425130705079646,0.327143638302572,0.788922147529433,0.911990717842826,0.529301556773018,0.905488679469679,5.11725377991295,5.4350429182045,1.31624537279185,1.14727737395621,1.14727737395621,0.276994165060279
"260",260,0.864051057240227,0.855328038451145,0.73053567426966,0.530613647879916,0.716914430512232,0.170898972601863,5.47716491383183,5.4350429182045,1.31624537279185,1.14727737395621,1.14727737395621,-0.0367147444755042
"261",261,0.382780624120613,0.205810737146297,0.742902660050313,0.894150009248289,0.30385715529148,0.586623533625272,4.84171286574477,5.4350429182045,1.31624537279185,1.14727737395621,1.14727737395621,0.517163561252605
"262",262,0.511995548862033,0.31118634076009,0.572554088373901,0.426883075465448,0.293495601358241,0.842616766011459,4.89772297168244,5.4350429182045,1.31624537279185,1.14727737395621,1.14727737395621,0.468343539861851
"263",263,0.448426543505397,0.772250753413304,0.203261645845487,0.269319079576177,0.855072131618043,0.841991476720199,5.86144402764672,5.4350429182045,1.31624537279185,1.14727737395621,1.14727737395621,-0.371663487070996
"264",264,0.361927184868488,0.397910883918055,0.439801910805283,0.111427555360715,0.687897546809982,0.290154160164413,5.61588016594956,5.4350429182045,1.31624537279185,1.14727737395621,1.14727737395621,-0.157622953132484
"265",265,0.317201455511269,0.83784004947776,0.16788535210269,0.825248984405305,0.584767970177229,0.501376299974392,6.25210418564128,5.4350429182045,1.31624537279185,1.14727737395621,1.14727737395621,-0.712174131543508
"266",266,0.309639286022517,0.886055685518077,0.555023033373174,0.886323696428211,0.466322690028464,0.238584025074728,6.68007952446692,5.4350429182045,1.31624537279185,1.14727737395621,1.14727737395621,-1.0852097622819
"267",267,0.827474714954034,0.390222865807475,0.860111503474996,0.691443724087672,0.768518902883981,0.267847413708107,4.60300916628634,5.4350429182045,1.31624537279185,1.14727737395621,1.14727737395621,0.725224580215523
"268",268,0.386931830989663,0.712048265118152,0.876221517579164,0.743548332261504,0.355290838814224,0.784035731780343,6.36155241366965,5.4350429182045,1.31624537279185,1.14727737395621,1.14727737395621,-0.807572359132495
"269",269,0.605589805070311,0.215138414575253,0.683278145161341,0.637537191131036,0.782401394784916,0.222566130782128,4.42534258234509,5.4350429182045,1.31624537279185,1.14727737395621,1.14727737395621,0.880083891463503
"270",270,0.649606732302927,0.476183643315802,0.14578350766201,0.381013861503685,0.171940807228559,0.347184572613682,4.57403399729893,5.4350429182045,1.31624537279185,1.14727737395621,1.14727737395621,0.750480171971415
"271",271,0.769875915348297,0.739883986836066,0.126430026690126,0.434968175587361,0.0836605388978496,0.693498282272369,4.86012328495493,5.4350429182045,1.31624537279185,1.14727737395621,1.14727737395621,0.501116509660648
"272",272,0.866376161842491,0.547938598248875,0.350849836649024,0.238852923126076,0.364395054538036,0.164238515602425,4.62387726781921,5.4350429182045,1.31624537279185,1.14727737395621,1.14727737395621,0.707035341931402
"273",273,0.12897169596958,0.781727261318476,0.828673679886619,0.734417538974783,0.414126160653424,0.66204835254373,7.49538427516588,5.4350429182045,1.31624537279185,1.14727737395621,1.14727737395621,-1.79585286325016
"274",274,0.156338558717282,0.599412846115651,0.660033728312701,0.147624450246803,0.13373760023166,0.612044585993863,7.19086570055337,5.4350429182045,1.31624537279185,1.14727737395621,1.14727737395621,-1.53042570367633
"275",275,0.137245062850299,0.261436248653918,0.596225529014366,0.150893394074985,0.284643902642303,0.901389205484069,6.18924797180128,5.4350429182045,1.31624537279185,1.14727737395621,1.14727737395621,-0.657386845341523
"276",276,0.188977287047193,0.600962887266302,0.445007647868362,0.601629674654454,0.817451167771011,0.187473513919045,6.51388099410747,5.4350429182045,1.31624537279185,1.14727737395621,1.14727737395621,-0.940346336808475
"277",277,0.851523257044377,0.362499211185379,0.534411689846544,0.383062454526196,0.888777264157659,0.475539408488316,4.35703417427189,5.4350429182045,1.31624537279185,1.14727737395621,1.14727737395621,0.939623467178876
"278",278,0.414780742011731,0.286127837268868,0.865830081464024,0.21630881887034,0.624836632798892,0.116757034645183,5.60453488296698,5.4350429182045,1.31624537279185,1.14727737395621,1.14727737395621,-0.147734077747923
"279",279,0.710481246228912,0.498672956280876,0.231250091909315,0.118362861435162,0.73694988407928,0.750993440905586,4.71107692016448,5.4350429182045,1.31624537279185,1.14727737395621,1.14727737395621,0.631029613652655
"280",280,0.801092865569517,0.627294900070876,0.862695872826502,0.3849560950913,0.1758844619093,0.618813427152112,5.38833019141116,5.4350429182045,1.31624537279185,1.14727737395621,1.14727737395621,0.0407161579699413
"281",281,0.44268778135092,0.522233938909834,0.861772398099303,0.521997373065329,0.566234435470426,0.229422684675548,5.87598864425366,5.4350429182045,1.31624537279185,1.14727737395621,1.14727737395621,-0.384340993781326
"282",282,0.269337864016648,0.712818655436276,0.78846753082436,0.126395363703719,0.626935266476357,0.117130950754159,7.20443237989836,5.4350429182045,1.31624537279185,1.14727737395621,1.14727737395621,-1.54225081210518
"283",283,0.764896368486574,0.809446273665293,0.326736774770543,0.208745767558808,0.503405911346315,0.768812481462024,5.32817778346922,5.4350429182045,1.31624537279185,1.14727737395621,1.14727737395621,0.0931467290832833
"284",284,0.71623100837844,0.649675834879861,0.758678282366251,0.284199489141232,0.486298814912676,0.204087023377419,5.58496894609353,5.4350429182045,1.31624537279185,1.14727737395621,1.14727737395621,-0.130679843682468
"285",285,0.696994521732675,0.602161621506326,0.364814151107566,0.145854674628587,0.140334219011245,0.564882691401523,5.13582592076589,5.4350429182045,1.31624537279185,1.14727737395621,1.14727737395621,0.260806152226995
"286",286,0.87043835172744,0.30182559474092,0.152085016393336,0.721586865782738,0.538697904356872,0.871653379269294,3.68343198007144,5.4350429182045,1.31624537279185,1.14727737395621,1.14727737395621,1.5267545389594
"287",287,0.751900608883589,0.605175725969137,0.519614769571577,0.704752287585405,0.425292952230899,0.128922240430489,4.91645157559801,5.4350429182045,1.31624537279185,1.14727737395621,1.14727737395621,0.452019149317142
"288",288,0.64872897767066,0.696344728556345,0.224137561279233,0.725159896858386,0.79598396529234,0.406714279670152,5.05914956535172,5.4350429182045,1.31624537279185,1.14727737395621,1.14727737395621,0.327639471836327
"289",289,0.184443287640461,0.445311994003481,0.272428449677885,0.0859972873654915,0.828709728868795,0.68539344289829,6.17154380432586,5.4350429182045,1.31624537279185,1.14727737395621,1.14727737395621,-0.641955383101167
"290",290,0.727657471170649,0.8866374058316,0.881796546254889,0.834809947243077,0.823052676446154,0.310546811146545,5.77740250699276,5.4350429182045,1.31624537279185,1.14727737395621,1.14727737395621,-0.298410477326582
"291",291,0.557892969214241,0.594747509257169,0.181399690538063,0.600721848377841,0.498767831139034,0.135284698157222,5.04613519165974,5.4350429182045,1.31624537279185,1.14727737395621,1.14727737395621,0.338983174751953
"292",292,0.17735956466943,0.220323926129611,0.190448446196737,0.212029432479292,0.601709239608375,0.350320285012713,5.31542837097905,5.4350429182045,1.31624537279185,1.14727737395621,1.14727737395621,0.104259484184699
"293",293,0.655745683378191,0.261698410841054,0.193996847576578,0.5052137087991,0.247400266529294,0.773213337244233,4.03239513328362,5.4350429182045,1.31624537279185,1.14727737395621,1.14727737395621,1.22258820470246
"294",294,0.826135660267551,0.647833327668603,0.501240409887629,0.305878778809798,0.524007543999003,0.741350795105682,5.03621009632675,5.4350429182045,1.31624537279185,1.14727737395621,1.14727737395621,0.34763417368063
"295",295,0.887696125110611,0.614935912617133,0.622629909129231,0.393032695910777,0.127664749492891,0.23333109629422,4.9440734817169,5.4350429182045,1.31624537279185,1.14727737395621,1.14727737395621,0.427943100450563
"296",296,0.459934062569751,0.811463715969701,0.237616820286028,0.40396503415273,0.502221758975531,0.216883988410234,5.90181299945488,5.4350429182045,1.31624537279185,1.14727737395621,1.14727737395621,-0.406850245499739
"297",297,0.815871640911093,0.869369774605148,0.166904204975697,0.388590698859189,0.556621437505702,0.810256422516308,5.07205551997076,5.4350429182045,1.31624537279185,1.14727737395621,1.14727737395621,0.316390270107074
"298",298,0.681359562999569,0.19964463582891,0.744383708392037,0.651621807669522,0.314813700893428,0.729731936034979,4.28180340017688,5.4350429182045,1.31624537279185,1.14727737395621,1.14727737395621,1.0051967764786
"299",299,0.144024844760308,0.209842972593615,0.635440735315904,0.51147492638242,0.80005976778653,0.505804173325538,5.75680201835616,5.4350429182045,1.31624537279185,1.14727737395621,1.14727737395621,-0.280454498149931
"300",300,0.347371946079074,0.114517012929311,0.804547751446837,0.518645341924275,0.489603412493947,0.779999865120393,4.88780216262744,5.4350429182045,1.31624537279185,1.14727737395621,1.14727737395621,0.476990802747189
"301",301,0.91093562375172,0.63226215128263,0.725682137507712,0.172101420173422,0.769217296655523,0.77286886825494,5.24568099243456,5.4350429182045,1.31624537279185,1.14727737395621,1.14727737395621,0.165053308004283
"302",302,0.865511477583437,0.211928738098941,0.435557178657502,0.700894448081381,0.834828066081507,0.508766309199738,3.72613106059938,5.4350429182045,1.31624537279185,1.14727737395621,1.14727737395621,1.48953679066484
"303",303,0.296070698440657,0.836750805912889,0.397458224180271,0.673753414509003,0.206479694009409,0.392536927692941,6.56253576809963,5.4350429182045,1.31624537279185,1.14727737395621,1.14727737395621,-0.982755239046634
"304",304,0.152705265719676,0.232701340483036,0.285962902604602,0.669364410231705,0.66820568095753,0.846074783056625,5.40230582031276,5.4350429182045,1.31624537279185,1.14727737395621,1.14727737395621,0.0285345973300695
"305",305,0.589326489143889,0.343030643031816,0.6745529704293,0.567025738894939,0.28619356893329,0.507465935344109,4.83225207674629,5.4350429182045,1.31624537279185,1.14727737395621,1.14727737395621,0.525409857408395
"306",306,0.777289427948301,0.905912344512064,0.596628971260856,0.313819352323306,0.185738359790645,0.476528177997447,5.74216515172962,5.4350429182045,1.31624537279185,1.14727737395621,1.14727737395621,-0.267696583665775
"307",307,0.674197076382814,0.777728617478162,0.114293234284502,0.495451161671896,0.404994881797466,0.657499465187895,5.11574743156608,5.4350429182045,1.31624537279185,1.14727737395621,1.14727737395621,0.278307141661287
"308",308,0.650692337495741,0.487676052421448,0.328634078136296,0.439733026673435,0.89747901389969,0.519828383781016,4.7739161150538,5.4350429182045,1.31624537279185,1.14727737395621,1.14727737395621,0.576257161658218
"309",309,0.376582464725594,0.602911821731017,0.876614976535551,0.631597434346913,0.593766747617279,0.833933439315879,6.20605116593812,5.4350429182045,1.31624537279185,1.14727737395621,1.14727737395621,-0.672032993272513
"310",310,0.148552477949415,0.604304811978014,0.51746054840635,0.853227346099098,0.773377737177769,0.720977768935496,6.66940397585885,5.4350429182045,1.31624537279185,1.14727737395621,1.14727737395621,-1.07590464666608
"311",311,0.893002554450184,0.406741474527051,0.418206665129983,0.725799895391799,0.416195338890888,0.338152127041831,4.12787878154195,5.4350429182045,1.31624537279185,1.14727737395621,1.14727737395621,1.13936190701207
"312",312,0.409579379290226,0.425611375108943,0.823744425274781,0.676674913979252,0.161039953996427,0.571527519662748,5.58028451285152,5.4350429182045,1.31624537279185,1.14727737395621,1.14727737395621,-0.12659675676003
"313",313,0.765559892251156,0.193887841944932,0.195818587437272,0.936360769034713,0.380220519860857,0.416711867134552,3.57306172103345,5.4350429182045,1.31624537279185,1.14727737395621,1.14727737395621,1.62295643533028
"314",314,0.851112043197267,0.681337913357071,0.856391741233878,0.633225003474043,0.335120734208846,0.725280727682868,5.21444829402586,5.4350429182045,1.31624537279185,1.14727737395621,1.14727737395621,0.192276627419186
"315",315,0.271083527252311,0.110210516038467,0.141133451258764,0.600211432030774,0.515402416737168,0.703778987149475,4.41918999167796,5.4350429182045,1.31624537279185,1.14727737395621,1.14727737395621,0.885446666679678
"316",316,0.129568927169195,0.436236562594073,0.855503623423632,0.429053162641474,0.150500334021868,0.869523023990099,6.83360351291721,5.4350429182045,1.31624537279185,1.14727737395621,1.14727737395621,-1.21902569200854
"317",317,0.400134304817067,0.721306329488754,0.600915390615934,0.39545823700598,0.39191723336454,0.405539131646394,6.28687032043408,5.4350429182045,1.31624537279185,1.14727737395621,1.14727737395621,-0.742477295871515
"318",318,0.255876160910702,0.178080283800955,0.342713942053728,0.886670024067047,0.738901595242089,0.321838275114424,4.82145206387061,5.4350429182045,1.31624537279185,1.14727737395621,1.14727737395621,0.53482345966435
"319",319,0.646366802538629,0.480967420413974,0.339002530798316,0.146719846110791,0.55240255904803,0.229910251001013,4.93572158274179,5.4350429182045,1.31624537279185,1.14727737395621,1.14727737395621,0.435222856126655
"320",320,0.178536989602726,0.744713009609492,0.233441784656141,0.554114985739696,0.873225607948843,0.285015484462725,6.71811880557489,5.4350429182045,1.31624537279185,1.14727737395621,1.14727737395621,-1.11836589520274
"321",321,0.515683110650163,0.223367257790524,0.442541288510547,0.411306001785677,0.429103702048073,0.353088338143192,4.51222505745235,5.4350429182045,1.31624537279185,1.14727737395621,1.14727737395621,0.804354623999909
"322",322,0.206434906600974,0.439845777507406,0.124853776376345,0.499548953811987,0.0958008876941167,0.253124856475042,5.72565580878401,5.4350429182045,1.31624537279185,1.14727737395621,1.14727737395621,-0.25330656489579
"323",323,0.87789075207198,0.321561868508346,0.142522385360207,0.234157541252091,0.872170761763467,0.17038910291146,3.84013421153501,5.4350429182045,1.31624537279185,1.14727737395621,1.14727737395621,1.390168361091
"324",324,0.474484332279535,0.0639838376018452,0.738769076735596,0.298318611811846,0.665041459477274,0.862941721649841,4.5093078871149,5.4350429182045,1.31624537279185,1.14727737395621,1.14727737395621,0.806897313678683
"325",325,0.419203488646541,0.605999866774771,0.450192911112215,0.421340826227097,0.909584178083227,0.0971241044470808,5.79034603675454,5.4350429182045,1.31624537279185,1.14727737395621,1.14727737395621,-0.309692430632386
"326",326,0.183425365438801,0.723133661142201,0.7331073444715,0.742026070552762,0.12558364639699,0.43844605202938,7.02938410608323,5.4350429182045,1.31624537279185,1.14727737395621,1.14727737395621,-1.38967369536879
"327",327,0.640890883948654,0.447105193753378,0.706688873947947,0.517320407973602,0.651290295489598,0.538899917810923,5.04442303813013,5.4350429182045,1.31624537279185,1.14727737395621,1.14727737395621,0.340475537077296
"328",328,0.426150579006877,0.645123207503115,0.647915607739938,0.799692202706472,0.613902377469698,0.305894857946318,5.87106729920604,5.4350429182045,1.31624537279185,1.14727737395621,1.14727737395621,-0.380051407706209
"329",329,0.779214199024369,0.414389614562038,0.323274871993228,0.693920032441616,0.218886258491897,0.504373227007687,4.25891779055849,5.4350429182045,1.31624537279185,1.14727737395621,1.14727737395621,1.02514453291302
"330",330,0.635471797055914,0.430457038597087,0.648683181648958,0.642227353787515,0.533083557332167,0.1715727491742,4.89834514204234,5.4350429182045,1.31624537279185,1.14727737395621,1.14727737395621,0.467801238258051
"331",331,0.292539539553924,0.45977317985706,0.602675375308376,0.292408250381588,0.610807655548095,0.249694672386977,6.07753209655193,5.4350429182045,1.31624537279185,1.14727737395621,1.14727737395621,-0.56001207112793
"332",332,0.830220088500995,0.386052209612564,0.7771573490554,0.140531611820334,0.828157772184233,0.485668227942311,4.95548704769622,5.4350429182045,1.31624537279185,1.14727737395621,1.14727737395621,0.417994707639536
"333",333,0.53319221201574,0.797094863735256,0.39451688926504,0.543174330599722,0.261088360289461,0.281292391264229,5.77300006298376,5.4350429182045,1.31624537279185,1.14727737395621,1.14727737395621,-0.294573180340746
"334",334,0.736820899780956,0.49314500211447,0.203986364230164,0.839519809364574,0.827821825920604,0.0962901391381165,4.38975972232925,5.4350429182045,1.31624537279185,1.14727737395621,1.14727737395621,0.91109893701708
"335",335,0.812314357054303,0.281309778286144,0.650515016821912,0.195639632934821,0.240525078201084,0.127234478447936,4.51638959329761,5.4350429182045,1.31624537279185,1.14727737395621,1.14727737395621,0.800724694621192
"336",336,0.664317732378608,0.428641805243795,0.181961276189075,0.831059604486916,0.466663634301163,0.769386165456264,4.35948707910569,5.4350429182045,1.31624537279185,1.14727737395621,1.14727737395621,0.937485444683635
"337",337,0.192690896438551,0.852059715450276,0.69174790809839,0.377502860921086,0.870902111593285,0.546816681913799,7.45221786549366,5.4350429182045,1.31624537279185,1.14727737395621,1.14727737395621,-1.75822777741466
"338",338,0.430242095543887,0.12505374521995,0.244351232857211,0.293187292312738,0.869594807205023,0.502997600065544,4.23666488405029,5.4350429182045,1.31624537279185,1.14727737395621,1.14727737395621,1.04454080709514
"339",339,0.636163763961638,0.43371436047554,0.882423591805855,0.478053258832311,0.849759909515153,0.40189990409161,5.22851832306517,5.4350429182045,1.31624537279185,1.14727737395621,1.14727737395621,0.180012784900622
"340",340,0.340838374017039,0.17104656206537,0.3498515994302,0.703516023453209,0.109747526045772,0.13666956588265,4.59269230754905,5.4350429182045,1.31624537279185,1.14727737395621,1.14727737395621,0.734217051409925
"341",341,0.753195673270849,0.913413209436461,0.615092132645776,0.862127927762689,0.718115880464786,0.857883749704226,5.53818413786641,5.4350429182045,1.31624537279185,1.14727737395621,1.14727737395621,-0.089900857458945
"342",342,0.732481911691371,0.452610208916478,0.443896750440239,0.452531613565749,0.155362582409871,0.443156383888796,4.64196303138989,5.4350429182045,1.31624537279185,1.14727737395621,1.14727737395621,0.691271269544692
"343",343,0.627137586494093,0.136266481279279,0.120135184439248,0.772505488954135,0.824257143193507,0.137244592280011,3.61311945367739,5.4350429182045,1.31624537279185,1.14727737395621,1.14727737395621,1.58804096192056
"344",344,0.262909858835978,0.375949430813896,0.56752902197605,0.394548484100378,0.746183811473544,0.823017913443036,5.82840820267121,5.4350429182045,1.31624537279185,1.14727737395621,1.14727737395621,-0.342868510611562
"345",345,0.329207566921017,0.85858104345575,0.338375109740067,0.489931113721919,0.710521398615208,0.327009520775406,6.49769919076941,5.4350429182045,1.31624537279185,1.14727737395621,1.14727737395621,-0.926241810993363
"346",346,0.133066612116876,0.773782706471393,0.129408801113372,0.572514078012784,0.668979185130447,0.74251741480967,6.88512092127511,5.4350429182045,1.31624537279185,1.14727737395621,1.14727737395621,-1.26392974880193
"347",347,0.551447563125985,0.418689828659059,0.125844612977351,0.447536828172393,0.463918769634678,0.49590216550068,4.61273106259941,5.4350429182045,1.31624537279185,1.14727737395621,1.14727737395621,0.716750695404611
"348",348,0.632240152838174,0.372896039302461,0.440165165578946,0.662779744808911,0.366267818559543,0.727594375075074,4.55385739366417,5.4350429182045,1.31624537279185,1.14727737395621,1.14727737395621,0.768066680772843
"349",349,0.487388291800045,0.0666517761317082,0.688463287198567,0.333078257148387,0.520579476112034,0.593451038800878,4.4055766344947,5.4350429182045,1.31624537279185,1.14727737395621,1.14727737395621,0.897312460856648
"350",350,0.644410320119117,0.0923146618679166,0.333193221603287,0.113878320344258,0.270881966326619,0.884246821050881,3.91194322474214,5.4350429182045,1.31624537279185,1.14727737395621,1.14727737395621,1.32757755712569
"351",351,0.889314373079222,0.55084416229499,0.866135995971155,0.436611802334432,0.816704187996918,0.0646415881883586,5.04700743585789,5.4350429182045,1.31624537279185,1.14727737395621,1.14727737395621,0.338222901588767
"352",352,0.290154984242865,0.546106674016453,0.222852424535668,0.673042025592993,0.825955890830955,0.156310774354963,5.74993450370412,5.4350429182045,1.31624537279185,1.14727737395621,1.14727737395621,-0.274468574599152
"353",353,0.819298007449135,0.575588033374515,0.329459158786805,0.803834298871108,0.801253209019545,0.758859000713332,4.52095352616951,5.4350429182045,1.31624537279185,1.14727737395621,1.14727737395621,0.796746639291676
"354",354,0.21637628400058,0.736846343427896,0.236261460875161,0.822352069777786,0.122286930031958,0.778243710504496,6.47490045020561,5.4350429182045,1.31624537279185,1.14727737395621,1.14727737395621,-0.906369772128705
"355",355,0.301517682224861,0.666981314772274,0.616503668198595,0.268596790045383,0.837144372001756,0.763508459868492,6.60320394765277,5.4350429182045,1.31624537279185,1.14727737395621,1.14727737395621,-1.01820279556289
"356",356,0.341028188061202,0.884834797485499,0.0787403865684755,0.872537385656615,0.215013654932729,0.812489980956772,6.18541127073486,5.4350429182045,1.31624537279185,1.14727737395621,1.14727737395621,-0.654042666197477
"357",357,0.524925395515165,0.514057550730417,0.597549271826283,0.913310840747436,0.315145721024601,0.47615855420439,5.20026935496086,5.4350429182045,1.31624537279185,1.14727737395621,1.14727737395621,0.20463539905268
"358",358,0.297443801725865,0.298512142607477,0.865411907855305,0.812464373568189,0.853505253841984,0.870685855561052,5.5219383848333,5.4350429182045,1.31624537279185,1.14727737395621,1.14727737395621,-0.075740591247916
"359",359,0.335184317591367,0.766404268685845,0.820333297209232,0.249046917846659,0.207490729523473,0.868790066527552,6.97499383074017,5.4350429182045,1.31624537279185,1.14727737395621,1.14727737395621,-1.34226556497439
"360",360,0.0775870705099078,0.63000910209585,0.832621755486703,0.175332475927426,0.334569468018715,0.536893319389317,7.84492502788493,5.4350429182045,1.31624537279185,1.14727737395621,1.14727737395621,-2.10052264987177
"361",361,0.272437326922431,0.174968359775958,0.229496842724038,0.853586439348757,0.490381435180781,0.36026229748223,4.671676829879,5.4350429182045,1.31624537279185,1.14727737395621,1.14727737395621,0.665371867043058
"362",362,0.265969528130256,0.301112001705216,0.541266058773268,0.360852636515279,0.381448393716244,0.718649806322996,5.58391969370691,5.4350429182045,1.31624537279185,1.14727737395621,1.14727737395621,-0.129765285084488
"363",363,0.590004855185281,0.507671957602957,0.470067174341413,0.724304117790074,0.791419277286273,0.78868271945382,4.98370397143709,5.4350429182045,1.31624537279185,1.14727737395621,1.14727737395621,0.393400024277509
"364",364,0.235009669545922,0.405551180409268,0.228250253596343,0.137337622975232,0.355661315412843,0.882360437475494,5.76236452300019,5.4350429182045,1.31624537279185,1.14727737395621,1.14727737395621,-0.285302937394269
"365",365,0.786071877582348,0.445774548504967,0.802207987914211,0.877004041090841,0.835585239620879,0.591751126589836,4.6542809244971,5.4350429182045,1.31624537279185,1.14727737395621,1.14727737395621,0.680534639164949
"366",366,0.503597185239079,0.461478263684665,0.470867725766147,0.382597377551952,0.345829261707375,0.654397476451471,5.23458557538295,5.4350429182045,1.31624537279185,1.14727737395621,1.14727737395621,0.174724393047432
"367",367,0.360507163956878,0.84979228288657,0.211942276844289,0.0880839491313091,0.464758307068725,0.745786598344217,6.40524385945889,5.4350429182045,1.31624537279185,1.14727737395621,1.14727737395621,-0.845655081568288
"368",368,0.828550349012366,0.855861005669576,0.494986485208152,0.182819800259196,0.929129119471298,0.335255888388027,5.52307487727062,5.4350429182045,1.31624537279185,1.14727737395621,1.14727737395621,-0.0767311907865446
"369",369,0.222060709626763,0.724864656361402,0.32783571529598,0.161805290415534,0.306707583531737,0.629147440249682,6.76128043695515,5.4350429182045,1.31624537279185,1.14727737395621,1.14727737395621,-1.15598681614135
"370",370,0.214555125344777,0.310827467850526,0.161939426318044,0.225003950769897,0.536114572222694,0.0958457303087926,5.43215483901499,5.4350429182045,1.31624537279185,1.14727737395621,1.14727737395621,0.00251733299642388
"371",371,0.863594376913272,0.231260203163605,0.130695171396597,0.290816687157028,0.769565271208296,0.496359584728722,3.60496564483774,5.4350429182045,1.31624537279185,1.14727737395621,1.14727737395621,1.59514805652971
"372",372,0.47717339835118,0.228447030623211,0.575402530457941,0.308452355128829,0.718858298301813,0.186830845606048,4.83238792591856,5.4350429182045,1.31624537279185,1.14727737395621,1.14727737395621,0.525291447357474
"373",373,0.633372283103876,0.116773470601533,0.840348585667322,0.820107683920884,0.830228961557034,0.583845382834086,4.12725173970036,5.4350429182045,1.31624537279185,1.14727737395621,1.14727737395621,1.13990845473961
"374",374,0.890955951921642,0.829834363167873,0.123290379819111,0.474010808548192,0.844658444475732,0.617865941259079,4.78573317245505,5.4350429182045,1.31624537279185,1.14727737395621,1.14727737395621,0.565957074103541
"375",375,0.261231341598672,0.236399710396654,0.593523562804679,0.63114546142437,0.508036848656135,0.350816636843258,5.30203531414906,5.4350429182045,1.31624537279185,1.14727737395621,1.14727737395621,0.115933258229249
"376",376,0.473555457813898,0.566661238848697,0.271672293261858,0.476025122646941,0.0590922654463211,0.24804346537625,5.32515225262587,5.4350429182045,1.31624537279185,1.14727737395621,1.14727737395621,0.0957838688997146
"377",377,0.108716957651544,0.703320380200283,0.825080577223329,0.16935855438048,0.875436583920964,0.70319377700612,7.86369383549586,5.4350429182045,1.31624537279185,1.14727737395621,1.14727737395621,-2.1168820831152
"378",378,0.153798014272936,0.146366230534972,0.353820184364216,0.144688255920541,0.591829623339465,0.82983106510865,5.39034144756908,5.4350429182045,1.31624537279185,1.14727737395621,1.14727737395621,0.038963089179798
"379",379,0.602136757748434,0.174051138669485,0.896764741008636,0.201514640343958,0.55637157978327,0.555958523829817,4.8917190339827,5.4350429182045,1.31624537279185,1.14727737395621,1.14727737395621,0.473576744870537
"380",380,0.310948069845443,0.441180774637032,0.665335009191302,0.542646326711518,0.374334295037668,0.557258999976679,5.86018109089759,5.4350429182045,1.31624537279185,1.14727737395621,1.14727737395621,-0.370562675028678
"381",381,0.320866366777336,0.613630468235118,0.571323395066778,0.078819612743333,0.20304086537729,0.0917148588726995,6.53621353276291,5.4350429182045,1.31624537279185,1.14727737395621,1.14727737395621,-0.959812020663488
"382",382,0.276928551320452,0.856872300716233,0.509284645335632,0.238357386813848,0.773796778087388,0.348553282447276,7.01432706157014,5.4350429182045,1.31624537279185,1.14727737395621,1.14727737395621,-1.37654954173786
"383",383,0.492273292213446,0.643105890011415,0.908425728071015,0.301777566352626,0.217043199500418,0.123681924631819,6.27214938793346,5.4350429182045,1.31624537279185,1.14727737395621,1.14727737395621,-0.729646107150468
"384",384,0.805150778296287,0.0384495906912489,0.366038176141097,0.681867276260979,0.478013101968449,0.194068339415826,3.29370910018279,5.4350429182045,1.31624537279185,1.14727737395621,1.14727737395621,1.86644822484178
"385",385,0.907880870014196,0.26966296105436,0.870526219830848,0.167915727647138,0.706266688479576,0.745278158447123,4.64858703957221,5.4350429182045,1.31624537279185,1.14727737395621,1.14727737395621,0.685497593245753
"386",386,0.163949228176964,0.607939504395355,0.257982499932288,0.701916709440644,0.352592901707161,0.629711790897534,6.43464830356771,5.4350429182045,1.31624537279185,1.14727737395621,1.14727737395621,-0.871284841882851
"387",387,0.203027631176054,0.255372836014023,0.441120206329622,0.830256227792474,0.201102304477943,0.771193455136381,5.36495358428057,5.4350429182045,1.31624537279185,1.14727737395621,1.14727737395621,0.0610918819764032
"388",388,0.760092969607795,0.377053570170305,0.591383582751732,0.286918480101507,0.843685257773264,0.738931963879615,4.67443266840146,5.4350429182045,1.31624537279185,1.14727737395621,1.14727737395621,0.662969798820483
"389",389,0.143572910182062,0.172466645975132,0.120794723958126,0.217318462915951,0.152021621066961,0.305269162536599,5.1924455036005,5.4350429182045,1.31624537279185,1.14727737395621,1.14727737395621,0.21145489322032
"390",390,0.451438150827889,0.406098581888829,0.699250564778456,0.442946214300813,0.0994033539557131,0.660580147972447,5.43504733226645,5.4350429182045,1.31624537279185,1.14727737395621,1.14727737395621,-3.84742351756668e-06
"391",391,0.117458058102173,0.183981376548181,0.490453955049743,0.405198895235197,0.439603557008435,0.260447678200668,5.69108925672129,5.4350429182045,1.31624537279185,1.14727737395621,1.14727737395621,-0.223177362623176
"392",392,0.280162041843287,0.760405169457779,0.790358884327929,0.503165375423618,0.378974386378774,0.645287605970283,6.91170948021416,5.4350429182045,1.31624537279185,1.14727737395621,1.14727737395621,-1.28710510250682
"393",393,0.31564850426116,0.818983715523966,0.619025256752851,0.86916474677017,0.563627079095459,0.511668036154355,6.57134243116571,5.4350429182045,1.31624537279185,1.14727737395621,1.14727737395621,-0.990431380201333
"394",394,0.541495611318154,0.375406985259731,0.562855272764107,0.58091542640538,0.159622932894155,0.286223914227914,4.91482752323605,5.4350429182045,1.31624537279185,1.14727737395621,1.14727737395621,0.453434720127503
"395",395,0.0858750228841091,0.0698771242283983,0.359564801325789,0.833358308470575,0.346855049169506,0.431092381519615,5.09314723838407,5.4350429182045,1.31624537279185,1.14727737395621,1.14727737395621,0.298006120909938
"396",396,0.287013582390035,0.120694412030512,0.818497711812961,0.223857963746064,0.910297422519303,0.338832026893739,5.36106667490944,5.4350429182045,1.31624537279185,1.14727737395621,1.14727737395621,0.0644798241248008
"397",397,0.752855425249203,0.138171105984249,0.53302861688484,0.248533436847269,0.803520985804033,0.425620429060073,4.0325630827965,5.4350429182045,1.31624537279185,1.14727737395621,1.14727737395621,1.2224418150702
"398",398,0.439609978304012,0.32426298205473,0.593397829550318,0.827034757860005,0.885849574831547,0.115971814512392,4.95845163069138,5.4350429182045,1.31624537279185,1.14727737395621,1.14727737395621,0.415410691722846
"399",399,0.548679791502538,0.674853178050253,0.5203957276328,0.664412159303552,0.391223217069404,0.704688340365887,5.53710070660486,5.4350429182045,1.31624537279185,1.14727737395621,1.14727737395621,-0.0889565075692453
"400",400,0.535391833014088,0.163245306601748,0.633241515304544,0.499263380942633,0.275078609068412,0.190719171791337,4.44562668528543,5.4350429182045,1.31624537279185,1.14727737395621,1.14727737395621,0.86240368317142
"401",401,0.346838089590892,0.347510458332486,0.17686821836012,0.509968172458932,0.7009014896726,0.433195372997317,5.00928090766358,5.4350429182045,1.31624537279185,1.14727737395621,1.14727737395621,0.37110643006298
"402",402,0.19326220608037,0.41143703070702,0.0822323388678487,0.422366356200655,0.385401774797705,0.782681914724293,5.66775706320004,5.4350429182045,1.31624537279185,1.14727737395621,1.14727737395621,-0.202840350797698
"403",403,0.118741896846797,0.793495949226664,0.589271095471457,0.111770943532232,0.58911205039965,0.702931551844231,7.77144450625953,5.4350429182045,1.31624537279185,1.14727737395621,1.14727737395621,-2.03647491103072
"404",404,0.223392443687189,0.66854391520936,0.745358208448975,0.244976912539103,0.651869144621771,0.38171031879331,7.08630548984751,5.4350429182045,1.31624537279185,1.14727737395621,1.14727737395621,-1.43928801275744
"405",405,0.1862690070885,0.807843108337023,0.627304521410144,0.102698319645366,0.237999933780753,0.856488010654808,7.55509745996744,5.4350429182045,1.31624537279185,1.14727737395621,1.14727737395621,-1.847900594825
"406",406,0.811531813602662,0.691699309238349,0.131109475343255,0.757987045358983,0.487080394646386,0.560210376021336,4.61963376789974,5.4350429182045,1.31624537279185,1.14727737395621,1.14727737395621,0.710734098671315
"407",407,0.474580256104469,0.455957750198781,0.689316923074075,0.228955681776628,0.874145515117678,0.671222030869336,5.66464641888335,5.4350429182045,1.31624537279185,1.14727737395621,1.14727737395621,-0.20012902362669
"408",408,0.791191688834573,0.26927028368332,0.156917114929645,0.718072066530003,0.797872709301417,0.397843673321302,3.73338818389148,5.4350429182045,1.31624537279185,1.14727737395621,1.14727737395621,1.48321127300291
"409",409,0.555955555644003,0.456736052680761,0.476360089305672,0.0605599290066166,0.483401937733404,0.782459291425184,5.33934079028507,5.4350429182045,1.31624537279185,1.14727737395621,1.14727737395621,0.0834167308550815
"410",410,0.795269728839397,0.419033427136252,0.251038667697925,0.492696835707407,0.892025942474022,0.134026648574625,4.23821718152449,5.4350429182045,1.31624537279185,1.14727737395621,1.14727737395621,1.04318777991144
"411",411,0.497242086946033,0.631406803100952,0.5661613859348,0.598259535377147,0.398605779455625,0.11509512158588,5.65657142504317,5.4350429182045,1.31624537279185,1.14727737395621,1.14727737395621,-0.193090626440895
"412",412,0.491269942928338,0.741758641386637,0.612101021260256,0.663199212747859,0.0924189151809551,0.601113064195029,5.92220410110027,5.4350429182045,1.31624537279185,1.14727737395621,1.14727737395621,-0.424623716944639
"413",413,0.264852034860756,0.104286348807043,0.502032018485363,0.817767985804705,0.912078175442293,0.799775950709241,4.67433974698731,5.4350429182045,1.31624537279185,1.14727737395621,1.14727737395621,0.663050791801133
"414",414,0.496260645364993,0.157782170228427,0.757453655393794,0.117131638628198,0.784942604609532,0.598262437729049,4.9817680439471,5.4350429182045,1.31624537279185,1.14727737395621,1.14727737395621,0.395087434431267
"415",415,0.484214739260497,0.226806952546467,0.192211044588825,0.706322604345507,0.0876457731440896,0.895270754480502,4.24685876172328,5.4350429182045,1.31624537279185,1.14727737395621,1.14727737395621,1.03565552973816
"416",416,0.659773738245363,0.188404644245165,0.287727420071722,0.493845466822037,0.497474298957735,0.195502347662929,3.92727338779456,5.4350429182045,1.31624537279185,1.14727737395621,1.14727737395621,1.31421534551024
"417",417,0.823224821657059,0.284649183487985,0.580310093538836,0.792183115784894,0.759703313081176,0.712716987758293,4.06045891267425,5.4350429182045,1.31624537279185,1.14727737395621,1.14727737395621,1.19812700636657
"418",418,0.31646258146537,0.629627689205809,0.290683112554136,0.538172448800993,0.576971609030734,0.565691893976647,5.96284116744318,5.4350429182045,1.31624537279185,1.14727737395621,1.14727737395621,-0.460044154290822
"419",419,0.797331016238546,0.733797049394459,0.784380540784099,0.552829839244601,0.461015728386585,0.215439315129537,5.41198066468523,5.4350429182045,1.31624537279185,1.14727737395621,1.14727737395621,0.0201017243456509
"420",420,0.518418363680714,0.771537124131341,0.404830104315188,0.2191366059219,0.234438133180141,0.358933111452614,5.93540170280803,5.4350429182045,1.31624537279185,1.14727737395621,1.14727737395621,-0.43612712667567
"421",421,0.376102203376009,0.41629766294267,0.144535537358955,0.23489315526397,0.401145859116572,0.258696825225954,5.1638702438345,5.4350429182045,1.31624537279185,1.14727737395621,1.14727737395621,0.2363619125817
"422",422,0.92240060285537,0.410948597051902,0.804335085456609,0.132188965742011,0.50681771280081,0.228861949568731,4.91988557754097,5.4350429182045,1.31624537279185,1.14727737395621,1.14727737395621,0.449025974326583
"423",423,0.3912365185729,0.945084205910214,0.367734329937142,0.430819312657346,0.25127547130012,0.858325780569925,6.51236669361806,5.4350429182045,1.31624537279185,1.14727737395621,1.14727737395621,-0.939026428891014
"424",424,0.90885238746088,0.372253061744384,0.834102669690852,0.588366098472732,0.575480580628384,0.660168465477996,4.4653357385291,5.4350429182045,1.31624537279185,1.14727737395621,1.14727737395621,0.845224704756021
"425",425,0.0654654870122904,0.699551781400223,0.858892004548688,0.338482301832177,0.117045811537304,0.604490329292486,7.93572105878976,5.4350429182045,1.31624537279185,1.14727737395621,1.14727737395621,-2.17966308527645
"426",426,0.58215267851809,0.225201165615697,0.165450289260596,0.71605305755802,0.443447193843196,0.41601537778182,4.00291474274113,5.4350429182045,1.31624537279185,1.14727737395621,1.14727737395621,1.24828416211582
"427",427,0.895885565642733,0.584812401426723,0.757824824418174,0.591397835014155,0.11618358193303,0.494105949730729,4.87524527403435,5.4350429182045,1.31624537279185,1.14727737395621,1.14727737395621,0.487935748475343
"428",428,0.388998621391016,0.317462825053139,0.453831761101726,0.235867192542763,0.242727507699281,0.148965485169785,5.23264598900745,5.4350429182045,1.31624537279185,1.14727737395621,1.14727737395621,0.176414992391173
"429",429,0.309432499781367,0.532150537877344,0.355292622798937,0.910929226023261,0.118877861201996,0.821002760135219,5.69614662502073,5.4350429182045,1.31624537279185,1.14727737395621,1.14727737395621,-0.227585510481963
"430",430,0.133551033133524,0.839617972843815,0.216865501021384,0.840254404943902,0.312268249587738,0.570799926563865,7.05163937723422,5.4350429182045,1.31624537279185,1.14727737395621,1.14727737395621,-1.40907203064167
"431",431,0.695684769088053,0.24675079760002,0.848813522628858,0.390167883607559,0.863288212290732,0.207305027890019,4.67665557945862,5.4350429182045,1.31624537279185,1.14727737395621,1.14727737395621,0.661032245524635
"432",432,0.174781095768907,0.322465850564186,0.839920639142278,0.729080222590826,0.372691249100142,0.78490657871752,6.07312017367886,5.4350429182045,1.31624537279185,1.14727737395621,1.14727737395621,-0.556166512091185
"433",433,0.307790819725837,0.486763377226889,0.805024648536462,0.0683027380725835,0.487779831466614,0.678810989780817,6.59644549197648,5.4350429182045,1.31624537279185,1.14727737395621,1.14727737395621,-1.01231193095621
"434",434,0.11225758762972,0.348403383631143,0.638086609183461,0.123781508433865,0.70996423307748,0.393897971867584,6.67610036468205,5.4350429182045,1.31624537279185,1.14727737395621,1.14727737395621,-1.08174141201613
"435",435,0.444117560103186,0.86515258305904,0.796363236648729,0.445008210352971,0.705253574109753,0.500596652597655,6.62823016862022,5.4350429182045,1.31624537279185,1.14727737395621,1.14727737395621,-1.0400163704974
"436",436,0.833657711917884,0.338053022278589,0.159041437765118,0.81372639729036,0.260330121028121,0.230481711173546,3.82080608737791,5.4350429182045,1.31624537279185,1.14727737395621,1.14727737395621,1.40701531074403
"437",437,0.737829117952962,0.387723712890642,0.0446369608067907,0.48819716082071,0.394251642301329,0.183882720950176,4.05575700716861,5.4350429182045,1.31624537279185,1.14727737395621,1.14727737395621,1.20222532261717
"438",438,0.578720049096271,0.342068366927328,0.385777529207757,0.177918851445662,0.415080688202055,0.0597239968534559,4.78175768550048,5.4350429182045,1.31624537279185,1.14727737395621,1.14727737395621,0.569422223024643
"439",439,0.799907027602778,0.822977682072669,0.877868991849013,0.231923058736953,0.775115550836432,0.226148206220474,5.9583257288779,5.4350429182045,1.31624537279185,1.14727737395621,1.14727737395621,-0.456108367995561
"440",440,0.18213069101423,0.751198305730475,0.611150134447962,0.848774149363628,0.931666162110865,0.21888652023545,6.95541134627943,5.4350429182045,1.31624537279185,1.14727737395621,1.14727737395621,-1.3251969075553
"441",441,0.193622154350625,0.142031685122987,0.0952014139909297,0.297956231780816,0.485956430227612,0.646581586354761,4.82518499674762,5.4350429182045,1.31624537279185,1.14727737395621,1.14727737395621,0.531569727862652
"442",442,0.140842031713924,0.688690054623527,0.388235026661307,0.46680053477909,0.208917513144668,0.458417746400461,6.94205001615995,5.4350429182045,1.31624537279185,1.14727737395621,1.14727737395621,-1.31355078742533
"443",443,0.741660034484463,0.176551309807692,0.798831642063451,0.522766756345052,0.59938736116013,0.202153102808865,4.25734229847717,5.4350429182045,1.31624537279185,1.14727737395621,1.14727737395621,1.02651777718427
"444",444,0.482919558982365,0.871365572524257,0.156275836648536,0.394207697610836,0.223591458390001,0.724486466414062,5.86879027403148,5.4350429182045,1.31624537279185,1.14727737395621,1.14727737395621,-0.378066686987183
"445",445,0.27767198594613,0.627951264666161,0.14226922918926,0.404350028263172,0.586791400818154,0.09147371274326,5.99099516412975,5.4350429182045,1.31624537279185,1.14727737395621,1.14727737395621,-0.484583988620061
"446",446,0.735054104306386,0.742132593077375,0.334987920571701,0.441326475583948,0.887669755104231,0.357893912802218,5.15624964821423,5.4350429182045,1.31624537279185,1.14727737395621,1.14727737395621,0.243004243192642
"447",447,0.4721651132853,0.844644988631015,0.799213977418956,0.751771059736842,0.559420284971595,0.612622348395642,6.31436256897044,5.4350429182045,1.31624537279185,1.14727737395621,1.14727737395621,-0.766440331455104
"448",448,0.79175622165238,0.810581622772035,0.518038773780805,0.261810485313297,0.359858959175996,0.856743593207793,5.47597372110973,5.4350429182045,1.31624537279185,1.14727737395621,1.14727737395621,-0.035676466593328
"449",449,0.850885922126006,0.724410100940149,0.280444931535865,0.819588622398442,0.85919318830478,0.538171897939639,4.72368777707384,5.4350429182045,1.31624537279185,1.14727737395621,1.14727737395621,0.620037627585787
"450",450,0.471132822435116,0.565401043528342,0.37580265319848,0.776543461304274,0.605203993563424,0.139019204039825,5.3347873724707,5.4350429182045,1.31624537279185,1.14727737395621,1.14727737395621,0.0873856209576279
"451",451,0.911486639065901,0.111366484320955,0.736136092953268,0.798668219954823,0.248403605027124,0.447467254479765,3.62961241307578,5.4350429182045,1.31624537279185,1.14727737395621,1.14727737395621,1.57366522352216
"452",452,0.348849059751257,0.257500312626478,0.247621964918566,0.585463603393873,0.360842926721438,0.378608108803513,4.78196169427573,5.4350429182045,1.31624537279185,1.14727737395621,1.14727737395621,0.569244403100812
"453",453,0.892032103099511,0.587996212402126,0.570304444163805,0.0838276370359818,0.915893328748643,0.646270821384504,5.07312334518602,5.4350429182045,1.31624537279185,1.14727737395621,1.14727737395621,0.315459522896766
"454",454,0.639006721954211,0.480234511070303,0.608921330131474,0.32892573111516,0.557224889499717,0.842390173619497,5.14903086897534,5.4350429182045,1.31624537279185,1.14727737395621,1.14727737395621,0.249296339073516
"455",455,0.544286620800849,0.175982728834148,0.85212927128654,0.719990851651644,0.342109224702115,0.515827333143563,4.53784853038935,5.4350429182045,1.31624537279185,1.14727737395621,1.14727737395621,0.782020467048272
"456",456,0.300477477239911,0.504490474514663,0.145377926523564,0.0664556706162402,0.249464924245141,0.667424927641521,5.71988857193904,5.4350429182045,1.31624537279185,1.14727737395621,1.14727737395621,-0.248279675168955
"457",457,0.818963892148226,0.122491304428782,0.312155692365719,0.218330620857072,0.323319500274956,0.682581133013009,3.63769636878852,5.4350429182045,1.31624537279185,1.14727737395621,1.14727737395621,1.56661901491015
"458",458,0.854803731378983,0.617971140032285,0.122789276796393,0.215492415102315,0.858451585148694,0.395289021803066,4.51272483009017,5.4350429182045,1.31624537279185,1.14727737395621,1.14727737395621,0.80391900777565
"459",459,0.175037421570276,0.567282682353863,0.187308926821221,0.85209312982671,0.579509509658324,0.888839132363792,6.18940437572127,5.4350429182045,1.31624537279185,1.14727737395621,1.14727737395621,-0.65752317150252
"460",460,0.281445551982732,0.502853976928745,0.851150283492287,0.409807613020763,0.365893792696297,0.30125947804458,6.41728447842981,5.4350429182045,1.31624537279185,1.14727737395621,1.14727737395621,-0.856150031825521
"461",461,0.630099502955563,0.854241617056425,0.451900969651993,0.504059301103232,0.813270650607883,0.832964928836213,5.70806188090061,5.4350429182045,1.31624537279185,1.14727737395621,1.14727737395621,-0.237971190658669
"462",462,0.331751152446494,0.834544333918253,0.655263796538929,0.204948618289432,0.216056723034824,0.598762608663645,6.97492976347832,5.4350429182045,1.31624537279185,1.14727737395621,1.14727737395621,-1.34220972210387
"463",463,0.366234417017316,0.417270676966757,0.849722924751695,0.712610931125935,0.748531404910726,0.640270467689494,5.68893270098217,5.4350429182045,1.31624537279185,1.14727737395621,1.14727737395621,-0.221297646533523
"464",464,0.620141207243898,0.170157152579748,0.5086790725342,0.360372318938025,0.682042510897387,0.744082487142761,4.23996595096759,5.4350429182045,1.31624537279185,1.14727737395621,1.14727737395621,1.04166350210139
"465",465,0.768545602146187,0.574286158325849,0.0891692491326248,0.559499580351869,0.928916589716449,0.577654282457544,4.45354088826543,5.4350429182045,1.31624537279185,1.14727737395621,1.14727737395621,0.855505435930032
"466",466,0.648405168466386,0.192084330518264,0.444451240512775,0.698234911639942,0.544890657372191,0.838173879308277,4.02928554511939,5.4350429182045,1.31624537279185,1.14727737395621,1.14727737395621,1.22529861130057
"467",467,0.260869244916132,0.586334215122042,0.163949259838555,0.0877302776774159,0.781472612602403,0.449150490734261,6.09264278986902,5.4350429182045,1.31624537279185,1.14727737395621,1.14727737395621,-0.573182986601476
"468",468,0.937249865669874,0.62134112541785,0.811539140633307,0.096393688422977,0.168247861738899,0.460177723227534,5.3928777724978,5.4350429182045,1.31624537279185,1.14727737395621,1.14727737395621,0.0367523553273781
"469",469,0.333850811382756,0.801371187842218,0.149576238913112,0.562128627443803,0.3470583139878,0.868393297508126,6.14946539872126,5.4350429182045,1.31624537279185,1.14727737395621,1.14727737395621,-0.622711208932137
"470",470,0.601258896079031,0.654578153176466,0.118515514687984,0.882169893658138,0.622142546882271,0.283015267895418,4.96586227518596,5.4350429182045,1.31624537279185,1.14727737395621,1.14727737395621,0.408951360559516
"471",471,0.725212564040907,0.694490384107339,0.915249531910755,0.386138502820977,0.85618051664962,0.88309265837248,5.73385830198496,5.4350429182045,1.31624537279185,1.14727737395621,1.14727737395621,-0.260456094196333
"472",472,0.660498690534732,0.316976651970414,0.843734622542048,0.882712568817311,0.311510617933236,0.0773813830630388,4.62269451158275,5.4350429182045,1.31624537279185,1.14727737395621,1.14727737395621,0.70806626632973
"473",473,0.360054496527882,0.517149159035995,0.31725058820413,0.908561875601998,0.356471867985092,0.328330245424761,5.46180278464765,5.4350429182045,1.31624537279185,1.14727737395621,1.14727737395621,-0.0233246702590082
"474",474,0.845312519344501,0.560269314104458,0.23927268866566,0.873158807769069,0.0668356411901768,0.553052936189924,4.35392446675492,5.4350429182045,1.31624537279185,1.14727737395621,1.14727737395621,0.942333977808269
"475",475,0.645292718259501,0.8765847535379,0.466358006221941,0.775358375664102,0.606572614804609,0.684814811024582,5.62372626206249,5.4350429182045,1.31624537279185,1.14727737395621,1.14727737395621,-0.1644618364671
"476",476,0.246643744074972,0.758781975419726,0.428011312647955,0.777516371166217,0.369484625870013,0.1105896557339,6.57969593614399,5.4350429182045,1.31624537279185,1.14727737395621,1.14727737395621,-0.99771253571604
"477",477,0.927800093247439,0.113256442876416,0.701521641193773,0.682782455401844,0.158041761089,0.844695923146908,3.63510291911912,5.4350429182045,1.31624537279185,1.14727737395621,1.14727737395621,1.5688795403317
"478",478,0.506084554475616,0.901050438359845,0.89112904754607,0.446355940627982,0.220349677634542,0.42812438066816,6.61647989596767,5.4350429182045,1.31624537279185,1.14727737395621,1.14727737395621,-1.02977449445304
"479",479,0.752200427870499,0.240099502895377,0.887999943462666,0.188009693402564,0.233868447771179,0.271822788402438,4.81766054341119,5.4350429182045,1.31624537279185,1.14727737395621,1.14727737395621,0.538128258090162
"480",480,0.228384663811885,0.92691722973634,0.870348798240186,0.749222736646654,0.284366546948673,0.437379644695437,7.39437109197768,5.4350429182045,1.31624537279185,1.14727737395621,1.14727737395621,-1.7078068636678
"481",481,0.855504029868403,0.943568399621174,0.324955688571208,0.581578252804698,0.570635691779898,0.274469998277957,5.23100956724903,5.4350429182045,1.31624537279185,1.14727737395621,1.14727737395621,0.177841344723719
"482",482,0.53587758201512,0.221547667422099,0.651253768518567,0.919386344246101,0.715271269512828,0.898174517888576,4.43149581175145,5.4350429182045,1.31624537279185,1.14727737395621,1.14727737395621,0.874720559503821
"483",483,0.922970877372311,0.583844720565714,0.232275924572139,0.210214011492906,0.0865811343579553,0.47157277739048,4.46612843612856,5.4350429182045,1.31624537279185,1.14727737395621,1.14727737395621,0.844533766699143
"484",484,0.739057429543231,0.424395889091888,0.646565568331629,0.75294473746221,0.344474134582328,0.90943994077493,4.61394621828731,5.4350429182045,1.31624537279185,1.14727737395621,1.14727737395621,0.715691530711326
"485",485,0.667968728774576,0.212309903251007,0.661060839616344,0.839207876691362,0.131654278019094,0.558205870939186,4.18364715505631,5.4350429182045,1.31624537279185,1.14727737395621,1.14727737395621,1.09075258656322
"486",486,0.268075152097968,0.367779774709605,0.496493367548683,0.18777104616689,0.920071471392294,0.0965103220875608,5.85766796373059,5.4350429182045,1.31624537279185,1.14727737395621,1.14727737395621,-0.368372161013454
"487",487,0.0534606593776261,0.181338400934474,0.570906040697941,0.372242172725499,0.521556948140846,0.762202968761325,6.08724974007152,5.4350429182045,1.31624537279185,1.14727737395621,1.14727737395621,-0.568482249081567
"488",488,0.825942385713104,0.242972742444021,0.769199181598495,0.425284260542132,0.412028966601589,0.713148355792509,4.32928991254241,5.4350429182045,1.31624537279185,1.14727737395621,1.14727737395621,0.963806164719409
"489",489,0.15444468238519,0.624889386047842,0.313848669289029,0.242160566359642,0.755738671048079,0.127874230394489,6.7510986764699,5.4350429182045,1.31624537279185,1.14727737395621,1.14727737395621,-1.14711210047417
"490",490,0.884355526552303,0.808430412655463,0.407015622669715,0.610158861074015,0.191849663035711,0.757572627645452,4.99384822089528,5.4350429182045,1.31624537279185,1.14727737395621,1.14727737395621,0.384558004301809
"491",491,0.774398871348239,0.514734917480615,0.639826561405556,0.265675066736294,0.839756615100894,0.165839161728974,5.05103373427219,5.4350429182045,1.31624537279185,1.14727737395621,1.14727737395621,0.334713463936026
"492",492,0.861458016644581,0.111860625195666,0.439057446603081,0.105040792037966,0.139143949323217,0.306907149535953,3.80346394962503,5.4350429182045,1.31624537279185,1.14727737395621,1.14727737395621,1.42213121745199
"493",493,0.0904765882289503,0.560988686383935,0.307766143704182,0.110937581830076,0.162011888128007,0.77659545683593,6.95796585602685,5.4350429182045,1.31624537279185,1.14727737395621,1.14727737395621,-1.32742349181941
"494",494,0.412557348086848,0.549757588567329,0.242744616511627,0.535776956465095,0.214884620831348,0.750207750516478,5.40808469927939,5.4350429182045,1.31624537279185,1.14727737395621,1.14727737395621,0.023497559994711
"495",495,0.776552402497968,0.762153815294849,0.196852917209733,0.522073583436548,0.744721500840387,0.916742218996515,4.93920293044455,5.4350429182045,1.31624537279185,1.14727737395621,1.14727737395621,0.432188413208327
"496",496,0.84362541420036,0.457272246132023,0.17363193031738,0.469589570647338,0.320006425828673,0.840013830634532,4.16399281152682,5.4350429182045,1.31624537279185,1.14727737395621,1.14727737395621,1.10788387841613
"497",497,0.668591914046323,0.730769452231121,0.376028212946258,0.533780501648202,0.251707247977494,0.536096743786125,5.28272578438959,5.4350429182045,1.31624537279185,1.14727737395621,1.14727737395621,0.132764000469797
"498",498,0.497649549491121,0.653346436606604,0.520954796694918,0.151429432145087,0.324073541535297,0.688138580078143,5.93388805894083,5.4350429182045,1.31624537279185,1.14727737395621,1.14727737395621,-0.434807791089036
"499",499,0.787787992311409,0.882787671404774,0.743766636128188,0.4581210549057,0.337265904027387,0.888443420162657,5.73136587912192,5.4350429182045,1.31624537279185,1.14727737395621,1.14727737395621,-0.258283626648712
"500",500,0.801722425319138,0.677901516948245,0.720447711660294,0.0757088111226913,0.368173680706648,0.743020460265106,5.64447967316942,5.4350429182045,1.31624537279185,1.14727737395621,1.14727737395621,-0.18255110727296
"501",501,0.113411620671744,0.15086516049935,0.894986126808566,0.0761995311973151,0.770020312631852,0.245482030539657,6.40761641100139,5.4350429182045,1.31624537279185,1.14727737395621,1.14727737395621,-0.847723065820709
"502",502,0.565860651391558,0.833707842034171,0.774979945603991,0.806493565953569,0.157703112506075,0.263929361169343,5.99055301468574,5.4350429182045,1.31624537279185,1.14727737395621,1.14727737395621,-0.484198598431039
"503",503,0.220371467502671,0.332761344364262,0.242215987262782,0.931793500696192,0.708936590876663,0.687267943808925,5.36479929284924,5.4350429182045,1.31624537279185,1.14727737395621,1.14727737395621,0.0612263668314456
"504",504,0.109673203041661,0.356498015290708,0.734244359906297,0.622963793478324,0.678333253822988,0.205845399838989,6.4394225010725,5.4350429182045,1.31624537279185,1.14727737395621,1.14727737395621,-0.875446169921883
"505",505,0.794959566298523,0.337156983912224,0.880126330926781,0.458601186638349,0.154368375905207,0.607924170735525,4.70317018311877,5.4350429182045,1.31624537279185,1.14727737395621,1.14727737395621,0.637921353370702
"506",506,0.932938462591497,0.275801094038528,0.609257790174102,0.805370558750466,0.845694338062778,0.302891852123081,3.90254542101291,5.4350429182045,1.31624537279185,1.14727737395621,1.14727737395621,1.33576895350686
"507",507,0.289057231191429,0.126615710875136,0.308040906977607,0.57780108374753,0.787215723847272,0.265375399218872,4.59004447908511,5.4350429182045,1.31624537279185,1.14727737395621,1.14727737395621,0.736524974954873
"508",508,0.252890544123598,0.501800216792501,0.781898454827955,0.209646020524437,0.2281321806747,0.792245138005936,6.62548851697286,5.4350429182045,1.31624537279185,1.14727737395621,1.14727737395621,-1.03762666796373
"509",509,0.053534291426884,0.134547319635167,0.628641052475898,0.256706411343534,0.766731273518992,0.1291860640347,6.0655941278061,5.4350429182045,1.31624537279185,1.14727737395621,1.14727737395621,-0.549606593763146
"510",510,0.361204759097076,0.676149644002086,0.250399825406959,0.938090400167275,0.92148408515437,0.722909960416146,5.7859969594661,5.4350429182045,1.31624537279185,1.14727737395621,1.14727737395621,-0.305901649617118
"511",511,0.759237084120861,0.293814130400657,0.146685194566846,0.866737348143011,0.167832440048573,0.818498697636882,3.81260390425556,5.4350429182045,1.31624537279185,1.14727737395621,1.14727737395621,1.41416456977113
"512",512,0.56008075449802,0.339043431940139,0.670756405453896,0.0715869168954669,0.596217204555636,0.151735499811708,5.3038442435696,5.4350429182045,1.31624537279185,1.14727737395621,1.14727737395621,0.114356543250288
"513",513,0.499285779583734,0.767742739756941,0.745852871659328,0.307455526428996,0.409459869536338,0.124094260043232,6.32983092566374,5.4350429182045,1.31624537279185,1.14727737395621,1.14727737395621,-0.779922996627834
"514",514,0.15096180267306,0.844377699963166,0.191596059345058,0.0993576909545809,0.153927085248753,0.796761596319149,7.18845580744965,5.4350429182045,1.31624537279185,1.14727737395621,1.14727737395621,-1.52832517144374
"515",515,0.106099757542717,0.272782213443075,0.675132863162668,0.656110558045446,0.899767617099802,0.892571586057777,6.10244558065053,5.4350429182045,1.31624537279185,1.14727737395621,1.14727737395621,-0.58172738136079
"516",516,0.0376474217701471,0.201305424667778,0.118196053616237,0.451785120365326,0.256315972220851,0.808859014441259,5.72493242802827,5.4350429182045,1.31624537279185,1.14727737395621,1.14727737395621,-0.25267604539618
"517",517,0.398998509094468,0.933329420976224,0.598470966330497,0.525494464420248,0.861299750314094,0.316619772192207,6.65590410532264,5.4350429182045,1.31624537279185,1.14727737395621,1.14727737395621,-1.06413777071903
"518",518,0.640148795281071,0.801879111066344,0.9141402208074,0.29582097879576,0.917110852421494,0.4318204046709,6.23595791916844,5.4350429182045,1.31624537279185,1.14727737395621,1.14727737395621,-0.69810058068356
"519",519,0.698694111031597,0.275088576287031,0.469983710465021,0.188634226067923,0.0771985061970772,0.618074288941571,4.45616653635465,5.4350429182045,1.31624537279185,1.14727737395621,1.14727737395621,0.853216845438471
"520",520,0.690982118544518,0.787631348431809,0.382173075043829,0.113455501484103,0.448956362904515,0.543675473201904,5.58379075476516,5.4350429182045,1.31624537279185,1.14727737395621,1.14727737395621,-0.129652898189499
"521",521,0.157206796376035,0.555123290093266,0.653911459087627,0.787598326691776,0.543982122487389,0.082863848746405,6.64863638832299,5.4350429182045,1.31624537279185,1.14727737395621,1.14727737395621,-1.0578030192765
"522",522,0.842771371246665,0.920931957234745,0.498804555734736,0.191890693764668,0.671724490526016,0.211602217544802,5.61399485116169,5.4350429182045,1.31624537279185,1.14727737395621,1.14727737395621,-0.155979658467509
"523",523,0.461867543992703,0.713253533595591,0.0292345625701128,0.835590852650814,0.104042629629956,0.190209627170581,5.39910835894347,5.4350429182045,1.31624537279185,1.14727737395621,1.14727737395621,0.0313215967443999
"524",524,0.680940835659392,0.78541239900107,0.305939221050125,0.160587069175439,0.871784660142846,0.519263083444675,5.46663755887303,5.4350429182045,1.31624537279185,1.14727737395621,1.14727737395621,-0.0275387987122771
"525",525,0.396891346189543,0.583018157718121,0.394101102640736,0.445586698596831,0.792302193770302,0.370446246277774,5.72639293745189,5.4350429182045,1.31624537279185,1.14727737395621,1.14727737395621,-0.253949067471551
"526",526,0.155280083871912,0.483400146119297,0.396018435849459,0.766866218264797,0.555571846505394,0.71726378732163,6.24200672347868,5.4350429182045,1.31624537279185,1.14727737395621,1.14727737395621,-0.703372892722087
"527",527,0.545801152852015,0.101814858989906,0.27963275647338,0.771484546657302,0.529980220225407,0.169251864841441,3.79875770651122,5.4350429182045,1.31624537279185,1.14727737395621,1.14727737395621,1.4262333144868
"528",528,0.234043205299531,0.109187880194164,0.762171024743817,0.060495674647158,0.674886969137122,0.523473901943653,5.61416803051235,5.4350429182045,1.31624537279185,1.14727737395621,1.14727737395621,-0.156130606576999
"529",529,0.692024679994676,0.53042770196998,0.455951987855951,0.127922523098066,0.214372409007163,0.0906101815958973,5.13219044647975,5.4350429182045,1.31624537279185,1.14727737395621,1.14727737395621,0.263974936314145
"530",530,0.0975635577881476,0.520099137265352,0.671832202759455,0.581078421654063,0.786541013699607,0.6268452789,6.93976622527938,5.4350429182045,1.31624537279185,1.14727737395621,1.14727737395621,-1.3115601695221
"531",531,0.899432013944024,0.344145460514352,0.478835101638455,0.337800162889529,0.472262992322096,0.0869403384065954,4.21623634521622,5.4350429182045,1.31624537279185,1.14727737395621,1.14727737395621,1.06234690987186
"532",532,0.250465630048537,0.0527132990063401,0.324213682170142,0.129297852188931,0.211238518229104,0.479293728934252,4.66141446685329,5.4350429182045,1.31624537279185,1.14727737395621,1.14727737395621,0.674316838205805
"533",533,0.1137712865785,0.71425197616918,0.349061210604385,0.374752060773433,0.476412980817491,0.837679446536698,7.12991321362529,5.4350429182045,1.31624537279185,1.14727737395621,1.14727737395621,-1.47729776067691
"534",534,0.834737017295556,0.715018193694064,0.468697785873781,0.633867353476002,0.484985263645649,0.636028445424046,4.95527151929577,5.4350429182045,1.31624537279185,1.14727737395621,1.14727737395621,0.418182568400449
"535",535,0.252104786739917,0.138559213889646,0.351590443417081,0.207246442594449,0.0938111553706694,0.0736720622781431,4.96947474798259,5.4350429182045,1.31624537279185,1.14727737395621,1.14727737395621,0.405802625233051
"536",536,0.1343821331379,0.123651947225328,0.670232197386096,0.0587786687681219,0.430813972084783,0.227070143105346,5.91448375724925,5.4350429182045,1.31624537279185,1.14727737395621,1.14727737395621,-0.417894442903089
"537",537,0.0628950815550052,0.490329269590904,0.642486547478707,0.321585605463362,0.875973425215925,0.362950996072497,7.17393193498148,5.4350429182045,1.31624537279185,1.14727737395621,1.14727737395621,-1.51566574592218
"538",538,0.0761617494873935,0.207128674141131,0.346647887095809,0.748765829061391,0.80859520906012,0.515358474504435,5.68932006278848,5.4350429182045,1.31624537279185,1.14727737395621,1.14727737395621,-0.221635282239677
"539",539,0.617624489651644,0.467659354869858,0.205390321286395,0.378800803218619,0.747850915775867,0.896959776925622,4.68694048384469,5.4350429182045,1.31624537279185,1.14727737395621,1.14727737395621,0.652067626663022
"540",540,0.111986134069972,0.658161260346882,0.871296147949528,0.134360825097654,0.151335449144943,0.0407075829193927,7.85731879501341,5.4350429182045,1.31624537279185,1.14727737395621,1.14727737395621,-2.11132541423358
"541",541,0.534955320944428,0.631905849873438,0.7639569059161,0.482824010732118,0.465831823559594,0.690126365521457,5.80797596942227,5.4350429182045,1.31624537279185,1.14727737395621,1.14727737395621,-0.325059187676445
"542",542,0.132610688529443,0.917469948925194,0.960966055993224,0.866323438867461,0.340653978487244,0.861629467169056,7.80744834828162,5.4350429182045,1.31624537279185,1.14727737395621,1.14727737395621,-2.06785689662496
"543",543,0.808437804567628,0.845373440875788,0.475832331621437,0.878393688655691,0.705648340674932,0.1478779049156,5.18773763956183,5.4350429182045,1.31624537279185,1.14727737395621,1.14727737395621,0.215558403099919
"544",544,0.247713686951669,0.548479999551899,0.656964897010359,0.887260810280219,0.494823780946084,0.760730600289651,6.2087617002574,5.4350429182045,1.31624537279185,1.14727737395621,1.14727737395621,-0.674395573046864
"545",545,0.577005365184508,0.679536584999296,0.3574540869263,0.751152629808057,0.0977431851290166,0.260598319561919,5.30636646179036,5.4350429182045,1.31624537279185,1.14727737395621,1.14727737395621,0.11215810521079
"546",546,0.582639256919385,0.124490584373358,0.782075565785402,0.101497738322127,0.06503858775564,0.669074689569534,4.75650469869754,5.4350429182045,1.31624537279185,1.14727737395621,1.14727737395621,0.591433453592068
"547",547,0.562407641221187,0.35251795916399,0.11599854451674,0.863118810337852,0.183374300556257,0.245939535512938,4.33045698269103,5.4350429182045,1.31624537279185,1.14727737395621,1.14727737395621,0.962788912766993
"548",548,0.494449080794351,0.162780231020763,0.885443002098007,0.690237780340598,0.893055165333441,0.29912149477005,4.65564214820047,5.4350429182045,1.31624537279185,1.14727737395621,1.14727737395621,0.679348157382714
"549",549,0.215191142537398,0.596991304156138,0.568556554738083,0.282261809343472,0.450862178947777,0.532962072849041,6.69665916413815,5.4350429182045,1.31624537279185,1.14727737395621,1.14727737395621,-1.09966105370244
"550",550,0.761452496900107,0.168467195827863,0.902234711071127,0.564083923782804,0.58897746909468,0.845499518472701,4.26553743818289,5.4350429182045,1.31624537279185,1.14727737395621,1.14727737395621,1.01937465740194
"551",551,0.583846717142849,0.411708121888456,0.0576149699015077,0.10711825574236,0.65843185181939,0.878188086362439,4.53584186394022,5.4350429182045,1.31624537279185,1.14727737395621,1.14727737395621,0.783769535316053
"552",552,0.570461811897112,0.211240544494358,0.151736917464761,0.253343548057834,0.775923957969411,0.758014378564432,4.09336612969786,5.4350429182045,1.31624537279185,1.14727737395621,1.14727737395621,1.16944412830184
"553",553,0.749375838405103,0.0554676102451049,0.528403477821033,0.161258442048449,0.372378455364844,0.257772846314008,3.87290695671351,5.4350429182045,1.31624537279185,1.14727737395621,1.14727737395621,1.36160269255917
"554",554,0.859478259603959,0.826273279841524,0.789538735936629,0.403290190605214,0.854748688343912,0.518376964475145,5.57574311243693,5.4350429182045,1.31624537279185,1.14727737395621,1.14727737395621,-0.122638341369225
"555",555,0.699790453786147,0.508664028835716,0.82495263573993,0.143734605878242,0.661642529195175,0.906939165349002,5.53606532619834,5.4350429182045,1.31624537279185,1.14727737395621,1.14727737395621,-0.0880540401886248
"556",556,0.267934421618353,0.579760521065444,0.186293658831506,0.305352513998048,0.717251211249153,0.748240721973591,5.98371324606861,5.4350429182045,1.31624537279185,1.14727737395621,1.14727737395621,-0.478236859123356
"557",557,0.569255548380897,0.279064604275511,0.677565034715342,0.312415525279241,0.868766142886947,0.381160246457439,4.87985526995457,5.4350429182045,1.31624537279185,1.14727737395621,1.14727737395621,0.483917543266325
"558",558,0.586711947936215,0.326826699765865,0.255104894002434,0.527340097762179,0.229774297135999,0.464565298477421,4.40284335350188,5.4350429182045,1.31624537279185,1.14727737395621,1.14727737395621,0.899694867286747
"559",559,0.887240303130704,0.516319054582971,0.94554827598366,0.896725832930882,0.179817995988997,0.210201789718936,4.75131569204256,5.4350429182045,1.31624537279185,1.14727737395621,1.14727737395621,0.595956341232645
"560",560,0.0985819727656199,0.320092398176435,0.200609304795042,0.498312693582848,0.847795657248818,0.851719749219483,5.90678448131605,5.4350429182045,1.31624537279185,1.14727737395621,1.14727737395621,-0.411183532265455
"561",561,0.242316265962669,0.373687756017316,0.0942630444674287,0.559685732115642,0.661072412619484,0.725526421827148,5.34836418976406,5.4350429182045,1.31624537279185,1.14727737395621,1.14727737395621,0.0755516760010198
"562",562,0.734994045055588,0.584032249116688,0.60671968383377,0.529616796591203,0.285099695248296,0.614356755250017,5.05767107326382,5.4350429182045,1.31624537279185,1.14727737395621,1.14727737395621,0.328928168119773
"563",563,0.465245127533446,0.692644630479976,0.160115028643166,0.818962629841291,0.754509612606838,0.578120167087414,5.45117279171161,5.4350429182045,1.31624537279185,1.14727737395621,1.14727737395621,-0.0140592622789101
"564",564,0.944230732477736,0.391693677086499,0.479312425038661,0.840873598421458,0.299051723964862,0.129699134316063,4.03849121609021,5.4350429182045,1.31624537279185,1.14727737395621,1.14727737395621,1.21727468336493
"565",565,0.770043000352685,0.914282410458662,0.0616367223476991,0.535405025284854,0.485180763256503,0.343035980420886,5.10775238353869,5.4350429182045,1.31624537279185,1.14727737395621,1.14727737395621,0.285275855774266
"566",566,0.205464231214835,0.883043706595665,0.820633610004676,0.710287190337782,0.433887980856234,0.193483281452907,7.38222671349854,5.4350429182045,1.31624537279185,1.14727737395621,1.14727737395621,-1.69722147363499
"567",567,0.114607693143073,0.537956543911132,0.395078932351549,0.41817676556902,0.443656247248524,0.28081016236695,6.7130242154976,5.4350429182045,1.31624537279185,1.14727737395621,1.14727737395621,-1.11392530377042
"568",568,0.125657719481736,0.338574651295203,0.0413689430910163,0.0571750587532297,0.753368325087475,0.691345689381007,5.78863594561048,5.4350429182045,1.31624537279185,1.14727737395621,1.14727737395621,-0.308201865941685
"569",569,0.500642329201335,0.59572309816943,0.619872841339442,0.744241770480643,0.61217614424997,0.875198965851683,5.53780163048597,5.4350429182045,1.31624537279185,1.14727737395621,1.14727737395621,-0.0895674530101838
"570",570,0.180547774223494,0.12995593348064,0.875977265586262,0.156065954404068,0.765906750994152,0.903091354492353,5.90705203502661,5.4350429182045,1.31624537279185,1.14727737395621,1.14727737395621,-0.411416739784956
"571",571,0.24894830296142,0.726059289918398,0.612983679432305,0.864125132726738,0.112094190702308,0.178073144275346,6.61874520203261,5.4350429182045,1.31624537279185,1.14727737395621,1.14727737395621,-1.03174900045862
"572",572,0.798267542987713,0.184483819150133,0.573143032625085,0.727207407024922,0.439063495863695,0.606288105089334,3.8638566055359,5.4350429182045,1.31624537279185,1.14727737395621,1.14727737395621,1.36949123928994
"573",573,0.0719843108454952,0.273243315826752,0.0817435214292491,0.802794478884432,0.127018816752359,0.584149523780448,5.71075065327321,5.4350429182045,1.31624537279185,1.14727737395621,1.14727737395621,-0.240314802093563
"574",574,0.295501375257154,0.524849508741987,0.0961531926398166,0.76337639999832,0.145850260164239,0.75459965179686,5.54379245119324,5.4350429182045,1.31624537279185,1.14727737395621,1.14727737395621,-0.094789224870472
"575",575,0.515482987018535,0.566281887863413,0.86971171798429,0.666960101421457,0.616299952363828,0.503411560468958,5.69080087121889,5.4350429182045,1.31624537279185,1.14727737395621,1.14727737395621,-0.222925997513965
"576",576,0.461440458468162,0.635545731765567,0.0675544557553949,0.182334650439792,0.393447154234396,0.39244641348708,5.38254930999436,5.4350429182045,1.31624537279185,1.14727737395621,1.14727737395621,0.0457549406985374
"577",577,0.165045172165846,0.880235011335346,0.306858021157328,0.339500017518061,0.460532694945228,0.174131436675671,7.23038214058907,5.4350429182045,1.31624537279185,1.14727737395621,1.14727737395621,-1.56486937085983
"578",578,0.94088508604886,0.875015464363736,0.428961604679003,0.479682396947057,0.888321441271808,0.569118788253167,5.08885626080214,5.4350429182045,1.31624537279185,1.14727737395621,1.14727737395621,0.301746260547777
"579",579,0.406056669855025,0.0714985868867952,0.0933102937286021,0.22421672499855,0.467412346810568,0.817703053517849,3.95570568123666,5.4350429182045,1.31624537279185,1.14727737395621,1.14727737395621,1.28943293971411
"580",580,0.205512503763894,0.578166660237708,0.111621717411559,0.849451679382473,0.441436479419353,0.469469727046555,6.0286634139699,5.4350429182045,1.31624537279185,1.14727737395621,1.14727737395621,-0.517416720002409
"581",581,0.578240517403348,0.892229222991154,0.431511417282978,0.197737467747647,0.51188066102122,0.890216549916659,6.06472927136095,5.4350429182045,1.31624537279185,1.14727737395621,1.14727737395621,-0.548852759978237
"582",582,0.139402365790913,0.432875091883354,0.868511560060433,0.790008842682582,0.187533487173147,0.206483010559576,6.56399246675931,5.4350429182045,1.31624537279185,1.14727737395621,1.14727737395621,-0.984024939550408
"583",583,0.883794318872853,0.418083772310405,0.694465975604136,0.565525807679514,0.918951069058734,0.266452430149191,4.49383727113162,5.4350429182045,1.31624537279185,1.14727737395621,1.14727737395621,0.820381948113625
"584",584,0.434426764623029,0.348982104484341,0.185563375341007,0.841358521223534,0.882950874794973,0.36735152451077,4.69661251384975,5.4350429182045,1.31624537279185,1.14727737395621,1.14727737395621,0.64363720676229
"585",585,0.202324422004516,0.0891394701498793,0.172141052294755,0.72245551719761,0.262247462380677,0.285733131422079,4.57517898474522,5.4350429182045,1.31624537279185,1.14727737395621,1.14727737395621,0.749482167938318
"586",586,0.536539498189115,0.14762674056727,0.133129960393417,0.777144061907544,0.423738047310035,0.690909882248146,3.8282935512588,5.4350429182045,1.31624537279185,1.14727737395621,1.14727737395621,1.40048902159124
"587",587,0.272838598101516,0.792373353895615,0.340512198325712,0.71671464588074,0.855757286507287,0.841010199805372,6.48836004729735,5.4350429182045,1.31624537279185,1.14727737395621,1.14727737395621,-0.918101544581715
"588",588,0.556115745258285,0.229328950751456,0.803570065181237,0.366502777981339,0.583224714996875,0.3411572064067,4.86712659619068,5.4350429182045,1.31624537279185,1.14727737395621,1.14727737395621,0.495012221896653
"589",589,0.305324638797203,0.450109946663026,0.595908541173441,0.812982798187179,0.239185745269177,0.107730144850328,5.72504937366433,5.4350429182045,1.31624537279185,1.14727737395621,1.14727737395621,-0.25277797858053
"590",590,0.238334860724863,0.763560153534054,0.315066618703655,0.0355251308314037,0.424925162453321,0.262025797925075,6.85784081598634,5.4350429182045,1.31624537279185,1.14727737395621,1.14727737395621,-1.24015162338253
"591",591,0.217654199375887,0.799091494344641,0.212871662146994,0.329304110057186,0.0846887925690971,0.625341195769259,6.72311136860294,5.4350429182045,1.31624537279185,1.14727737395621,1.14727737395621,-1.12271755692064
"592",592,0.773488487160881,0.496135019626701,0.294008141867351,0.128411145483144,0.453969793950208,0.87909464141645,4.6630054788704,5.4350429182045,1.31624537279185,1.14727737395621,1.14727737395621,0.672930066311556
"593",593,0.864800762947183,0.575480683777481,0.363020451809862,0.531651111115352,0.389730770043447,0.213272677692585,4.55991390412178,5.4350429182045,1.31624537279185,1.14727737395621,1.14727737395621,0.762787651834335
"594",594,0.256461526714032,0.673098803375964,0.344963111088262,0.891701809334801,0.806231227832846,0.140467776814825,6.24267340567051,5.4350429182045,1.31624537279185,1.14727737395621,1.14727737395621,-0.703953992120511
"595",595,0.738055758922594,0.629345208808896,0.907235455257934,0.899475472457358,0.432496080548735,0.106755194624304,5.23975336223941,5.4350429182045,1.31624537279185,1.14727737395621,1.14727737395621,0.170220001194361
"596",596,0.433034673025366,0.0846410224493593,0.374962006728863,0.131962867644383,0.0760482683877926,0.821788731472683,4.35080565717954,5.4350429182045,1.31624537279185,1.14727737395621,1.14727737395621,0.945052422053905
"597",597,0.29863110890449,0.887506441843812,0.785986613682471,0.326094196163467,0.807825193108292,0.833047831010073,7.24871162921116,5.4350429182045,1.31624537279185,1.14727737395621,1.14727737395621,-1.58084588102047
"598",598,0.321186830582097,0.302635508986888,0.170633984974702,0.115763528011506,0.316124879372539,0.498043610916357,5.08947856789429,5.4350429182045,1.31624537279185,1.14727737395621,1.14727737395621,0.30120383976421
"599",599,0.149181018527015,0.492572077690158,0.880697069670306,0.12044962229731,0.444763087280793,0.930764003609307,7.26749313602264,5.4350429182045,1.31624537279185,1.14727737395621,1.14727737395621,-1.59721638325283
"600",600,0.123031074958388,0.423735325681511,0.567319689719472,0.861091369397123,0.764011559187318,0.488652497288422,6.32906377611132,5.4350429182045,1.31624537279185,1.14727737395621,1.14727737395621,-0.779254326984525
"601",601,0.278509635219933,0.359831075867522,0.232957184327883,0.892260399486986,0.0934217479408253,0.484678838829277,5.23588551534964,5.4350429182045,1.31624537279185,1.14727737395621,1.14727737395621,0.173591327935019
"602",602,0.0805409463491524,0.563463192924275,0.238326350335381,0.775935329746571,0.124879646562273,0.155201141797821,6.68721645128891,5.4350429182045,1.31624537279185,1.14727737395621,1.14727737395621,-1.09143051323891
"603",603,0.368993348200223,0.0829018602663418,0.452697596343001,0.0623659405729268,0.41281062122318,0.368939804791473,4.67214696598585,5.4350429182045,1.31624537279185,1.14727737395621,1.14727737395621,0.664962082872706
"604",604,0.21925939741719,0.506372955549858,0.493060491906246,0.0598232387335738,0.28160428882821,0.336314026518841,6.54011354880194,5.4350429182045,1.31624537279185,1.14727737395621,1.14727737395621,-0.963211386961091
"605",605,0.677975605712505,0.0860390871845884,0.936383221584605,0.341654529785737,0.200928715675604,0.686752312265686,4.39029862070436,5.4350429182045,1.31624537279185,1.14727737395621,1.14727737395621,0.910629217673403
"606",606,0.812585348131484,0.643866477092146,0.828054824051214,0.0367146482944954,0.625329500760999,0.193917168179643,5.77568960679492,5.4350429182045,1.31624537279185,1.14727737395621,1.14727737395621,-0.296917464183706
"607",607,0.681782740348484,0.302059676472214,0.521648707756656,0.435773159526172,0.818402654859819,0.133744235581951,4.46467401805554,5.4350429182045,1.31624537279185,1.14727737395621,1.14727737395621,0.845801479377905
"608",608,0.729545488573029,0.813411365377251,0.765185571762966,0.821135410319665,0.402269465020974,0.281999734253157,5.54502069823663,5.4350429182045,1.31624537279185,1.14727737395621,1.14727737395621,-0.0958598003662259
"609",609,0.50653845972463,0.639736153794336,0.112303064307547,0.338554437802988,0.679913599382271,0.368152986183995,5.27492987735455,5.4350429182045,1.31624537279185,1.14727737395621,1.14727737395621,0.13955913755871
"610",610,0.0944538785897894,0.194913734602393,0.856762817278504,0.618106237464235,0.876494425240904,0.329434100974118,6.07366741501168,5.4350429182045,1.31624537279185,1.14727737395621,1.14727737395621,-0.556643503397074
"611",611,0.736020050409948,0.608693769059959,0.581892808462377,0.854333000074606,0.184263009294984,0.132055470382446,4.95426459278657,5.4350429182045,1.31624537279185,1.14727737395621,1.14727737395621,0.419060234544711
"612",612,0.192488796218648,0.757495539017604,0.717217877942137,0.358295374214766,0.916871625172789,0.283960319451755,7.29117542447396,5.4350429182045,1.31624537279185,1.14727737395621,1.14727737395621,-1.61785854790187
"613",613,0.308180390375317,0.280007521772641,0.563279568403726,0.201339658913435,0.894925842338242,0.475282641164842,5.52279194081416,5.4350429182045,1.31624537279185,1.14727737395621,1.14727737395621,-0.0764845752227036
"614",614,0.856642874057987,0.765007454085629,0.489016039933776,0.643095657596481,0.170838384562405,0.104718391098781,5.0364940304588,5.4350429182045,1.31624537279185,1.14727737395621,1.14727737395621,0.347386688514012
"615",615,0.0659323026706697,0.337754920816631,0.288994099216652,0.711497534784372,0.388346985029522,0.251458853821037,6.15531771628844,5.4350429182045,1.31624537279185,1.14727737395621,1.14727737395621,-0.627812257466721
"616",616,0.462148857444758,0.84737037789484,0.61432224872848,0.103297830907395,0.826831654837821,0.550925023888005,6.62845822573633,5.4350429182045,1.31624537279185,1.14727737395621,1.14727737395621,-1.0402151516477
"617",617,0.754111972952494,0.518036930614617,0.508298628861317,0.317761346983374,0.662136116929119,0.500301270992379,4.89608618113223,5.4350429182045,1.31624537279185,1.14727737395621,1.14727737395621,0.469770213643943
"618",618,0.856482690378092,0.663623754519387,0.0927360422316706,0.301293567876099,0.195814352286514,0.277710838401923,4.54040290276646,5.4350429182045,1.31624537279185,1.14727737395621,1.14727737395621,0.77979400252008
"619",619,0.512649528424488,0.464396194413421,0.233955595171894,0.771617429812322,0.389231177263078,0.54322173392633,4.85096507542066,5.4350429182045,1.31624537279185,1.14727737395621,1.14727737395621,0.509099068841336
"620",620,0.520839482812793,0.4495009714138,0.2933467853209,0.178929837929667,0.660646664128988,0.466032427027589,5.06603346517183,5.4350429182045,1.31624537279185,1.14727737395621,1.14727737395621,0.321639266501175
"621",621,0.339165386835462,0.896002928985865,0.194908697943785,0.768452318979893,0.437837116940878,0.732931468084687,6.32677393105034,5.4350429182045,1.31624537279185,1.14727737395621,1.14727737395621,-0.777258432083292
"622",622,0.128210655095638,0.503314009466325,0.225965192689444,0.510950865483843,0.683574811188621,0.316094097227091,6.34284931476502,5.4350429182045,1.31624537279185,1.14727737395621,1.14727737395621,-0.791270199489848
"623",623,0.186939808930503,0.463671888243873,0.765791444226867,0.263359178672661,0.800762950713979,0.696723207227769,6.70777016833649,5.4350429182045,1.31624537279185,1.14727737395621,1.14727737395621,-1.10934572495157
"624",624,0.366782569469768,0.341303531621583,0.747205409538816,0.171830028563156,0.130336810121429,0.583459059011308,5.79058446777326,5.4350429182045,1.31624537279185,1.14727737395621,1.14727737395621,-0.309900253974965
"625",625,0.576194197090692,0.521800535789225,0.897799966667546,0.583371183723095,0.356644369842717,0.320373698174022,5.51678811740714,5.4350429182045,1.31624537279185,1.14727737395621,1.14727737395621,-0.071251469834844
"626",626,0.47159586680599,0.671983970611822,0.786762008232414,0.233714006257942,0.639950906911865,0.683549617979443,6.30920106201169,5.4350429182045,1.31624537279185,1.14727737395621,1.14727737395621,-0.761941413341736
"627",627,0.27805878483085,0.962206463867449,0.90637182115647,0.17960707253986,0.647228319638176,0.636921291000908,7.78221686578738,5.4350429182045,1.31624537279185,1.14727737395621,1.14727737395621,-2.04586440983231
"628",628,0.85788437122386,0.0509607529797358,0.204752925363369,0.945690572915249,0.52670515326946,0.270712669318775,3.06384064811113,5.4350429182045,1.31624537279185,1.14727737395621,1.14727737395621,2.06680818773288
"629",629,0.126455978720682,0.510785874496098,0.164961386807845,0.0487316356411902,0.198601710413932,0.254024654832087,6.48349067096268,5.4350429182045,1.31624537279185,1.14727737395621,1.14727737395621,-0.91385725593347
"630",630,0.276261751736631,0.177718864341266,0.782987111182767,0.79099668056122,0.129987293050275,0.0988189254789613,5.15726058065854,5.4350429182045,1.31624537279185,1.14727737395621,1.14727737395621,0.242123085359969
"631",631,0.881116650705109,0.294465902860393,0.225190299184527,0.250628748224233,0.567364418100216,0.358139011108316,3.86401192567687,5.4350429182045,1.31624537279185,1.14727737395621,1.14727737395621,1.36935585778195
"632",632,0.147099379075109,0.802513733578147,0.0836479187168879,0.0842222365870839,0.600404448886169,0.665978499669698,6.97067049562079,5.4350429182045,1.31624537279185,1.14727737395621,1.14727737395621,-1.33849722157504
"633",633,0.211912902451702,0.773228576692636,0.49572819303337,0.420080816430389,0.205309610001976,0.785189907774096,6.95840031711171,5.4350429182045,1.31624537279185,1.14727737395621,1.14727737395621,-1.32780218061317
"634",634,0.302011300266604,0.22494597696804,0.485559596082545,0.545385126966634,0.180806977020577,0.298882717415807,5.06821008830626,5.4350429182045,1.31624537279185,1.14727737395621,1.14727737395621,0.319742059091843
"635",635,0.530828151823604,0.509756394825876,0.603727750717313,0.908134797355975,0.334314582744963,0.830389657928725,5.17880021431508,5.4350429182045,1.31624537279185,1.14727737395621,1.14727737395621,0.223348520337158
"636",636,0.486879449984059,0.0997415947973495,0.303797146039782,0.42882710897387,0.187030889858957,0.809856202921132,4.03492315542461,5.4350429182045,1.31624537279185,1.14727737395621,1.14727737395621,1.22038470779894
"637",637,0.383753751606797,0.647362961134408,0.592435327175306,0.137870707901893,0.725908750430681,0.232409064771258,6.37030904840494,5.4350429182045,1.31624537279185,1.14727737395621,1.14727737395621,-0.815204894153293
"638",638,0.687151852183859,0.710398231292609,0.603287399071152,0.171116852677194,0.762798611812876,0.336515546653653,5.68441930200134,5.4350429182045,1.31624537279185,1.14727737395621,1.14727737395621,-0.217363637998807
"639",639,0.827810212620418,0.434234209298273,0.310919519160874,0.262181401764625,0.0608489348097937,0.764104892735719,4.37162873828039,5.4350429182045,1.31624537279185,1.14727737395621,1.14727737395621,0.926902424874893
"640",640,0.507962776090484,0.155786447402439,0.846456322803278,0.646223851585761,0.178163102445542,0.221368723598309,4.59910914718976,5.4350429182045,1.31624537279185,1.14727737395621,1.14727737395621,0.728623949178175
"641",641,0.926958155854605,0.214508835766814,0.0841630274933996,0.474622030384489,0.910999042950687,0.205375275507569,3.3795755326036,5.4350429182045,1.31624537279185,1.14727737395621,1.14727737395621,1.79160456944508
"642",642,0.655472874804516,0.606251040991861,0.184994737886824,0.327699443372199,0.953065577824367,0.232951324466383,4.92185083386937,5.4350429182045,1.31624537279185,1.14727737395621,1.14727737395621,0.447313000312615
"643",643,0.201330997056444,0.825835271732649,0.323563527770806,0.606079814481898,0.0329489766021725,0.609057156167808,6.86888130319961,5.4350429182045,1.31624537279185,1.14727737395621,1.14727737395621,-1.24977482999664
"644",644,0.401557435592404,0.795416589709348,0.888051567292656,0.861994842563523,0.743907149995095,0.0842534780049464,6.45911572150512,5.4350429182045,1.31624537279185,1.14727737395621,1.14727737395621,-0.892611348003197
"645",645,0.344186079513049,0.246306583179394,0.524447454243083,0.753613104472985,0.620039982337272,0.726543894320261,4.95328753457112,5.4350429182045,1.31624537279185,1.14727737395621,1.14727737395621,0.419911866623954
"646",646,0.723863314681686,0.365473148927209,0.859721570359543,0.492028017017874,0.276349376757978,0.913262202944141,4.84795176942791,5.4350429182045,1.31624537279185,1.14727737395621,1.14727737395621,0.511725553125916
"647",647,0.564211673695361,0.645675603050971,0.412449029100011,0.714028812801,0.0778552806121297,0.804847173024784,5.31843806285792,5.4350429182045,1.31624537279185,1.14727737395621,1.14727737395621,0.101636150065861
"648",648,0.145590468225535,0.758277087653289,0.740421744942432,0.885213615457527,0.735411690284615,0.393315955153317,7.22292477638017,5.4350429182045,1.31624537279185,1.14727737395621,1.14727737395621,-1.558369317448
"649",649,0.0922782268783776,0.0984976136269979,0.485094597253716,0.809295671375818,0.513493313762941,0.240065539108007,5.29607833469085,5.4350429182045,1.31624537279185,1.14727737395621,1.14727737395621,0.12112553308225
"650",650,0.0284903943081154,0.311541161168483,0.75308229959046,0.603406513940892,0.426390428956714,0.537925570211839,6.73146897737413,5.4350429182045,1.31624537279185,1.14727737395621,1.14727737395621,-1.13000228941943
"651",651,0.212929432344507,0.27755659679824,0.379327969036996,0.621857149839518,0.396138678588788,0.772344478943618,5.41288617136966,5.4350429182045,1.31624537279185,1.14727737395621,1.14727737395621,0.0193124586414843
"652",652,0.814341594640515,0.542737407647073,0.806673745923559,0.606555604450055,0.85211985952151,0.5810092479944,4.96399013796074,5.4350429182045,1.31624537279185,1.14727737395621,1.14727737395621,0.410583169281381
"653",653,0.647932262689108,0.166770771848853,0.213907843244728,0.142700881297351,0.558056584849721,0.589108241537819,3.94471794665488,5.4350429182045,1.31624537279185,1.14727737395621,1.14727737395621,1.29901016561537
"654",654,0.549364084576024,0.165853555467911,0.671283824513201,0.893094327434083,0.44790486539097,0.252174324133783,4.2720339041127,5.4350429182045,1.31624537279185,1.14727737395621,1.14727737395621,1.01371215060343
"655",655,0.861956621840131,0.688433768537245,0.219109085720382,0.440544248315622,0.645345312428079,0.113634326502215,4.68194765699482,5.4350429182045,1.31624537279185,1.14727737395621,1.14727737395621,0.656419518335611
"656",656,0.733337301767082,0.277226156521123,0.584699841286638,0.154541194725083,0.325060884431703,0.938406913182,4.57763971761106,5.4350429182045,1.31624537279185,1.14727737395621,1.14727737395621,0.747337322304908
"657",657,0.322804090637714,0.750804730399745,0.601492288394133,0.475872042540344,0.4371359413506,0.87656422686635,6.55972473802838,5.4350429182045,1.31624537279185,1.14727737395621,1.14727737395621,-0.980305064280652
"658",658,0.087792513401364,0.793770702880225,0.597094909692416,0.628048055762658,0.713649865335203,0.465307263532886,7.57327933925694,5.4350429182045,1.31624537279185,1.14727737395621,1.14727737395621,-1.8637484444403
"659",659,0.110961175662349,0.250447862296947,0.635911066232366,0.884689641560195,0.19293595903425,0.312129624981782,5.87764940869913,5.4350429182045,1.31624537279185,1.14727737395621,1.14727737395621,-0.385788563900959
"660",660,0.137565307228593,0.764500262635178,0.720669700131635,0.602556863430422,0.779090691886027,0.847747582170297,7.39014613257199,5.4350429182045,1.31624537279185,1.14727737395621,1.14727737395621,-1.70412426737365
"661",661,0.558211060132831,0.0965266971294768,0.623413399056648,0.586840621458366,0.0916380676084664,0.523522961021634,4.1300048813015,5.4350429182045,1.31624537279185,1.14727737395621,1.14727737395621,1.13750873723133
"662",662,0.661380691183032,0.870380808627582,0.0625182790905237,0.277397045109072,0.481306814883137,0.15568034196482,5.326344800155,5.4350429182045,1.31624537279185,1.14727737395621,1.14727737395621,0.0947444101287133
"663",663,0.495932203541044,0.0851282152885105,0.724764162184205,0.621072755360743,0.88183251143829,0.769804406441515,4.29288776498893,5.4350429182045,1.31624537279185,1.14727737395621,1.14727737395621,0.995535324885754
"664",664,0.867157707069302,0.150409790762817,0.740838714639074,0.165269163071061,0.753864958539372,0.2896556926989,4.24655029432633,5.4350429182045,1.31624537279185,1.14727737395621,1.14727737395621,1.035924398805
"665",665,0.161469083566801,0.268929094755091,0.75211238050973,0.490409917035722,0.19769363477279,0.308738684770186,6.02126728434684,5.4350429182045,1.31624537279185,1.14727737395621,1.14727737395621,-0.510970040419114
"666",666,0.392575183967594,0.0775104566446971,0.491720551464823,0.79403942137782,0.867769656738383,0.246096439192654,4.22757659495399,5.4350429182045,1.31624537279185,1.14727737395621,1.14727737395621,1.05246242160843
"667",667,0.702033849987318,0.5326618309482,0.606447569672484,0.128839161562151,0.462849500146462,0.0949619914032519,5.32159163608643,5.4350429182045,1.31624537279185,1.14727737395621,1.14727737395621,0.098887404818985
"668",668,0.122015381087316,0.610405029166955,0.759346056924667,0.62201044696325,0.233411131183733,0.834234527869266,7.11844628973696,5.4350429182045,1.31624537279185,1.14727737395621,1.14727737395621,-1.46730285957571
"669",669,0.814993575200555,0.545634637883981,0.955152741191443,0.765014381483663,0.275546899833367,0.893743411572999,5.00520827269803,5.4350429182045,1.31624537279185,1.14727737395621,1.14727737395621,0.374656255988254
"670",670,0.519942983504501,0.428184322687215,0.346122494022478,0.924554052187712,0.807020981468842,0.0982269537098473,4.80455673087434,5.4350429182045,1.31624537279185,1.14727737395621,1.14727737395621,0.549549918478759
"671",671,0.869422048216453,0.830298985405709,0.780950245489483,0.539164070859901,0.0581202842671191,0.675594061791664,5.4566153289292,5.4350429182045,1.31624537279185,1.14727737395621,1.14727737395621,-0.0188031344593769
"672",672,0.59109858173714,0.154749562698533,0.486582964172703,0.110225923974765,0.317789905900485,0.639614954326418,4.41040962599815,5.4350429182045,1.31624537279185,1.14727737395621,1.14727737395621,0.893099886275156
"673",673,0.950367796306498,0.823579284758074,0.218128599886899,0.465793999718735,0.41755574124516,0.548583286113106,4.76828070855872,5.4350429182045,1.31624537279185,1.14727737395621,1.14727737395621,0.581169144255458
"674",674,0.396374425363843,0.13093339069013,0.897287150053773,0.272938920973684,0.371130686060176,0.0662042184842285,5.14785838639458,5.4350429182045,1.31624537279185,1.14727737395621,1.14727737395621,0.25031830865766
"675",675,0.767794398722355,0.738218459252967,0.817654719223501,0.791584175269352,0.894433524363325,0.731964156125789,5.36750334968353,5.4350429182045,1.31624537279185,1.14727737395621,1.14727737395621,0.0588694330195583
"676",676,0.0992928241196787,0.90622866860067,0.778962953850045,0.314236707551754,0.673601707516471,0.0340315722195664,8.15869995342053,5.4350429182045,1.31624537279185,1.14727737395621,1.14727737395621,-2.37401791148719
"677",677,0.902498152859043,0.91063077279611,0.548455494324095,0.91749315816653,0.0786802571497392,0.382486514837132,5.16635381439146,5.4350429182045,1.31624537279185,1.14727737395621,1.14727737395621,0.234197160958999
"678",678,0.724263357252232,0.702130784687819,0.577692630926496,0.174618464214611,0.223466371386428,0.297953274427098,5.55145545140591,5.4350429182045,1.31624537279185,1.14727737395621,1.14727737395621,-0.101468516545375
"679",679,0.093776415704051,0.871917741462705,0.644734738832805,0.347984464205918,0.642029558515642,0.871449914291967,7.92433245437047,5.4350429182045,1.31624537279185,1.14727737395621,1.14727737395621,-2.16973644968003
"680",680,0.572748157689814,0.555859520914266,0.0522716261610622,0.611114628623822,0.505726808905369,0.793261043348,4.79140268457562,5.4350429182045,1.31624537279185,1.14727737395621,1.14727737395621,0.561015364060903
"681",681,0.611565333906212,0.487267278587446,0.353489630831173,0.487249845799408,0.575548360429704,0.349601073501166,4.86735155174758,5.4350429182045,1.31624537279185,1.14727737395621,1.14727737395621,0.494816144154681
"682",682,0.379303455004818,0.0591660147070652,0.425946985247545,0.120820448270882,0.593275593755883,0.107392293221084,4.47928439533743,5.4350429182045,1.31624537279185,1.14727737395621,1.14727737395621,0.833066653769422
"683",683,0.330539328329265,0.954670052632806,0.291082709035603,0.17047176151094,0.906290098944446,0.437538752135937,6.78284724182467,5.4350429182045,1.31624537279185,1.14727737395621,1.14727737395621,-1.17478506437591
"684",684,0.160733088609879,0.429585746317171,0.516509647682775,0.479293649199884,0.1635286832524,0.563544425237924,6.29055926449047,5.4350429182045,1.31624537279185,1.14727737395621,1.14727737395621,-0.745692685750311
"685",685,0.574123298066785,0.649402468237095,0.442370343817631,0.923718595158192,0.601379741457873,0.62318295793538,5.26540870670272,5.4350429182045,1.31624537279185,1.14727737395621,1.14727737395621,0.147858064102513
"686",686,0.679762741723214,0.252516658349894,0.345079228137038,0.674260758224758,0.236336809100118,0.169527047668467,4.06422388381213,5.4350429182045,1.31624537279185,1.14727737395621,1.14727737395621,1.19484534909401
"687",687,0.425662818291457,0.86623669751815,0.105403358281357,0.80169565326476,0.357955912532401,0.262754192610271,5.90012682617606,5.4350429182045,1.31624537279185,1.14727737395621,1.14727737395621,-0.4053805283092
"688",688,0.208570316401194,0.453542565218871,0.68763535340142,0.082164254289004,0.713218190273503,0.114882403362892,6.69656133269894,5.4350429182045,1.31624537279185,1.14727737395621,1.14727737395621,-1.09957578100254
"689",689,0.697342239659512,0.376778024232364,0.830673925294541,0.207922589685651,0.242412762673921,0.611081328394241,5.15889282785905,5.4350429182045,1.31624537279185,1.14727737395621,1.14727737395621,0.240700371692322
"690",690,0.719473679669318,0.389616246486548,0.497583592507523,0.091623950189678,0.685740830114926,0.948089222562732,4.82540362717302,5.4350429182045,1.31624537279185,1.14727737395621,1.14727737395621,0.531379163287456
"691",691,0.607579530896386,0.87439878483559,0.932747144325054,0.424935448974953,0.19084029151476,0.118262823120924,6.36440112464004,5.4350429182045,1.31624537279185,1.14727737395621,1.14727737395621,-0.810055377655353
"692",692,0.0451328920546221,0.648194250368513,0.899183280340396,0.517884937407216,0.686620651393547,0.425269931815099,7.81279852623809,5.4350429182045,1.31624537279185,1.14727737395621,1.14727737395621,-2.07252026581354
"693",693,0.215845664597466,0.8539576372765,0.137916445646435,0.762882147195865,0.699602520695538,0.234014708880335,6.66642906943697,5.4350429182045,1.31624537279185,1.14727737395621,1.14727737395621,-1.07331163255336
"694",694,0.700773796919733,0.921034015930258,0.385423723073909,0.266003209755756,0.122893546649604,0.242549645444844,5.72340636485388,5.4350429182045,1.31624537279185,1.14727737395621,1.14727737395621,-0.251345884783732
"695",695,0.638432877999148,0.60977327902941,0.560856586010661,0.194385923949769,0.0794922137553804,0.835029513228685,5.49793083375257,5.4350429182045,1.31624537279185,1.14727737395621,1.14727737395621,-0.0548149183237274
"696",696,0.491891382352449,0.910081014586729,0.0306323889421765,0.318351768295164,0.436320245139301,0.843528652931913,5.79813015664844,5.4350429182045,1.31624537279185,1.14727737395621,1.14727737395621,-0.316477293709619
"697",697,0.319900705291773,0.148489555341774,0.235956590870512,0.885863232640433,0.846793828394031,0.551519469382125,4.43152534567641,5.4350429182045,1.31624537279185,1.14727737395621,1.14727737395621,0.874694816884267
"698",698,0.947260496683768,0.158828480238677,0.293905838438193,0.550264351971098,0.505224387429771,0.458988216474187,3.40421393708426,5.4350429182045,1.31624537279185,1.14727737395621,1.14727737395621,1.77012902652934
"699",699,0.55869146542903,0.785744311460061,0.742302730218275,0.253879571680445,0.516171323905583,0.949543954606052,6.24094227962441,5.4350429182045,1.31624537279185,1.14727737395621,1.14727737395621,-0.702445092803399
"700",700,0.590695223605027,0.166105490599759,0.72799948551564,0.155217150214128,0.0750030868779868,0.124858806741191,4.73816952374436,5.4350429182045,1.31624537279185,1.14727737395621,1.14727737395621,0.607414920122655
"701",701,0.202710835939157,0.857283071171376,0.370861177370301,0.174303760248004,0.0619418753368082,0.199329233351746,7.18664256346904,5.4350429182045,1.31624537279185,1.14727737395621,1.14727737395621,-1.52674469576997
"702",702,0.821978910441278,0.682085877841339,0.27624536428391,0.723349208517931,0.499060203187633,0.885443965086364,4.71161014118976,5.4350429182045,1.31624537279185,1.14727737395621,1.14727737395621,0.630564842850595
"703",703,0.792456902867183,0.660978582359501,0.754699946501642,0.835345780414296,0.892730983407237,0.152308177547297,5.0998656977244,5.4350429182045,1.31624537279185,1.14727737395621,1.14727737395621,0.292150118261543
"704",704,0.469065882107476,0.438252761148615,0.905112828114885,0.365476281718817,0.135451168203144,0.375607123786234,5.76112522439337,5.4350429182045,1.31624537279185,1.14727737395621,1.14727737395621,-0.284222729037552
"705",705,0.0426100323722931,0.16887520584662,0.362498455163557,0.852888821844827,0.884557814015541,0.161642894363496,5.70312717283559,5.4350429182045,1.31624537279185,1.14727737395621,1.14727737395621,-0.233669956992738
"706",706,0.389351808425272,0.314891224820982,0.183770804545842,0.684701243777876,0.790277234762558,0.0616431070629042,4.75853001907362,5.4350429182045,1.31624537279185,1.14727737395621,1.14727737395621,0.589668126024336
"707",707,0.900866826123791,0.620691838675761,0.90580267655279,0.815258233151748,0.629274038418196,0.294483748080907,4.95054151734513,5.4350429182045,1.31624537279185,1.14727737395621,1.14727737395621,0.422305374321679
"708",708,0.606176594602061,0.360107405702001,0.885500289275777,0.396891709062969,0.750708213637234,0.642745378650608,5.17509277572181,5.4350429182045,1.31624537279185,1.14727737395621,1.14727737395621,0.22658003058693
"709",709,0.908478076320142,0.752008399377693,0.12420754434634,0.783822122703539,0.257169072400429,0.293534980151802,4.5509382232668,5.4350429182045,1.31624537279185,1.14727737395621,1.14727737395621,0.770611113761444
"710",710,0.189999983562855,0.186923136941856,0.125417337494786,0.732638852668344,0.258424971965142,0.877256859038607,4.93670813565146,5.4350429182045,1.31624537279185,1.14727737395621,1.14727737395621,0.434362948198489
"711",711,0.262026524425019,0.167406289644307,0.673388388540712,0.798480067015742,0.210326447118539,0.8635453369678,5.05777397185518,5.4350429182045,1.31624537279185,1.14727737395621,1.14727737395621,0.328838478744129
"712",712,0.846504731142195,0.070398369116243,0.552153623871156,0.558222072979552,0.655438676440506,0.42232350819686,3.54816681514705,5.4350429182045,1.31624537279185,1.14727737395621,1.14727737395621,1.64465555225834
"713",713,0.804246380700963,0.235527747976361,0.481857338274363,0.518329447225551,0.704222309544566,0.920429050630541,3.99074278679515,5.4350429182045,1.31624537279185,1.14727737395621,1.14727737395621,1.25889358946294
"714",714,0.33004566193826,0.0731732016283786,0.464830482374411,0.875375230112579,0.494249695051229,0.52762357195199,4.32318026135292,5.4350429182045,1.31624537279185,1.14727737395621,1.14727737395621,0.969131512650242
"715",715,0.160151609236258,0.733450336418464,0.725269649784779,0.108821975081926,0.274315522647696,0.298239386124304,7.63576685488807,5.4350429182045,1.31624537279185,1.14727737395621,1.14727737395621,-1.91821436266516
"716",716,0.1051342603839,0.797847840100527,0.535834642469534,0.747823256899603,0.318677661744296,0.544146118682576,7.39005573636207,5.4350429182045,1.31624537279185,1.14727737395621,1.14727737395621,-1.70404547543373
"717",717,0.907435874266434,0.440041711701313,0.680976854376844,0.570639450609684,0.46537002337887,0.38462318893068,4.48750869005282,5.4350429182045,1.31624537279185,1.14727737395621,1.14727737395621,0.825898121641023
"718",718,0.742110199449584,0.0760175595841138,0.243990391306928,0.0374528503655456,0.833042227383121,0.235117809197749,3.64008926793178,5.4350429182045,1.31624537279185,1.14727737395621,1.14727737395621,1.56453329510291
"719",719,0.782339033027296,0.314078176970128,0.266003384267329,0.488848403486307,0.901487029102049,0.662872244384838,4.0194173850693,5.4350429182045,1.31624537279185,1.14727737395621,1.14727737395621,1.23389998379697
"720",720,0.386054313197033,0.388495617703418,0.208246226044255,0.512641871808679,0.810519887400209,0.909774930640473,5.03587377086196,5.4350429182045,1.31624537279185,1.14727737395621,1.14727737395621,0.347927324641701
"721",721,0.709180846305797,0.802201032039593,0.947200226537185,0.050444448558148,0.547000044297311,0.916432562924223,6.45024061258215,5.4350429182045,1.31624537279185,1.14727737395621,1.14727737395621,-0.884875547468435
"722",722,0.387303618743434,0.804858805262251,0.27543823793449,0.505693338164478,0.301983431651373,0.0725288823730079,6.12226374811421,5.4350429182045,1.31624537279185,1.14727737395621,1.14727737395621,-0.59900146687277
"723",723,0.0759189780260203,0.931418525628396,0.676041794901248,0.717520827598637,0.176419512205874,0.233975433519459,7.9563939999053,5.4350429182045,1.31624537279185,1.14727737395621,1.14727737395621,-2.19768221612033
"724",724,0.456160151108867,0.157165386308916,0.134111449754331,0.845672891896102,0.143304688468226,0.602599900704809,4.02619072689454,5.4350429182045,1.31624537279185,1.14727737395621,1.14727737395621,1.22799614399415
"725",725,0.26447746053373,0.187227661819663,0.924742888264125,0.357764288767241,0.31555759744742,0.89074934515229,5.64640814202308,5.4350429182045,1.31624537279185,1.14727737395621,1.14727737395621,-0.184232016264488
"726",726,0.167423907085671,0.163724315071828,0.15311500402994,0.125650284925709,0.874611196717014,0.347976047575707,5.14212077224064,5.4350429182045,1.31624537279185,1.14727737395621,1.14727737395621,0.255319378393878
"727",727,0.337312356357113,0.353464914706536,0.459014854988898,0.61985507861583,0.166910243731691,0.854456857697107,5.29024843221965,5.4350429182045,1.31624537279185,1.14727737395621,1.14727737395621,0.126207043973637
"728",728,0.719597238047863,0.0951383830400882,0.0343360101816943,0.626865994574851,0.716418841214385,0.748689566091518,3.28044000954282,5.4350429182045,1.31624537279185,1.14727737395621,1.14727737395621,1.87801394638496
"729",729,0.448655379091157,0.936304881742923,0.178524934925023,0.630504805754055,0.77229140723357,0.680603576820111,6.06189558739145,5.4350429182045,1.31624537279185,1.14727737395621,1.14727737395621,-0.546382839422122
"730",730,0.395636651639594,0.336580291366554,0.587175963991671,0.607931362958509,0.711866197513067,0.270010128305526,5.1961522021519,5.4350429182045,1.31624537279185,1.14727737395621,1.14727737395621,0.208224028012356
"731",731,0.612942503720522,0.831613358734758,0.817378246118664,0.520340670131962,0.766492476102896,0.26699917992414,6.06660052260121,5.4350429182045,1.31624537279185,1.14727737395621,1.14727737395621,-0.550483796450095
"732",732,0.306440234110225,0.431528767708107,0.83946368758264,0.537017176946625,0.767493148766109,0.332684446671279,6.02558462580464,5.4350429182045,1.31624537279185,1.14727737395621,1.14727737395621,-0.514733159570425
"733",733,0.124768463443383,0.554367961312178,0.630199844506802,0.82824372715049,0.977983954026247,0.9026239401364,6.74926422833404,5.4350429182045,1.31624537279185,1.14727737395621,1.14727737395621,-1.14551314264801
"734",734,0.178300155008328,0.878756990939146,0.330386185524985,0.437827487877919,0.906639451732626,0.491867982455762,7.14886254053695,5.4350429182045,1.31624537279185,1.14727737395621,1.14727737395621,-1.49381453974169
"735",735,0.581802838771837,0.0803848386481404,0.0605722234125715,0.468300872973749,0.942468249189318,0.605877816971508,3.51933945204848,5.4350429182045,1.31624537279185,1.14727737395621,1.14727737395621,1.6697823121448
"736",736,0.804574257694418,0.69569546668278,0.261854656034848,0.87566020591557,0.103972259975621,0.0537192182471044,4.73608550484976,5.4350429182045,1.31624537279185,1.14727737395621,1.14727737395621,0.609231411009608
"737",737,0.0346494546914473,0.6195338782951,0.196275565799791,0.206959370041033,0.305373392207199,0.452045026150765,7.20861777387371,5.4350429182045,1.31624537279185,1.14727737395621,1.14727737395621,-1.54589892203078
"738",738,0.844623151191045,0.703852832794539,0.518963552115136,0.227674610164133,0.500801612724434,0.276982974090497,5.19674597186122,5.4350429182045,1.31624537279185,1.14727737395621,1.14727737395621,0.207706481233522
"739",739,0.697861849075649,0.393160993681522,0.962530236805091,0.801109982235241,0.559632632554276,0.181057739963522,4.87278570762143,5.4350429182045,1.31624537279185,1.14727737395621,1.14727737395621,0.490079577394795
"740",740,0.270824782691197,0.0859159806368407,0.550089395008632,0.461912206191453,0.132733648990514,0.828965723332833,4.78527736169957,5.4350429182045,1.31624537279185,1.14727737395621,1.14727737395621,0.566354371885077
"741",741,0.331169649142888,0.121210621162318,0.168700970081496,0.423409046558547,0.27112369573873,0.0885886493801372,4.35690181442763,5.4350429182045,1.31624537279185,1.14727737395621,1.14727737395621,0.939738835831013
"742",742,0.905682001315989,0.756546316093416,0.911866750147543,0.134745276805712,0.309094521665596,0.248547426901641,5.79974568304698,5.4350429182045,1.31624537279185,1.14727737395621,1.14727737395621,-0.31788543304472
"743",743,0.142001358619309,0.552909516738611,0.0999753328410443,0.671231174185523,0.160877071956987,0.51261785894772,6.25693061277086,5.4350429182045,1.31624537279185,1.14727737395621,1.14727737395621,-0.716380984427686
"744",744,0.848837894203141,0.765874765474466,0.657448593041161,0.898146262928378,0.0174293855937431,0.666449695071089,5.08830377998718,5.4350429182045,1.31624537279185,1.14727737395621,1.14727737395621,0.302227818737193
"745",745,0.234805040612817,0.89184775856568,0.692958618762321,0.473198548215441,0.165968765934929,0.525551236956613,7.29408319669222,5.4350429182045,1.31624537279185,1.14727737395621,1.14727737395621,-1.62039304590929
"746",746,0.467688106323243,0.3469900626702,0.545650698250625,0.533133153120056,0.540003553607385,0.506792287454242,5.02307376519432,5.4350429182045,1.31624537279185,1.14727737395621,1.14727737395621,0.35908417821365
"747",747,0.46642908887798,0.683489646998001,0.0384711861816468,0.895194489598973,0.3135236790817,0.605416906034341,5.31882995475725,5.4350429182045,1.31624537279185,1.14727737395621,1.14727737395621,0.101294565800167
"748",748,0.267412208720692,0.37124694446288,0.350162477532751,0.300214645894594,0.623399558406789,0.656705024303985,5.60904138363334,5.4350429182045,1.31624537279185,1.14727737395621,1.14727737395621,-0.15166207351308
"749",749,0.367473405957338,0.709506011025514,0.329665549302823,0.529025452254224,0.530767131110653,0.922692171608564,6.01636632297368,5.4350429182045,1.31624537279185,1.14727737395621,1.14727737395621,-0.506698221341693
"750",750,0.854108389401692,0.378041064909077,0.281247479005251,0.773671960664797,0.516952932580607,0.558727453639382,3.98989384657935,5.4350429182045,1.31624537279185,1.14727737395621,1.14727737395621,1.25963355020397
"751",751,0.273198887229199,0.259722243788186,0.429295455648797,0.648414504830027,0.397538257311215,0.066730241557816,5.18655929041428,5.4350429182045,1.31624537279185,1.14727737395621,1.14727737395621,0.216585486152631
"752",752,0.320458874740405,0.151260579736088,0.903050700387917,0.887710761692258,0.415556028863532,0.423582627336727,4.97098470118978,5.4350429182045,1.31624537279185,1.14727737395621,1.14727737395621,0.40448650653197
"753",753,0.110408121458837,0.46894849739864,0.794948325337726,0.864962753935601,0.326011639394215,0.436862256564666,6.70293013710544,5.4350429182045,1.31624537279185,1.14727737395621,1.14727737395621,-1.10512701434077
"754",754,0.512187932959991,0.683577514209552,0.264405049142079,0.126977687224513,0.688143653090345,0.722138278069789,5.63482222983593,5.4350429182045,1.31624537279185,1.14727737395621,1.14727737395621,-0.174133401535255
"755",755,0.586413353790296,0.588325501418207,0.703823100979556,0.831790365449502,0.691413147071493,0.062553610130446,5.35158388588256,5.4350429182045,1.31624537279185,1.14727737395621,1.14727737395621,0.0727452961389315
"756",756,0.446736840877798,0.67389947229845,0.784946366206743,0.731866490354179,0.866222736155498,0.356418658523005,6.02237539834785,5.4350429182045,1.31624537279185,1.14727737395621,1.14727737395621,-0.511935904495374
"757",757,0.653382146965712,0.696789978064364,0.496514443297754,0.609487489647465,0.886364282627474,0.584995842639357,5.33084224206821,5.4350429182045,1.31624537279185,1.14727737395621,1.14727737395621,0.0908243102336888
"758",758,0.950662868134095,0.147027757326025,0.532315360813052,0.433594943708973,0.418658625969081,0.954442703101085,3.66054181926355,5.4350429182045,1.31624537279185,1.14727737395621,1.14727737395621,1.54670626234165
"759",759,0.783772479646606,0.880989793587476,0.663519217265188,0.255069827699917,0.587499167767121,0.619534275577404,5.80788983844154,5.4350429182045,1.31624537279185,1.14727737395621,1.14727737395621,-0.324984113433122
"760",760,0.109060963588767,0.921707948047086,0.356537279928918,0.228423898584675,0.778105909353122,0.891395307025057,7.69205567547494,5.4350429182045,1.31624537279185,1.14727737395621,1.14727737395621,-1.96727731977096
"761",761,0.658428193036118,0.590060388952261,0.227954525335808,0.166134254589677,0.253313599230954,0.236069509403897,5.00133018266758,5.4350429182045,1.31624537279185,1.14727737395621,1.14727737395621,0.378036510945325
"762",762,0.265066223810776,0.105114233331988,0.755626606165548,0.165834709381335,0.922663025936694,0.655594603046309,5.35367849834148,5.4350429182045,1.31624537279185,1.14727737395621,1.14727737395621,0.0709195715962286
"763",763,0.502174527358264,0.331155142830219,0.952841328630689,0.601110217865789,0.590874266167521,0.794285512913484,5.2408392854355,5.4350429182045,1.31624537279185,1.14727737395621,1.14727737395621,0.169273479262751
"764",764,0.513887952030753,0.820566225460148,0.691309991177986,0.450454216001323,0.158770500671817,0.751536853391095,6.21873203980527,5.4350429182045,1.31624537279185,1.14727737395621,1.14727737395621,-0.683086008136235
"765",765,0.370790100118844,0.392205243554548,0.851943100296543,0.26841028955963,0.579177248089341,0.90602479524177,5.94675283347689,5.4350429182045,1.31624537279185,1.14727737395621,1.14727737395621,-0.446021099072003
"766",766,0.717049970808672,0.75036017820891,0.0800639378357446,0.0851006466982653,0.708409856368788,0.872641253674636,5.04449697654576,5.4350429182045,1.31624537279185,1.14727737395621,1.14727737395621,0.340411090224853
"767",767,0.292270574523252,0.296859872339293,0.255504312822479,0.379474952005316,0.109079651847831,0.640792992297211,5.15586646682596,5.4350429182045,1.31624537279185,1.14727737395621,1.14727737395621,0.243338235126039
"768",768,0.75731929968996,0.25604623382166,0.438254279829329,0.736233610326424,0.930254642721848,0.880647119309753,3.99277900178204,5.4350429182045,1.31624537279185,1.14727737395621,1.14727737395621,1.25711876583867
"769",769,0.082728270176216,0.028225596869248,0.822602793326369,0.459030669540283,0.295850926135667,0.653987511101877,5.52900462057685,5.4350429182045,1.31624537279185,1.14727737395621,1.14727737395621,-0.0818997258250961
"770",770,0.163333096530172,0.571679304379388,0.731549093848909,0.546034966164268,0.406644278194755,0.121962685722043,6.85585825364837,5.4350429182045,1.31624537279185,1.14727737395621,1.14727737395621,-1.23842356495222
"771",771,0.91230953380547,0.710931636571651,0.898245641161571,0.274904875656939,0.640098494006204,0.635991265825578,5.50256551453486,5.4350429182045,1.31624537279185,1.14727737395621,1.14727737395621,-0.0588546395694341
"772",772,0.258156756691053,0.20448605717835,0.76435003529524,0.534320414226269,0.574342585569597,0.517446017934941,5.42029535518695,5.4350429182045,1.31624537279185,1.14727737395621,1.14727737395621,0.0128544006465455
"773",773,0.715223802310182,0.66247344723437,0.613197256547399,0.57131568383344,0.832701958051999,0.102781387065421,5.26073955950533,5.4350429182045,1.31624537279185,1.14727737395621,1.14727737395621,0.151927827268232
"774",774,0.623353998058126,0.253151889232104,0.251883910087519,0.25635342956509,0.732930208973121,0.239556411618018,4.22885570171672,5.4350429182045,1.31624537279185,1.14727737395621,1.14727737395621,1.05134751531657
"775",775,0.916275723390165,0.666018374106614,0.940278866022243,0.565439538858598,0.817557704239152,0.325599732610048,5.1987751824534,5.4350429182045,1.31624537279185,1.14727737395621,1.14727737395621,0.205937762841401
"776",776,0.248010638998239,0.690066887681489,0.942254260871094,0.101588549741078,0.819570857279701,0.246526427994599,7.4766198121774,5.4350429182045,1.31624537279185,1.14727737395621,1.14727737395621,-1.77949721690478
"777",777,0.298308017064468,0.528695616518497,0.611523985921987,0.764789210751653,0.180253891370841,0.562722878788132,5.98233634438416,5.4350429182045,1.31624537279185,1.14727737395621,1.14727737395621,-0.477036711961296
"778",778,0.345325304349652,0.783878580739023,0.0689355307909427,0.922328221927281,0.629843228112324,0.899879477989743,5.94361441027172,5.4350429182045,1.31624537279185,1.14727737395621,1.14727737395621,-0.443285559021781
"779",779,0.39991732765059,0.898429117151536,0.248603190163034,0.470756121844053,0.850770581968478,0.0993845208743587,6.25737431522177,5.4350429182045,1.31624537279185,1.14727737395621,1.14727737395621,-0.716767728262248
"780",780,0.643825176593382,0.0957086284368997,0.173286916559096,0.372858610116993,0.403047132666572,0.877962801391724,3.60021497001831,5.4350429182045,1.31624537279185,1.14727737395621,1.14727737395621,1.59928888151874
"781",781,0.337684429767774,0.922592109513935,0.946492177808541,0.685680707920226,0.0241250885482877,0.326233749937266,7.07544575337258,5.4350429182045,1.31624537279185,1.14727737395621,1.14727737395621,-1.42982235369238
"782",782,0.318838433307013,0.203039398421301,0.551978498401237,0.205046723808744,0.581799188095145,0.935836949629011,5.22348731302978,5.4350429182045,1.31624537279185,1.14727737395621,1.14727737395621,0.184397958137362
"783",783,0.959835568610579,0.349682012653444,0.0660983867053874,0.573748505950091,0.130940045249532,0.806546026032418,3.61315513030265,5.4350429182045,1.31624537279185,1.14727737395621,1.14727737395621,1.58800986514652
"784",784,0.46730407861236,0.0611592305807862,0.928639533631387,0.59339687509241,0.864110305090668,0.541847883577226,4.48478177879206,5.4350429182045,1.31624537279185,1.14727737395621,1.14727737395621,0.828274976029215
"785",785,0.817397857685108,0.247506204182748,0.407812056194758,0.841505697724177,0.637473214436322,0.276146569587057,3.82308166761963,5.4350429182045,1.31624537279185,1.14727737395621,1.14727737395621,1.40503184947008
"786",786,0.501066884768545,0.271147573066293,0.919608848396339,0.843963496379671,0.245424313168973,0.727393408028292,4.90110183239215,5.4350429182045,1.31624537279185,1.14727737395621,1.14727737395621,0.465398427558226
"787",787,0.505039227318717,0.915638401099015,0.487974142182618,0.735537884047138,0.438979593696189,0.0391391791959759,6.11136234650176,5.4350429182045,1.31624537279185,1.14727737395621,1.14727737395621,-0.589499491273916
"788",788,0.2038530947502,0.450949800845119,0.103731200091424,0.750545383178396,0.550678384897648,0.195224543375312,5.70120007778798,5.4350429182045,1.31624537279185,1.14727737395621,1.14727737395621,-0.231990245450128
"789",789,0.581327049396583,0.315085422085365,0.132402888363111,0.339119077808457,0.474229779685149,0.0652570594586432,4.31536778900494,5.4350429182045,1.31624537279185,1.14727737395621,1.14727737395621,0.975941088542984
"790",790,0.635771932072006,0.842716417914839,0.321031177927623,0.50875107897725,0.288239674331155,0.850504427123698,5.53888604545163,5.4350429182045,1.31624537279185,1.14727737395621,1.14727737395621,-0.0905126603247151
"791",791,0.954035655618878,0.335183625719277,0.267980163653614,0.456151466271025,0.535598338599782,0.811101412838907,3.81960124782514,5.4350429182045,1.31624537279185,1.14727737395621,1.14727737395621,1.40806548359684
"792",792,0.45456132949458,0.521111614475492,0.475326385668479,0.139928961999482,0.707742622197955,0.912818549471791,5.68767705723195,5.4350429182045,1.31624537279185,1.14727737395621,1.14727737395621,-0.220203191279088
"793",793,0.708182086603134,0.903762855916517,0.295021559014684,0.950166958616814,0.321428323284723,0.474681045775884,5.34632555627721,5.4350429182045,1.31624537279185,1.14727737395621,1.14727737395621,0.0773286076595075
"794",794,0.429325981724076,0.924305962549988,0.539921736971941,0.81347496050084,0.819445734371664,0.933485299640917,6.35896441503001,5.4350429182045,1.31624537279185,1.14727737395621,1.14727737395621,-0.805316584985467
"795",795,0.842391475846642,0.508421327589196,0.97165679616679,0.727906314253458,0.665761521852692,0.913694614216569,4.91157930093611,5.4350429182045,1.31624537279185,1.14727737395621,1.14727737395621,0.456265964230869
"796",796,0.968739512596279,0.0990469873413676,0.398278264244902,0.797157606963767,0.319406374920742,0.30389999179903,3.24966596082601,5.4350429182045,1.31624537279185,1.14727737395621,1.14727737395621,1.90483749351959
"797",797,0.398012066375813,0.611018601432559,0.854370772502618,0.929180495813955,0.326516196371987,0.138599513135385,5.99451695226252,5.4350429182045,1.31624537279185,1.14727737395621,1.14727737395621,-0.487653680581845
"798",798,0.483185907184961,0.481276643348392,0.493587547420757,0.544331392991124,0.454013925286825,0.946107902820222,5.27837338657115,5.4350429182045,1.31624537279185,1.14727737395621,1.14727737395621,0.136557675754642
"799",799,0.316759506218135,0.881600255841971,0.746270801723353,0.239598075219081,0.479746732654399,0.284682537740562,7.20940355187753,5.4350429182045,1.31624537279185,1.14727737395621,1.14727737395621,-1.54658382876882
"800",800,0.910353886442957,0.139769781555631,0.827666761026136,0.809855643963441,0.72118460384733,0.5226832298222,3.77364038103473,5.4350429182045,1.31624537279185,1.14727737395621,1.14727737395621,1.44812629873513
"801",801,0.0380647220225073,0.931981901194202,0.467815647977171,0.432019149098312,0.338706472268561,0.928158484761952,8.09591092599072,5.4350429182045,1.31624537279185,1.14727737395621,1.14727737395621,-2.31928918689525
"802",802,0.579249493837357,0.704408122358494,0.586743879959686,0.285227801611298,0.849402347047464,0.849910503916792,5.80367037661655,5.4350429182045,1.31624537279185,1.14727737395621,1.14727737395621,-0.32130630898864
"803",803,0.713455786338774,0.942467144396738,0.454850745479576,0.860830628842115,0.235998502584291,0.836088961913716,5.55184622881996,5.4350429182045,1.31624537279185,1.14727737395621,1.14727737395621,-0.101809129393602
"804",804,0.198047851387411,0.142774655002053,0.699786022032378,0.900533492382267,0.677539712447557,0.0574936514595756,5.18909590253394,5.4350429182045,1.31624537279185,1.14727737395621,1.14727737395621,0.214374501976318
"805",805,0.258533206994995,0.559747064128635,0.507811990360031,0.22570217750757,0.770684125849977,0.51234503971925,6.40002383492428,5.4350429182045,1.31624537279185,1.14727737395621,1.14727737395621,-0.84110515785053
"806",806,0.39238506230386,0.305158540519304,0.912961943931179,0.224853776731063,0.386295931378729,0.648173770098831,5.75932538559934,5.4350429182045,1.31624537279185,1.14727737395621,1.14727737395621,-0.282653937710461
"807",807,0.537244016785407,0.588583420069423,0.229648699797457,0.263587318119942,0.440270223768428,0.602276160568348,5.23925272420445,5.4350429182045,1.31624537279185,1.14727737395621,1.14727737395621,0.17065637172369
"808",808,0.64223029968387,0.734400773626403,0.179974157057353,0.189144579639193,0.219220499497373,0.918074016542407,5.271847828723,5.4350429182045,1.31624537279185,1.14727737395621,1.14727737395621,0.142245539907012
"809",809,0.291767802321934,0.603522310446133,0.969585202365881,0.163857975822641,0.515703727496788,0.398214336409234,7.04560858974415,5.4350429182045,1.31624537279185,1.14727737395621,1.14727737395621,-1.40381542258248
"810",810,0.847330045895651,0.556803400385426,0.484676502167014,0.504845704805455,0.0673978874516906,0.971558002889273,4.67713023062244,5.4350429182045,1.31624537279185,1.14727737395621,1.14727737395621,0.660618525900597
"811",811,0.90467502191267,0.477367397036403,0.412704775004298,0.922815677255043,0.734598263838212,0.954907042074832,4.19975866190502,5.4350429182045,1.31624537279185,1.14727737395621,1.14727737395621,1.07670933319272
"812",812,0.368111682293471,0.358540482538985,0.0457514123854926,0.451343423184124,0.100249999877182,0.440364780878182,4.85510417737303,5.4350429182045,1.31624537279185,1.14727737395621,1.14727737395621,0.505491308376143
"813",813,0.859961397521896,0.53598724538181,0.601839662201586,0.289996784447809,0.696803910675691,0.936871118116425,4.86939868840785,5.4350429182045,1.31624537279185,1.14727737395621,1.14727737395621,0.493031800885354
"814",814,0.371459112328594,0.576723162313923,0.527153465797543,0.296728586520301,0.23261113904824,0.279608005193411,6.02435070779207,5.4350429182045,1.31624537279185,1.14727737395621,1.14727737395621,-0.513657641094614
"815",815,0.671982235135161,0.469477249438874,0.545275777062983,0.793795831126277,0.106067745238193,0.421139050390571,4.75526741531462,5.4350429182045,1.31624537279185,1.14727737395621,1.14727737395621,0.592511905421597
"816",816,0.143399418338086,0.939288137743482,0.26339319184958,0.944745623759227,0.327922451152233,0.119663980630226,7.23278568782245,5.4350429182045,1.31624537279185,1.14727737395621,1.14727737395621,-1.56696437184908
"817",817,0.902636240038089,0.740683102812734,0.236698807258741,0.854690558768809,0.586136256796424,0.279480953384424,4.62043688153663,5.4350429182045,1.31624537279185,1.14727737395621,1.14727737395621,0.710034081696239
"818",818,0.428407711628359,0.716331658807467,0.455238883550395,0.35387066628295,0.0768054228812689,0.611939821439912,6.05129319610604,5.4350429182045,1.31624537279185,1.14727737395621,1.14727737395621,-0.537141489835623
"819",819,0.738908594814595,0.726980300327414,0.175230294350535,0.702137315512169,0.0485676579558058,0.942066907689325,4.88444935729722,5.4350429182045,1.31624537279185,1.14727737395621,1.14727737395621,0.479913204431673
"820",820,0.929648061702494,0.761903906257008,0.0956068354145391,0.0959736564112827,0.941077278100653,0.937119859244558,4.6720779299187,5.4350429182045,1.31624537279185,1.14727737395621,1.14727737395621,0.665022256697029
"821",821,0.175711167184287,0.0515227565354435,0.200274815083249,0.849652482948382,0.542560999510461,0.707534131014836,4.51918417222059,5.4350429182045,1.31624537279185,1.14727737395621,1.14727737395621,0.798288859149825
"822",822,0.0616150512873428,0.0715859845327213,0.290365391233936,0.239141879306408,0.0380915129407076,0.908183473902987,5.35661431170439,5.4350429182045,1.31624537279185,1.14727737395621,1.14727737395621,0.0683606321195556
"823",823,0.821485742348363,0.460268056848436,0.690963877535774,0.0461864919948857,0.266942642635317,0.253519211675506,5.14507060717959,5.4350429182045,1.31624537279185,1.14727737395621,1.14727737395621,0.252748217307716
"824",824,0.8723354249025,0.237598385174759,0.380545336953364,0.934516989035881,0.53240812097257,0.874560887164669,3.66581079057746,5.4350429182045,1.31624537279185,1.14727737395621,1.14727737395621,1.54211367520142
"825",825,0.385298955345526,0.741255546462722,0.665990798455081,0.692032099263626,0.286924507115385,0.334841081522405,6.27912930055359,5.4350429182045,1.31624537279185,1.14727737395621,1.14727737395621,-0.735730000007224
"826",826,0.0743844343475066,0.485849490401917,0.0500731799358036,0.199344032159308,0.199787531167734,0.698457015926018,6.4501594492837,5.4350429182045,1.31624537279185,1.14727737395621,1.14727737395621,-0.884804803200055
"827",827,0.626989111822564,0.363979255709331,0.895602814417798,0.94832148215652,0.678525643683388,0.487375530217658,4.806386719676,5.4350429182045,1.31624537279185,1.14727737395621,1.14727737395621,0.547954847536717
"828",828,0.979792668385548,0.723944505356718,0.287213008416584,0.175951569225057,0.209196281597135,0.713865452761063,4.73586105318604,5.4350429182045,1.31624537279185,1.14727737395621,1.14727737395621,0.609427049543772
"829",829,0.436431349049788,0.586934492203058,0.834954470303026,0.514210638627643,0.115432586299954,0.827643355191569,6.02362477698203,5.4350429182045,1.31624537279185,1.14727737395621,1.14727737395621,-0.513024898894236
"830",830,0.517137207716587,0.299470777685056,0.488286248610704,0.836603153503849,0.296975299297832,0.574377231319668,4.59641492787816,5.4350429182045,1.31624537279185,1.14727737395621,1.14727737395621,0.730972308321971
"831",831,0.499763259406202,0.717423460608115,0.0491103449497605,0.402813462376478,0.727265071223956,0.723133017417625,5.38014015621134,5.4350429182045,1.31624537279185,1.14727737395621,1.14727737395621,0.0478548285179168
"832",832,0.120939404113917,0.228768529318855,0.217817060595262,0.521457455103635,0.535491949021816,0.467178081515012,5.50428315170416,5.4350429182045,1.31624537279185,1.14727737395621,1.14727737395621,-0.0603517815930562
"833",833,0.773701288336539,0.769962732753251,0.815508206265164,0.478618987911148,0.298015020019957,0.474090931602521,5.60739549637891,5.4350429182045,1.31624537279185,1.14727737395621,1.14727737395621,-0.150227470781611
"834",834,0.521619416750618,0.189920914291171,0.915810468692565,0.0456503062541597,0.569465344915632,0.294552140692831,5.35929017859157,5.4350429182045,1.31624537279185,1.14727737395621,1.14727737395621,0.0660282694774227
"835",835,0.434983066269895,0.774024756701314,0.0690786173082888,0.0846462235390209,0.703326770440675,0.239202625430655,5.80596398534566,5.4350429182045,1.31624537279185,1.14727737395621,1.14727737395621,-0.323305484411408
"836",836,0.788344697102904,0.413676728733699,0.19326699919533,0.697149167466094,0.567880117851309,0.265554968252429,4.12664676223468,5.4350429182045,1.31624537279185,1.14727737395621,1.14727737395621,1.14043577052166
"837",837,0.1412183268402,0.263264227577369,0.770717243114836,0.397864538004156,0.102605043784366,0.672239565958851,6.17114366937087,5.4350429182045,1.31624537279185,1.14727737395621,1.14727737395621,-0.641606613950765
"838",838,0.761830513466033,0.879709560774965,0.557989966218593,0.842204912375426,0.863993974640267,0.631835113175679,5.41912809425021,5.4350429182045,1.31624537279185,1.14727737395621,1.14727737395621,0.0138718188953821
"839",839,0.0644890085125808,0.133663790765568,0.645590932751191,0.568517010191339,0.501909568892792,0.100237247633864,5.81799612800425,5.4350429182045,1.31624537279185,1.14727737395621,1.14727737395621,-0.333793046470702
"840",840,0.765258321748231,0.258325067572179,0.613696402182686,0.361359809347079,0.103250514641055,0.788209974236321,4.34150391821822,5.4350429182045,1.31624537279185,1.14727737395621,1.14727737395621,0.953160085616766
"841",841,0.0571107982716057,0.77097759710392,0.112543406348326,0.956087448604056,0.750154730231152,0.444610781731317,7.18578807812392,5.4350429182045,1.31624537279185,1.14727737395621,1.14727737395621,-1.52599990173452
"842",842,0.259140025526285,0.843429350545048,0.0712402540454641,0.359985078096739,0.621656531407614,0.309653591998038,6.48353026729004,5.4350429182045,1.31624537279185,1.14727737395621,1.14727737395621,-0.913891769232746
"843",843,0.173102399283671,0.947310777655453,0.756003992310027,0.726916086486075,0.881053762813448,0.173776653650333,7.58824033035987,5.4350429182045,1.31624537279185,1.14727737395621,1.14727737395621,-1.87678887515266
"844",844,0.917805452388711,0.460926452768268,0.473665049255127,0.310189683707897,0.338078231728519,0.739527918883716,4.44963834917011,5.4350429182045,1.31624537279185,1.14727737395621,1.14727737395621,0.858907001396161
"845",845,0.78901418971247,0.870735612108838,0.723980555753107,0.74698197361792,0.644649226885638,0.410989365482354,5.52517867439576,5.4350429182045,1.31624537279185,1.14727737395621,1.14727737395621,-0.0785649209488378
"846",846,0.293858329894952,0.0491374209927162,0.47249142459908,0.905032158952556,0.154633663750137,0.627985604842776,4.33281913527875,5.4350429182045,1.31624537279185,1.14727737395621,1.14727737395621,0.960729992543042
"847",847,0.31443268603296,0.945960225444869,0.659881981802639,0.0616980929283891,0.727882506666589,0.794754697371158,7.42732335594739,5.4350429182045,1.31624537279185,1.14727737395621,1.14727737395621,-1.73652900594807
"848",848,0.427672351267771,0.134376197275938,0.254303572753794,0.061471789414878,0.649924300095299,0.333880668529775,4.41168964884505,5.4350429182045,1.31624537279185,1.14727737395621,1.14727737395621,0.891984181497953
"849",849,0.440997890242143,0.70178683009441,0.370288267768919,0.677421757800505,0.656574729752378,0.369052496999037,5.75874404396435,5.4350429182045,1.31624537279185,1.14727737395621,1.14727737395621,-0.282147223599133
"850",850,0.488335468384903,0.803549745694269,0.859471012293594,0.140311487573315,0.724954832319054,0.390674539101659,6.75330314453687,5.4350429182045,1.31624537279185,1.14727737395621,1.14727737395621,-1.14903357832862
"851",851,0.56899307539023,0.0570363202127628,0.540198100650217,0.371655588740134,0.491901896046707,0.176625952233095,4.02848006087876,5.4350429182045,1.31624537279185,1.14727737395621,1.14727737395621,1.22600069456214
"852",852,0.646778806093382,0.357754808831611,0.710922244910267,0.0866240510664647,0.530230018044705,0.586287846785039,5.19715367089,5.4350429182045,1.31624537279185,1.14727737395621,1.14727737395621,0.207351119018565
"853",853,0.413813262848416,0.360588107877178,0.516130570205394,0.216724542198121,0.475504309780314,0.404596691928688,5.37209185289084,5.4350429182045,1.31624537279185,1.14727737395621,1.14727737395621,0.0548699614780889
"854",854,0.308938461515587,0.192663294374128,0.737783851203625,0.970604330085101,0.712247642874601,0.749141345650423,4.97783070890251,5.4350429182045,1.31624537279185,1.14727737395621,1.14727737395621,0.39851932904888
"855",855,0.824070620274986,0.779563777614618,0.137377263805014,0.837117574095959,0.142463309318409,0.672970817335416,4.76098937167978,5.4350429182045,1.31624537279185,1.14727737395621,1.14727737395621,0.587524483465014
"856",856,0.654471788588678,0.804049031180213,0.666866328779492,0.564653107100166,0.261788491237443,0.0579882533054333,5.7456690524451,5.4350429182045,1.31624537279185,1.14727737395621,1.14727737395621,-0.270750684439503
"857",857,0.485666978963534,0.0793624191823183,0.847827591132256,0.695974990062066,0.541266747243004,0.0358659089172725,4.38938521010084,5.4350429182045,1.31624537279185,1.14727737395621,1.14727737395621,0.911425372661077
"858",858,0.574961119826883,0.511232685948256,0.631416188286617,0.296342368466314,0.232064585897839,0.482428856980056,5.42246262581218,5.4350429182045,1.31624537279185,1.14727737395621,1.14727737395621,0.0109653451535776
"859",859,0.939236452391837,0.31353004629002,0.464275112003437,0.227145653296029,0.743284396348754,0.308025880389148,4.13538830305803,5.4350429182045,1.31624537279185,1.14727737395621,1.14727737395621,1.13281639178921
"860",860,0.0814563722417224,0.318527756125201,0.704480699539767,0.344114064872963,0.536819350935053,0.383708378421725,6.60538045724851,5.4350429182045,1.31624537279185,1.14727737395621,1.14727737395621,-1.02009990400864
"861",861,0.735948405600153,0.838159093118389,0.531833395262482,0.396449528510217,0.608487190867658,0.0850640657460317,5.58381904796958,5.4350429182045,1.31624537279185,1.14727737395621,1.14727737395621,-0.129677559361298
"862",862,0.659172206360498,0.145294960256666,0.610406218556571,0.401679950254387,0.301099394137971,0.424211005703197,4.18690476636244,5.4350429182045,1.31624537279185,1.14727737395621,1.14727737395621,1.08791315873166
"863",863,0.253015943322214,0.407863995303516,0.893721371124382,0.844657058460405,0.0816721502342261,0.700570255877101,6.0119413395584,5.4350429182045,1.31624537279185,1.14727737395621,1.14727737395621,-0.502841278360223
"864",864,0.702937174019171,0.7710053491625,0.896461796799791,0.946082801224547,0.382800637476146,0.580139746277244,5.56317349911342,5.4350429182045,1.31624537279185,1.14727737395621,1.14727737395621,-0.111682304399573
"865",865,0.405534239188652,0.116190083017922,0.361470021044952,0.547462294267141,0.725410486117704,0.92232935608062,4.29018631389364,5.4350429182045,1.31624537279185,1.14727737395621,1.14727737395621,0.997889987460484
"866",866,0.375235361614148,0.805680608357769,0.238960831906414,0.459676965051913,0.331903885687236,0.441660270071938,6.13615222693544,5.4350429182045,1.31624537279185,1.14727737395621,1.14727737395621,-0.611107064992725
"867",867,0.288738644805737,0.668341473959736,0.591870638517663,0.658651555426535,0.606452162441914,0.701041202596505,6.3908710350696,5.4350429182045,1.31624537279185,1.14727737395621,1.14727737395621,-0.833127313902368
"868",868,0.843446002227603,0.841465892326785,0.845339955215575,0.190516281226417,0.198117780169356,0.867527705651009,5.90681259193025,5.4350429182045,1.31624537279185,1.14727737395621,1.14727737395621,-0.41120803428636
"869",869,0.428905845372705,0.6729497358019,0.708907852323609,0.45680872734997,0.889277257893351,0.530396069088485,6.16089491942968,5.4350429182045,1.31624537279185,1.14727737395621,1.14727737395621,-0.632673508344534
"870",870,0.427367388652288,0.906783512563212,0.507040173094487,0.598996715784422,0.136831830718438,0.970756980569335,6.38503224174101,5.4350429182045,1.31624537279185,1.14727737395621,1.14727737395621,-0.828038053483629
"871",871,0.80292764078849,0.248900964593282,0.283217799710343,0.162681600450422,0.308804949950776,0.141212510205689,3.9934114424397,5.4350429182045,1.31624537279185,1.14727737395621,1.14727737395621,1.25656751234756
"872",872,0.0294017333341762,0.126006272964412,0.803180372238741,0.385684117873549,0.965317539968295,0.740454169159639,6.23805045192757,5.4350429182045,1.31624537279185,1.14727737395621,1.14727737395621,-0.699924492500032
"873",873,0.624911579939304,0.502229454954737,0.335095710076857,0.696977155450731,0.734427667090902,0.542217826247215,4.78277895684906,5.4350429182045,1.31624537279185,1.14727737395621,1.14727737395621,0.568532053505255
"874",874,0.667235662930412,0.40506518332893,0.471674985683756,0.190400844535208,0.919603484774358,0.30730815830396,4.85001114455982,5.4350429182045,1.31624537279185,1.14727737395621,1.14727737395621,0.509930542452247
"875",875,0.685898564397357,0.528282266090508,0.396887184029794,0.541101528687752,0.0497938489760272,0.0733631171507295,4.83247151463971,5.4350429182045,1.31624537279185,1.14727737395621,1.14727737395621,0.525218589020818
"876",876,0.0837490801999811,0.310082302733674,0.958089690102264,0.135082367061521,0.628520334929694,0.613143325277255,7.10635149792374,5.4350429182045,1.31624537279185,1.14727737395621,1.14727737395621,-1.45676069070899
"877",877,0.860472565272823,0.684920081030112,0.11037171379826,0.721127131573856,0.88399914503796,0.824220176584437,4.50191283867675,5.4350429182045,1.31624537279185,1.14727737395621,1.14727737395621,0.813343050870073
"878",878,0.223756323052337,0.760822283883928,0.916452585066319,0.838471392338746,0.113232226204011,0.946541439563269,7.04744175691107,5.4350429182045,1.31624537279185,1.14727737395621,1.14727737395621,-1.40541326387921
"879",879,0.328459186974564,0.780685830070404,0.31774488396605,0.102213097296655,0.625711989521864,0.497658197446726,6.50903223955124,5.4350429182045,1.31624537279185,1.14727737395621,1.14727737395621,-0.936120022696213
"880",880,0.826827413534396,0.657575113239582,0.357622853254434,0.436415896472405,0.771643142504385,0.683358624289394,4.82586818876051,5.4350429182045,1.31624537279185,1.14727737395621,1.14727737395621,0.53097423802872
"881",881,0.364622970562195,0.868161389229586,0.550864590365207,0.928826324944268,0.785280848490424,0.192396956002456,6.43375571683963,5.4350429182045,1.31624537279185,1.14727737395621,1.14727737395621,-0.870506837584726
"882",882,0.311731141002383,0.0727557675361168,0.667378239582526,0.147264322354808,0.697147253854317,0.240702535550692,5.00584200152574,5.4350429182045,1.31624537279185,1.14727737395621,1.14727737395621,0.374103879691035
"883",883,0.0783628258255776,0.895818784822361,0.174313260494848,0.230712390874978,0.85740080981655,0.164598066589446,7.56975482116454,5.4350429182045,1.31624537279185,1.14727737395621,1.14727737395621,-1.86067637296708
"884",884,0.418225506032119,0.395356203801697,0.274036837304826,0.786066736208159,0.350821203824715,0.889467104865587,4.95216579730587,5.4350429182045,1.31624537279185,1.14727737395621,1.14727737395621,0.420889605129666
"885",885,0.809587710341089,0.714787777455058,0.42641108499933,0.672497403945774,0.742853066875949,0.318426481422619,4.9529029081082,5.4350429182045,1.31624537279185,1.14727737395621,1.14727737395621,0.420247118126033
"886",886,0.808552031142986,0.294835736816633,0.237379357849364,0.816859035578673,0.966066920303856,0.601569905211101,3.81702441014799,5.4350429182045,1.31624537279185,1.14727737395621,1.14727737395621,1.41031152952753
"887",887,0.71157714270649,0.21774978562037,0.886700196802849,0.369475271387375,0.913769925878616,0.857305594258942,4.62084665303621,5.4350429182045,1.31624537279185,1.14727737395621,1.14727737395621,0.709676913056046
"888",888,0.0468747764604632,0.754533088341006,0.0672075420570327,0.104341598742991,0.467781069499324,0.118947522010538,7.33883713057589,5.4350429182045,1.31624537279185,1.14727737395621,1.14727737395621,-1.65940186356718
"889",889,0.0873901714474196,0.89132862200879,0.239575038763112,0.626113727546879,0.229283737959806,0.26848179644777,7.45628915347795,5.4350429182045,1.31624537279185,1.14727737395621,1.14727737395621,-1.76177642927228
"890",890,0.162632315423572,0.794693797762739,0.382947921489133,0.871021893425495,0.592958709190134,0.790504054162535,6.94514782056742,5.4350429182045,1.31624537279185,1.14727737395621,1.14727737395621,-1.31625092296168
"891",891,0.370175122398301,0.569785195072531,0.0833889353169361,0.553018844720675,0.891115203332854,0.391957614099258,5.43046922865673,5.4350429182045,1.31624537279185,1.14727737395621,1.14727737395621,0.00398655952919044
"892",892,0.90443398714019,0.913906958578853,0.165617945147678,0.416155603109044,0.774646000945009,0.255239414069918,4.97500988724455,5.4350429182045,1.31624537279185,1.14727737395621,1.14727737395621,0.400978038443831
"893",893,0.698256737490068,0.505533067989978,0.79786765948066,0.429839114315459,0.66626590409549,0.203960481508519,5.22422615518135,5.4350429182045,1.31624537279185,1.14727737395621,1.14727737395621,0.183753962039869
"894",894,0.539949227859615,0.867202286443324,0.574412938845227,0.920612171120243,0.0688165356781101,0.0608851546227233,5.92765236678716,5.4350429182045,1.31624537279185,1.14727737395621,1.14727737395621,-0.429372582223923
"895",895,0.256752560762339,0.354628894818132,0.766729933007387,0.838774293346098,0.602397175976541,0.377750891438802,5.74444305241404,5.4350429182045,1.31624537279185,1.14727737395621,1.14727737395621,-0.269682067504409
"896",896,0.883287312235334,0.890636350105633,0.0861559260375798,0.655936978287878,0.508962254808983,0.735096162650385,4.83925176572214,5.4350429182045,1.31624537279185,1.14727737395621,1.14727737395621,0.519308726910447
"897",897,0.470959959994303,0.919272100053611,0.265412407422671,0.63981328482565,0.0395010632704943,0.399673521611374,6.04030031261774,5.4350429182045,1.31624537279185,1.14727737395621,1.14727737395621,-0.527559775999157
"898",898,0.896815165595268,0.721904480232624,0.636828482981189,0.671922694007517,0.588499835190596,0.834711914035608,4.99056861355954,5.4350429182045,1.31624537279185,1.14727737395621,1.14727737395621,0.387416604506248
"899",899,0.338122982862173,0.0238157867793925,0.404181244376465,0.614934736736934,0.720751812508563,0.533279918865184,4.15218954040866,5.4350429182045,1.31624537279185,1.14727737395621,1.14727737395621,1.11817194944943
"900",900,0.913075813943753,0.389372953964979,0.0668019976895303,0.135779894304695,0.927521287118085,0.770647894271417,3.87633674862198,5.4350429182045,1.31624537279185,1.14727737395621,1.14727737395621,1.35861318715592
"901",901,0.711296275166213,0.0584197851305362,0.900131045490154,0.0888289683328476,0.75148256749555,0.700000688473461,4.52428229160447,5.4350429182045,1.31624537279185,1.14727737395621,1.14727737395621,0.793845191472235
"902",902,0.218050610371167,0.541024398624431,0.535322467599879,0.264529484177241,0.568443981446326,0.822655747702578,6.51239212258736,5.4350429182045,1.31624537279185,1.14727737395621,1.14727737395621,-0.939048593512994
"903",903,0.0998696858434705,0.118292436120333,0.378272867988911,0.0939986911885207,0.304867461260641,0.249081747031421,5.58609479249189,5.4350429182045,1.31624537279185,1.14727737395621,1.14727737395621,-0.13166116382694
"904",904,0.237277952350094,0.520985483136261,0.0402453047444578,0.827956948744599,0.717871729390812,0.566639868578292,5.69533687323229,5.4350429182045,1.31624537279185,1.14727737395621,1.14727737395621,-0.226879707502821
"905",905,0.608177069878089,0.638109422317706,0.826661643569358,0.242948484905181,0.88503795775352,0.0335894610650139,5.93421610833356,5.4350429182045,1.31624537279185,1.14727737395621,1.14727737395621,-0.435093728387354
"906",906,0.766375507010729,0.468387622331735,0.833360825194744,0.657340444981703,0.065634902925347,0.258405264688074,4.88752437980626,5.4350429182045,1.31624537279185,1.14727737395621,1.14727737395621,0.477232926254099
"907",907,0.81011661052797,0.889587990459753,0.364266464356333,0.31746805143659,0.684435280451435,0.457264322930016,5.37311689293812,5.4350429182045,1.31624537279185,1.14727737395621,1.14727737395621,0.0539765070523769
"908",908,0.561157019548584,0.152663965199492,0.643931244475534,0.846018977316795,0.377747411167365,0.952564876653021,4.19590100119306,5.4350429182045,1.31624537279185,1.14727737395621,1.14727737395621,1.08007178136744
"909",909,0.665405669499072,0.209352483762661,0.751918743338203,0.674537191421841,0.614864228536491,0.42290556233516,4.33495569560904,5.4350429182045,1.31624537279185,1.14727737395621,1.14727737395621,0.958867705027581
"910",910,0.755602002617437,0.141429537233547,0.886256565538584,0.315173197875731,0.68059243064234,0.0216862416828517,4.4211287588075,5.4350429182045,1.31624537279185,1.14727737395621,1.14727737395621,0.883756781414308
"911",911,0.584038149312255,0.312026892272523,0.943820960127399,0.462447412130423,0.49769191455422,0.0787200375935063,5.11854278236448,5.4350429182045,1.31624537279185,1.14727737395621,1.14727737395621,0.275870633401074
"912",912,0.796739817572292,0.120097342704888,0.0526956084495177,0.283938507948304,0.125016542860889,0.734602369618835,3.31945915032711,5.4350429182045,1.31624537279185,1.14727737395621,1.14727737395621,1.8440037395509
"913",913,0.056887353692553,0.71768412141141,0.866820821844856,0.344577607959276,0.856713408496114,0.905643848171923,8.02614830928584,5.4350429182045,1.31624537279185,1.14727737395621,1.14727737395621,-2.25848208105622
"914",914,0.244868870822014,0.0658101913937135,0.127141448408132,0.393854798389948,0.781580168117885,0.442454315047478,4.37225208094841,5.4350429182045,1.31624537279185,1.14727737395621,1.14727737395621,0.926359101453573
"915",915,0.48232612673426,0.561045465967851,0.300707882534363,0.337235600660089,0.51281494411896,0.0861061596912332,5.37703125373787,5.4350429182045,1.31624537279185,1.14727737395621,1.14727737395621,0.0505646374482096
"916",916,0.353334944178234,0.640715523103951,0.395654618529836,0.412866175055271,0.830931269756868,0.897424229940632,6.01923767445607,5.4350429182045,1.31624537279185,1.14727737395621,1.14727737395621,-0.509200973986843
"917",917,0.257385345281917,0.0259533224280458,0.109621724685188,0.358867156486609,0.116722038981505,0.67637626854179,4.16782257050932,5.4350429182045,1.31624537279185,1.14727737395621,1.14727737395621,1.10454575019236
"918",918,0.0285562600094127,0.798193130422733,0.536484004607075,0.0815124189758208,0.872510114860372,0.716167102815933,8.21100263069161,5.4350429182045,1.31624537279185,1.14727737395621,1.14727737395621,-2.41960643128055
"919",919,0.616830975025427,0.546878346171812,0.901919063100824,0.907954927525483,0.32884388414456,0.351041865770938,5.29995885487039,5.4350429182045,1.31624537279185,1.14727737395621,1.14727737395621,0.117743159937247
"920",920,0.34498725337768,0.877599205343751,0.449792553855106,0.152280273409095,0.59415488607157,0.0897122430307791,6.80460061714817,5.4350429182045,1.31624537279185,1.14727737395621,1.14727737395621,-1.19374593279127
"921",921,0.631022754834848,0.729873855443671,0.53381310643279,0.958688135613804,0.765387825035723,0.330715405704104,5.36375797721641,5.4350429182045,1.31624537279185,1.14727737395621,1.14727737395621,0.0621340075262491
"922",922,0.921068747345358,0.813890695788781,0.408124133098405,0.311313001796836,0.231062687482219,0.379094284701976,5.07781077102897,5.4350429182045,1.31624537279185,1.14727737395621,1.14727737395621,0.311373827537163
"923",923,0.121455886121956,0.823302271892666,0.823229276928236,0.342368988797767,0.330224665283575,0.800225704868673,7.88970424217985,5.4350429182045,1.31624537279185,1.14727737395621,1.14727737395621,-2.13955350266416
"924",924,0.13608461059886,0.473034612269606,0.337040128433378,0.164027247196529,0.960965332158841,0.333037289606989,6.50208629998243,5.4350429182045,1.31624537279185,1.14727737395621,1.14727737395621,-0.930065741729391
"925",925,0.675379458398209,0.0774809413609328,0.513485845454969,0.912331923689926,0.939032235814491,0.144651088400278,3.64988923476405,5.4350429182045,1.31624537279185,1.14727737395621,1.14727737395621,1.55599136177908
"926",926,0.718044893991551,0.0905249481196515,0.280694856839487,0.386865519391373,0.85951596938516,0.424584352267208,3.58050372030974,5.4350429182045,1.31624537279185,1.14727737395621,1.14727737395621,1.61646977443621
"927",927,0.304857200435596,0.0758622440531617,0.15412622091989,0.457862747613923,0.969476432811585,0.0267874654898187,4.24684798086226,5.4350429182045,1.31624537279185,1.14727737395621,1.14727737395621,1.0356649266471
"928",928,0.0622049224955263,0.288761384672136,0.0880967065010918,0.0492619692025473,0.658779453506577,0.165254386490677,6.00519118891953,5.4350429182045,1.31624537279185,1.14727737395621,1.14727737395621,-0.496957652663332
"929",929,0.798779185614549,0.949343795172521,0.106785558053292,0.627515435623238,0.216532448058599,0.810512493584887,5.13616435213386,5.4350429182045,1.31624537279185,1.14727737395621,1.14727737395621,0.260511165700064
"930",930,0.399423319620895,0.0898098859919701,0.814972513123997,0.363680592195131,0.17787625250069,0.330106565853348,4.80475226298966,5.4350429182045,1.31624537279185,1.14727737395621,1.14727737395621,0.549379487055845
"931",931,0.480619856292498,0.651588842548081,0.829551163147087,0.0773982709923293,0.136343153013033,0.371989412942552,6.49150505425276,5.4350429182045,1.31624537279185,1.14727737395621,1.14727737395621,-0.920842823218253
"932",932,0.115282798922039,0.667422610474983,0.391058936645277,0.26996349798725,0.264650560083217,0.131518258150318,7.11867431083178,5.4350429182045,1.31624537279185,1.14727737395621,1.14727737395621,-1.46750160932882
"933",933,0.873220247935853,0.243865761031164,0.557411399941891,0.0403718827188713,0.645710396674112,0.75414724620292,4.35541707601394,5.4350429182045,1.31624537279185,1.14727737395621,1.14727737395621,0.941032976591908
"934",934,0.592035744769615,0.589807675507967,0.746790305591887,0.768891228345223,0.126302415202139,0.76594611442578,5.39024572354955,5.4350429182045,1.31624537279185,1.14727737395621,1.14727737395621,0.039046524992011
"935",935,0.898342975132517,0.135409870353993,0.732950106840115,0.780924692865345,0.523151546439622,0.209951202116208,3.71987587484541,5.4350429182045,1.31624537279185,1.14727737395621,1.14727737395621,1.49498899071338
"936",936,0.300977353578084,0.453185225306195,0.402652819465147,0.220654405286419,0.133304535771138,0.85107468330604,5.83392551722795,5.4350429182045,1.31624537279185,1.14727737395621,1.14727737395621,-0.347677560874372
"937",937,0.611082475413335,0.720165628816467,0.843166848831694,0.117975048182416,0.840554766674759,0.846884429756668,6.25900000803308,5.4350429182045,1.31624537279185,1.14727737395621,1.14727737395621,-0.718184728935506
"938",938,0.914937498949119,0.655616217105649,0.721692775785457,0.398465412070043,0.330767214817111,0.760186380023253,5.07576564319635,5.4350429182045,1.31624537279185,1.14727737395621,1.14727737395621,0.313156419854457
"939",939,0.731481175971217,0.115441637222189,0.299552687708172,0.412472454806557,0.100538793275948,0.530571722719003,3.64086052453243,5.4350429182045,1.31624537279185,1.14727737395621,1.14727737395621,1.56386104563808
"940",940,0.786690427953377,0.31944402539148,0.384059537023772,0.978937391898478,0.114005957347923,0.224249006362515,3.99956520246924,5.4350429182045,1.31624537279185,1.14727737395621,1.14727737395621,1.25120371788144
"941",941,0.972294164802879,0.363354655382107,0.831866520796786,0.939816751899547,0.129331647886313,0.516583978019538,4.1705795203012,5.4350429182045,1.31624537279185,1.14727737395621,1.14727737395621,1.10214271335535
"942",942,0.317564499490429,0.091692292716587,0.466660302828881,0.351883192416281,0.946288811950362,0.213803890506155,4.64685636733148,5.4350429182045,1.31624537279185,1.14727737395621,1.14727737395621,0.687006097013035
"943",943,0.936257393814274,0.380321058533271,0.864978947611526,0.366231598618091,0.288867637139629,0.138255654806271,4.65845437896528,5.4350429182045,1.31624537279185,1.14727737395621,1.14727737395621,0.676896936057645
"944",944,0.343683250094648,0.898776263155392,0.45404618376994,0.860399851265014,0.377412574272137,0.936125583243556,6.50690083196788,5.4350429182045,1.31624537279185,1.14727737395621,1.14727737395621,-0.934262226463373
"945",945,0.82026910325163,0.0867238413240993,0.0859029251604807,0.270647557138349,0.771249096085317,0.900483577349922,3.23811805605022,5.4350429182045,1.31624537279185,1.14727737395621,1.14727737395621,1.9149029798945
"946",946,0.608925778204459,0.718495784231927,0.49729696351965,0.868752952270443,0.40613760233135,0.280157838215586,5.39246457592191,5.4350429182045,1.31624537279185,1.14727737395621,1.14727737395621,0.0371125093627233
"947",947,0.78015171992674,0.455191316742683,0.702611154795857,0.769165670005372,0.463296436939971,0.591373104164726,4.65278849074659,5.4350429182045,1.31624537279185,1.14727737395621,1.14727737395621,0.681835487403038
"948",948,0.746484294015565,0.88380325609399,0.284108229116653,0.0291296442861203,0.677287331211264,0.295673482265323,5.57254973328008,5.4350429182045,1.31624537279185,1.14727737395621,1.14727737395621,-0.119854900128823
"949",949,0.925770547371008,0.317840771114104,0.297056511177681,0.387996542072622,0.896392874797341,0.928761365056969,3.87588464768077,5.4350429182045,1.31624537279185,1.14727737395621,1.14727737395621,1.3590072513565
"950",950,0.395315095249913,0.467450833201408,0.77994315358391,0.540750926526496,0.90431937974249,0.826899627660518,5.77284462504843,5.4350429182045,1.31624537279185,1.14727737395621,1.14727737395621,-0.294437696159798
"951",951,0.294804909242434,0.562174265231588,0.66861265406094,0.897588610435487,0.0521364987174747,0.837045238908613,6.07448846840472,5.4350429182045,1.31624537279185,1.14727737395621,1.14727737395621,-0.557359157180264
"952",952,0.688705289813923,0.110601237798692,0.33271435808239,0.0791095424472587,0.835291989300051,0.733824545252835,3.91739289454554,5.4350429182045,1.31624537279185,1.14727737395621,1.14727737395621,1.32282746797802
"953",953,0.847953438222408,0.936902809526189,0.867289565776708,0.578996854699799,0.826010773978196,0.957817567568389,5.74691595672011,5.4350429182045,1.31624537279185,1.14727737395621,1.14727737395621,-0.271837522115653
"954",954,0.938241219395422,0.553645752706565,0.487331255865749,0.0559229681182187,0.631666021433659,0.493848636207287,4.83729630212463,5.4350429182045,1.31624537279185,1.14727737395621,1.14727737395621,0.521013165298147
"955",955,0.533520678866771,0.102977748396457,0.086599499270902,0.670364580923808,0.297159715725807,0.139913096924429,3.67676893176968,5.4350429182045,1.31624537279185,1.14727737395621,1.14727737395621,1.53256224375077
"956",956,0.384779851445113,0.938644258990767,0.587514389614342,0.850387809034204,0.14449440407427,0.480821322424919,6.55945710655068,5.4350429182045,1.31624537279185,1.14727737395621,1.14727737395621,-0.980071788977072
"957",957,0.87480084779975,0.678079223358305,0.659444034680491,0.464755501360516,0.969532979544951,0.730521513484651,5.07869897369718,5.4350429182045,1.31624537279185,1.14727737395621,1.14727737395621,0.310599644511878
"958",958,0.637906952867866,0.902342640609364,0.296203811450745,0.931206493644393,0.915072756630718,0.483526775548817,5.51341798959436,5.4350429182045,1.31624537279185,1.14727737395621,1.14727737395621,-0.068313969375684
"959",959,0.199613952191896,0.654187582057784,0.355663416484371,0.527908505835803,0.0446166394943139,0.227520407201489,6.54300276915936,5.4350429182045,1.31624537279185,1.14727737395621,1.14727737395621,-0.96572971463233
"960",960,0.602568773995154,0.185093618660467,0.3885662997904,0.139273104484077,0.0364983362958301,0.105812173948972,4.32841298141718,5.4350429182045,1.31624537279185,1.14727737395621,1.14727737395621,0.964570523143219
"961",961,0.885241696570301,0.117577204330009,0.716746785933501,0.704252122006495,0.968223946964485,0.109084634540137,3.71713719723789,5.4350429182045,1.31624537279185,1.14727737395621,1.14727737395621,1.49737610098827
"962",962,0.090893650071579,0.950944441441563,0.0992765137538081,0.262980538971489,0.0966698070735438,0.236840727052884,7.51345148566931,5.4350429182045,1.31624537279185,1.14727737395621,1.14727737395621,-1.81160076424913
"963",963,0.324085704460042,0.488136213511694,0.744963777389145,0.0984872620559763,0.366514765561558,0.15039072374336,6.42649249576819,5.4350429182045,1.31624537279185,1.14727737395621,1.14727737395621,-0.864176004922705
"964",964,0.609064233026467,0.623469003563048,0.206593453619629,0.935980243868544,0.0679967510084389,0.785825582162593,4.93712123582305,5.4350429182045,1.31624537279185,1.14727737395621,1.14727737395621,0.434002878191909
"965",965,0.443301733502303,0.404267641236889,0.878272974225227,0.0747641413453966,0.263034664178616,0.907346853358205,6.05209424550272,5.4350429182045,1.31624537279185,1.14727737395621,1.14727737395621,-0.537839707559483
"966",966,0.665991830994957,0.786220353071927,0.538390180252376,0.173762229264132,0.0264413303001784,0.562198874733644,5.79784901816034,5.4350429182045,1.31624537279185,1.14727737395621,1.14727737395621,-0.316232245306781
"967",967,0.355281772217015,0.385382573215873,0.904100474156905,0.926828228136292,0.884177488645772,0.355238433243358,5.57434041044767,5.4350429182045,1.31624537279185,1.14727737395621,1.14727737395621,-0.12141570591846
"968",968,0.125133940052823,0.104944225816638,0.457292983557796,0.355157540072221,0.217695777774905,0.453123695868999,5.34509603373119,5.4350429182045,1.31624537279185,1.14727737395621,1.14727737395621,0.0784002949200872
"969",969,0.076655297129415,0.131017189871985,0.0988910448029637,0.941997501506936,0.690358596578357,0.490421392753953,5.15712191724086,5.4350429182045,1.31624537279185,1.14727737395621,1.14727737395621,0.242243948388237
"970",970,0.71203134507034,0.519377945500775,0.319567995522171,0.0673119530541589,0.941894226137665,0.600521802318399,4.91372767536505,5.4350429182045,1.31624537279185,1.14727737395621,1.14727737395621,0.454393379206786
"971",971,0.200343485174933,0.697973537171725,0.0574840110942023,0.280125638972386,0.84605202154757,0.992661018022452,6.3990388596417,5.4350429182045,1.31624537279185,1.14727737395621,1.14727737395621,-0.840246625027571
"972",972,0.93137866518111,0.119111616843729,0.94460681436141,0.454091596439946,0.527922511349549,0.595664746521972,4.03341040009444,5.4350429182045,1.31624537279185,1.14727737395621,1.14727737395621,1.22170326891111
"973",973,0.57340559836477,0.106605050323298,0.674147598274401,0.587668473346042,0.555439837315236,0.755702351967688,4.17748426412745,5.4350429182045,1.31624537279185,1.14727737395621,1.14727737395621,1.09612433978415
"974",974,0.479154213311849,0.225779500862351,0.131568270849413,0.0454853021848248,0.141977806611336,0.3392414911089,4.40225252052661,5.4350429182045,1.31624537279185,1.14727737395621,1.14727737395621,0.900209854323607
"975",975,0.692579893437214,0.382277202579076,0.420929251192603,0.195045447804616,0.422459472085815,0.529635511541041,4.67272344256144,5.4350429182045,1.31624537279185,1.14727737395621,1.14727737395621,0.664459609287262
"976",976,0.313840494320146,0.229958886523382,0.294506985114189,0.918079790394055,0.0224035000987351,0.777565671809483,4.7595814638135,5.4350429182045,1.31624537279185,1.14727737395621,1.14727737395621,0.588751656508116
"977",977,0.521275088009075,0.544613776019192,0.117618583847187,0.410475129001541,0.300849455393502,0.973649879757199,4.99864477187199,5.4350429182045,1.31624537279185,1.14727737395621,1.14727737395621,0.380377192332886
"978",978,0.0309124968636315,0.578783806879772,0.646330664871144,0.220093585785711,0.164743676065933,0.92641624800011,7.67860562357962,5.4350429182045,1.31624537279185,1.14727737395621,1.14727737395621,-1.95555386718605
"979",979,0.35589660029707,0.407124402761343,0.87392837428418,0.235019117125659,0.959020778485807,0.887332091998891,6.09738517853691,5.4350429182045,1.31624537279185,1.14727737395621,1.14727737395621,-0.577316589142191
"980",980,0.457223117426038,0.155311595781357,0.963009273266885,0.862565481518628,0.525526547516231,0.741622494578012,4.68106435317856,5.4350429182045,1.31624537279185,1.14727737395621,1.14727737395621,0.657189431380452
"981",981,0.803926530450117,0.55837675293663,0.201245413850411,0.481657636258984,0.367680683859857,0.524166721757967,4.48262649900831,5.4350429182045,1.31624537279185,1.14727737395621,1.14727737395621,0.83015357995942
"982",982,0.271530447677476,0.44073768823524,0.890274028855842,0.78291338124976,0.634114694669261,0.0740850715931738,6.08106119427337,5.4350429182045,1.31624537279185,1.14727737395621,1.14727737395621,-0.56308813433771
"983",983,0.209794871842838,0.379429145031376,0.361779192385613,0.703229047640692,0.289597912587225,0.520782591394265,5.70214092505266,5.4350429182045,1.31624537279185,1.14727737395621,1.14727737395621,-0.232810315021827
"984",984,0.341876202415093,0.175485184501973,0.0903907550650183,0.0798923362242058,0.715892253391095,0.853244285646826,4.52552027964359,5.4350429182045,1.31624537279185,1.14727737395621,1.14727737395621,0.792766125444068
"985",985,0.158561157953111,0.370161226950586,0.153974876385531,0.401330557156587,0.337512298262445,0.132518840603996,5.77607996598463,5.4350429182045,1.31624537279185,1.14727737395621,1.14727737395621,-0.297257712495555
"986",986,0.532132763154572,0.412691500350949,0.80274929366319,0.66787349513208,0.907350706523168,0.200051071962574,5.21420124898509,5.4350429182045,1.31624537279185,1.14727737395621,1.14727737395621,0.192491958991461
"987",987,0.772732053875574,0.43093122457061,0.0357133340982255,0.353074475417496,0.66940032459388,0.2422207195675,4.10990667054478,5.4350429182045,1.31624537279185,1.14727737395621,1.14727737395621,1.15502691654259
"988",988,0.0416280128514627,0.96980863182398,0.446631671379902,0.241672165603261,0.0854144556409447,0.656129910396878,8.23996313868437,5.4350429182045,1.31624537279185,1.14727737395621,1.14727737395621,-2.44484924409128
"989",989,0.872520515615819,0.904453052238794,0.909995880093309,0.229799485077849,0.354552490589325,0.561776597740827,6.00295039257855,5.4350429182045,1.31624537279185,1.14727737395621,1.14727737395621,-0.495004510039023
"990",990,0.964283015868976,0.45185983788583,0.617827794639161,0.468609923406271,0.655768455494428,0.179038150059874,4.42827339186869,5.4350429182045,1.31624537279185,1.14727737395621,1.14727737395621,0.87752931347728
"991",991,0.552341737875831,0.909555569901015,0.621378146733157,0.444550548223197,0.235234774943441,0.33954731526121,6.22514472718606,5.4350429182045,1.31624537279185,1.14727737395621,1.14727737395621,-0.688675491138655
"992",992,0.642509706578916,0.759882382059586,0.929178119082004,0.678100266969996,0.43661399673915,0.815548803602811,5.84535223683393,5.4350429182045,1.31624537279185,1.14727737395621,1.14727737395621,-0.357637418765212
"993",993,0.528704298025114,0.533888517403742,0.710397058060393,0.807729321970372,0.861541299738805,0.71111179234297,5.36752817407202,5.4350429182045,1.31624537279185,1.14727737395621,1.14727737395621,0.0588477953676241
"994",994,0.0911245759493904,0.996130958942929,0.629843828965328,0.323169063567882,0.638278210662887,0.372317996561993,8.19077621223891,5.4350429182045,1.31624537279185,1.14727737395621,1.14727737395621,-2.40197650244917
"995",995,0.598339395703399,0.852741997314384,0.223982202978339,0.660047084561084,0.546722391885123,0.220512664814945,5.51771886632186,5.4350429182045,1.31624537279185,1.14727737395621,1.14727737395621,-0.0720627373938915
"996",996,0.962483052632771,0.141702025153558,0.588736632773653,0.548706267152913,0.212193917136756,0.322921262736549,3.63468991967501,5.4350429182045,1.31624537279185,1.14727737395621,1.14727737395621,1.56923952254131
"997",997,0.845566965443548,0.212790135222836,0.433994025851251,0.783093104743515,0.162685315263574,0.695785986687406,3.72768534659767,5.4350429182045,1.31624537279185,1.14727737395621,1.14727737395621,1.48818203022628
"998",998,0.164351025462965,0.307597203786136,0.498165797663154,0.590732960572583,0.905836461351719,0.661862834703526,5.8281365550547,5.4350429182045,1.31624537279185,1.14727737395621,1.14727737395621,-0.342631734725733
"999",999,0.411832114482299,0.339828427792643,0.683684326614835,0.532907901149243,0.144668748690048,0.0522214509900659,5.30382457707308,5.4350429182045,1.31624537279185,1.14727737395621,1.14727737395621,0.114373685135038
"1000",1000,0.118372072829749,0.0185250947626773,0.841669534979155,0.78697594912746,0.0961594979284564,0.72040391257999,5.1503648410399,5.4350429182045,1.31624537279185,1.14727737395621,1.14727737395621,0.248133610604497
"1001",1001,0.915932415538351,0.9119700650624,0.652041831045295,0.89888772026205,0.913255427632597,0.2305384936271,5.23414147569501,5.4350429182045,1.31624537279185,1.14727737395621,1.14727737395621,0.175111483125229
"1002",1002,0.0320831564476248,0.515579756953055,0.48137795710715,0.122762184708961,0.822316250431002,0.865186162631726,7.37343106317504,5.4350429182045,1.31624537279185,1.14727737395621,1.14727737395621,-1.68955493150388
"1003",1003,0.119850844047382,0.197342184572131,0.215221991875791,0.380881583978189,0.554375568194548,0.884722556608496,5.43646081645238,5.4350429182045,1.31624537279185,1.14727737395621,1.14727737395621,-0.00123588094742096
"1004",1004,0.0712992671417305,0.454593450698303,0.937246793228318,0.387479908357956,0.118136815282633,0.31429158323945,7.30171531526967,5.4350429182045,1.31624537279185,1.14727737395621,1.14727737395621,-1.62704542026157
"1005",1005,0.457978626880329,0.491978871681611,0.0650921050501056,0.418965148806106,0.234522863351274,0.184422433355707,4.98320397771159,5.4350429182045,1.31624537279185,1.14727737395621,1.14727737395621,0.393835833208156
"1006",1006,0.803349772493937,0.916938622720889,0.884141767692752,0.985737314423081,0.192302895124769,0.244595671659452,5.60765217109681,5.4350429182045,1.31624537279185,1.14727737395621,1.14727737395621,-0.150451195857802
"1007",1007,0.673159448101767,0.149380482486449,0.231650952313445,0.757318863936001,0.302976241406752,0.993897732606973,3.66261552792428,5.4350429182045,1.31624537279185,1.14727737395621,1.14727737395621,1.54489875815146
"1008",1008,0.677435824918561,0.82781376611907,0.226871072796057,0.246007669304381,0.239840388322365,0.549958132777712,5.41339581730861,5.4350429182045,1.31624537279185,1.14727737395621,1.14727737395621,0.0188682365636165
"1009",1009,0.0487173602076946,0.200002358665224,0.717978458558558,0.141021089066169,0.993394379974692,0.394709536277922,6.56580236409531,5.4350429182045,1.31624537279185,1.14727737395621,1.14727737395621,-0.985602498192359
"1010",1010,0.285399725249037,0.335955942203058,0.155764924501302,0.98133386762708,0.70710155065381,0.223841464695055,5.06833557490712,5.4350429182045,1.31624537279185,1.14727737395621,1.14727737395621,0.319632681356598
"1011",1011,0.501906153030111,0.745666879419936,0.331725475499756,0.307703861858812,0.0899535298927222,0.000425476802862249,5.79691021689537,5.4350429182045,1.31624537279185,1.14727737395621,1.14727737395621,-0.315413959087353
"1012",1012,0.963507906862069,0.432172907721368,0.707232374153682,0.251834401550004,0.537882333267247,0.726165649536531,4.64107018087945,5.4350429182045,1.31624537279185,1.14727737395621,1.14727737395621,0.692049503763119
"1013",1013,0.0244841484467033,0.727256938502775,0.968353652654798,0.940866908184136,0.650493348744465,0.59467881978408,7.92455557189698,5.4350429182045,1.31624537279185,1.14727737395621,1.14727737395621,-2.16993092534177
"1014",1014,0.313461626678705,0.919806785112713,0.141842462302302,0.192759247514652,0.181316717385547,0.00568034732982051,6.57703109530348,5.4350429182045,1.31624537279185,1.14727737395621,1.14727737395621,-0.995389783693727
"1015",1015,0.560723390221247,0.987457130094525,0.829295888382709,0.794626862833858,0.798416019486263,0.653357813033392,6.34629484802358,5.4350429182045,1.31624537279185,1.14727737395621,1.14727737395621,-0.794273425507179
"1016",1016,0.44190739364794,0.263692687158007,0.798149290264933,0.607146780539886,0.172936592977843,0.885589366960688,5.04999885383394,5.4350429182045,1.31624537279185,1.14727737395621,1.14727737395621,0.335615495529904
"1017",1017,0.0843285743049346,0.188989608514821,0.916655487101409,0.724630507120979,0.269711743364111,0.41550266641262,6.08759837672289,5.4350429182045,1.31624537279185,1.14727737395621,1.14727737395621,-0.568786130827415
"1018",1018,0.274440670487587,0.214151599594275,0.155311130742077,0.0198530441732146,0.39535411088902,0.185479452446802,4.99073754835857,5.4350429182045,1.31624537279185,1.14727737395621,1.14727737395621,0.387269356070199
"1019",1019,0.583069443952758,0.170861068269121,0.393531900150352,0.927669678797945,0.895533633587533,0.71538778395066,3.98321385775977,5.4350429182045,1.31624537279185,1.14727737395621,1.14727737395621,1.26545602083855
"1020",1020,0.893755178544554,0.402112801884534,0.875297092683381,0.95062590666255,0.711325715224375,0.12319998194871,4.41404218391845,5.4350429182045,1.31624537279185,1.14727737395621,1.14727737395621,0.889933644176461
"1021",1021,0.383329545506975,0.782217692586361,0.903826110445894,0.348512722138315,0.836765874194796,0.163288293439662,6.85248896817179,5.4350429182045,1.31624537279185,1.14727737395621,1.14727737395621,-1.23548679869755
"1022",1022,0.598825184692745,0.970496411901317,0.715482227295172,0.558988729747129,0.495239136375487,0.172622048361576,6.24715145211271,5.4350429182045,1.31624537279185,1.14727737395621,1.14727737395621,-0.707857186364425
"1023",1023,0.196906866564648,0.719101266440586,0.0423851541914046,0.340108286310919,0.862552821215009,0.472099786058068,6.4324843811318,5.4350429182045,1.31624537279185,1.14727737395621,1.14727737395621,-0.869398704768121
"1024",1024,0.342303643605206,0.659023787815939,0.423192039875314,0.824225152675062,0.40063030870806,0.54818162403279,5.97457112055569,5.4350429182045,1.31624537279185,1.14727737395621,1.14727737395621,-0.470268319238886
"1025",1025,0.274809003764996,0.202281726017361,0.269177997850114,0.347279285726137,0.879289034552989,0.694701274219318,4.9364110877351,5.4350429182045,1.31624537279185,1.14727737395621,1.14727737395621,0.43462186371718
"1026",1026,0.974094900384778,0.25074804406031,0.176019220485701,0.0829265288680326,0.490882415943895,0.692403164593619,3.64553065149246,5.4350429182045,1.31624537279185,1.14727737395621,1.14727737395621,1.55979042848303
"1027",1027,0.945151089531835,0.230769487193902,0.162104697817238,0.802211259128409,0.253502777912538,0.480051790520782,3.40342453760201,5.4350429182045,1.31624537279185,1.14727737395621,1.14727737395621,1.77081708985227
"1028",1028,0.782661137171206,0.561813650355092,0.821781526291044,0.383689418655471,0.0207738193450496,0.887598961392185,5.2382938206955,5.4350429182045,1.31624537279185,1.14727737395621,1.14727737395621,0.171492179637903
"1029",1029,0.351758072025608,0.222059202592005,0.143315988910268,0.460594184526475,0.632275115947123,0.172152823408134,4.59378112047116,5.4350429182045,1.31624537279185,1.14727737395621,1.14727737395621,0.733268010709893
"1030",1030,0.936911548604607,0.847796917880536,0.704820976715419,0.121262528935215,0.79495997668535,0.448147517896956,5.64463730322135,5.4350429182045,1.31624537279185,1.14727737395621,1.14727737395621,-0.182688502165867
"1031",1031,0.168701771272463,0.872387408279232,0.602033106706571,0.498683008220745,0.348019942660816,0.153185380670824,7.4325103133677,5.4350429182045,1.31624537279185,1.14727737395621,1.14727737395621,-1.74105010741669
"1032",1032,0.100633670919109,0.0429640734685818,0.00524494104634505,0.119280425370671,0.353318505046074,0.933772816958488,4.73654753020694,5.4350429182045,1.31624537279185,1.14727737395621,1.14727737395621,0.608828696402253
"1033",1033,0.825370113145444,0.328307417587144,0.76622391577519,0.95350834726647,0.580747666406329,0.944795910072164,4.24874722937773,5.4350429182045,1.31624537279185,1.14727737395621,1.14727737395621,1.03400948694387
"1034",1034,0.541874091263278,0.381015746304765,0.0218100144009804,0.891059366159956,0.563384452329017,0.268835316951154,4.3735144288161,5.4350429182045,1.31624537279185,1.14727737395621,1.14727737395621,0.925258802697278
"1035",1035,0.359527837860514,0.00453430206805933,0.920175487380358,0.0813079982243944,0.280648472866626,0.254635347887175,5.06432752985346,5.4350429182045,1.31624537279185,1.14727737395621,1.14727737395621,0.32312620885452
"1036",1036,0.941840236301068,0.85948836336378,0.0781229750108905,0.252587973086629,0.344704271569266,0.839922353921924,4.75462246350176,5.4350429182045,1.31624537279185,1.14727737395621,1.14727737395621,0.593074063995888
"1037",1037,0.920240766313276,0.19523851184349,0.348294974458404,0.69530955120828,0.698434393428732,0.721911854865146,3.53288022346961,5.4350429182045,1.31624537279185,1.14727737395621,1.14727737395621,1.65797978580853
"1038",1038,0.689515787519049,0.756480383541668,0.719718657709775,0.359410404450027,0.0434929401363479,0.159563952942612,5.75642545305232,5.4350429182045,1.31624537279185,1.14727737395621,1.14727737395621,-0.280126272986263
"1039",1039,0.102663307523006,0.0971179415459046,0.418704805730376,0.56623466016259,0.145192055635969,0.0363126207109308,5.28003274001803,5.4350429182045,1.31624537279185,1.14727737395621,1.14727737395621,0.135111335502016
"1040",1040,0.963397492697928,0.394477937270305,0.10032265520189,0.497607663250994,0.732055526074371,0.559973947737832,3.75691686472513,5.4350429182045,1.31624537279185,1.14727737395621,1.14727737395621,1.46270299717723
"1041",1041,0.958621452376828,0.27079525302758,0.667910036410787,0.210557500857976,0.8648957790063,0.89178952159232,4.27286669991951,5.4350429182045,1.31624537279185,1.14727737395621,1.14727737395621,1.01298626179422
"1042",1042,0.287939793189405,0.704805144187063,0.295874697806546,0.843330824141856,0.0736761098484276,0.300698117590859,6.16746148894875,5.4350429182045,1.31624537279185,1.14727737395621,1.14727737395621,-0.638397119450388
"1043",1043,0.721977144532721,0.281876674175379,0.341091856757877,0.332275901262765,0.194936419855105,0.948723586976645,4.18537923888937,5.4350429182045,1.31624537279185,1.14727737395621,1.14727737395621,1.08924285241141
"1044",1044,0.130871069977642,0.619395477775368,0.073857558859163,0.539887312459527,0.615968481804361,0.955295072912588,6.47905580600212,5.4350429182045,1.31624537279185,1.14727737395621,1.14727737395621,-0.909991699912552
"1045",1045,0.289547654414899,0.939690586945275,0.85800176455616,0.434455086538917,0.0627417293458711,0.929506987556582,7.37433935363259,5.4350429182045,1.31624537279185,1.14727737395621,1.14727737395621,-1.69034662362487
"1046",1046,0.0592468202374876,0.268263861058629,0.853316336388583,0.64297097730753,0.650936621375266,0.752271103889798,6.48625106982719,5.4350429182045,1.31624537279185,1.14727737395621,1.14727737395621,-0.916263299081511
"1047",1047,0.14642091750633,0.787154372676276,0.450988568545319,0.758353078796994,0.0374681958341971,0.929441514439997,7.09114399570355,5.4350429182045,1.31624537279185,1.14727737395621,1.14727737395621,-1.44350539380746
"1048",1048,0.695424930634908,0.189413155974005,0.414103349903133,0.467630199986394,0.421892077491037,0.697571009010193,4.00177269389251,5.4350429182045,1.31624537279185,1.14727737395621,1.14727737395621,1.24927960478256
"1049",1049,0.245926494539832,0.781467368115555,0.913420154094347,0.073947357961908,0.188803638041485,0.697486282822676,7.69169350411537,5.4350429182045,1.31624537279185,1.14727737395621,1.14727737395621,-1.96696164078365
"1050",1050,0.233884527195711,0.842400006037788,0.104596926679718,0.6991586421252,0.134707165871863,0.972266680738656,6.54716567639723,5.4350429182045,1.31624537279185,1.14727737395621,1.14727737395621,-0.969358224469943
"1051",1051,0.212464907207876,0.351284961897065,0.881348497590865,0.24323222717864,0.972372709731455,0.0708665978696663,6.44879166624903,5.4350429182045,1.31624537279185,1.14727737395621,1.14727737395621,-0.883612604115753
"1052",1052,0.853606823445531,0.434672970312415,0.530053326109657,0.945391922561685,0.961029722893145,0.529277572366875,4.27498803110704,5.4350429182045,1.31624537279185,1.14727737395621,1.14727737395621,1.01113724843818
"1053",1053,0.0560271894788602,0.708682226128178,0.206358270821976,0.50099221023568,0.896606271258555,0.789320169071783,7.21645222232801,5.4350429182045,1.31624537279185,1.14727737395621,1.14727737395621,-1.55272765293069
"1054",1054,0.0176197761300718,0.940167157866759,0.709657386169536,0.977044253237429,0.911807429625303,0.261381784223835,8.21074857196733,5.4350429182045,1.31624537279185,1.14727737395621,1.14727737395621,-2.41938498637974
"1055",1055,0.522960575461504,0.915084866637597,0.775323475979618,0.984694331962382,0.71459469917079,0.323603021534043,6.19094288926719,5.4350429182045,1.31624537279185,1.14727737395621,1.14727737395621,-0.658864184217357
"1056",1056,0.187547720586299,0.633603199812002,0.882823851934751,0.400209136949037,0.957114948671777,0.494935200146167,7.16290209485016,5.4350429182045,1.31624537279185,1.14727737395621,1.14727737395621,-1.50605181961133
"1057",1057,0.329756560375565,0.0743273785797646,0.935534722779179,0.320301360065583,0.549789512692252,0.540450934546185,5.10492384667563,5.4350429182045,1.31624537279185,1.14727737395621,1.14727737395621,0.287741289964174
"1058",1058,0.877444605835015,0.285916089117294,0.523209994833218,0.683421538815019,0.520127306923852,0.0553436704080086,3.98954377367909,5.4350429182045,1.31624537279185,1.14727737395621,1.14727737395621,1.25993868382572
"1059",1059,0.85007610127877,0.347232778107165,0.541532326328452,0.277701252717292,0.0810503260833211,0.32486725823395,4.40503660705292,5.4350429182045,1.31624537279185,1.14727737395621,1.14727737395621,0.897783164327351
"1060",1060,0.403191958433716,0.731028248684597,0.540748591764946,0.0951728089028038,0.38211165000638,0.996330679952283,6.46586309943151,5.4350429182045,1.31624537279185,1.14727737395621,1.14727737395621,-0.898492556924037
"1061",1061,0.410309716516407,0.0813127067078603,0.650200945663732,0.21798180740606,0.933196097042062,0.949407279539853,4.67852945965188,5.4350429182045,1.31624537279185,1.14727737395621,1.14727737395621,0.65939891758163
"1062",1062,0.277317584966891,0.392598324328777,0.106290273780935,0.779670561374514,0.22887111965951,0.273514181629405,5.25271290093908,5.4350429182045,1.31624537279185,1.14727737395621,1.14727737395621,0.158924094037245
"1063",1063,0.404311709952191,0.593709996193531,0.0346340262648882,0.158923178854282,0.428724488338106,0.081821661010501,5.41960228453848,5.4350429182045,1.31624537279185,1.14727737395621,1.14727737395621,0.0134585009837467
"1064",1064,0.873520818631514,0.403506575540756,0.214101209241315,0.453244222847861,0.0473735652059549,0.495249212717987,4.04191117093692,5.4350429182045,1.31624537279185,1.14727737395621,1.14727737395621,1.21429375222801
"1065",1065,0.538426999215968,0.986054737919825,0.128403350161621,0.523256507151294,0.615395869079628,0.9240601211912,5.87073595331786,5.4350429182045,1.31624537279185,1.14727737395621,1.14727737395621,-0.37976259708752
"1066",1066,0.291420060053817,0.861003910922445,0.372581546811969,0.756945604844019,0.932528088612366,0.309094050517888,6.58376774349717,5.4350429182045,1.31624537279185,1.14727737395621,1.14727737395621,-1.00126164027054
"1067",1067,0.894680472237873,0.325024512842065,0.20210767872259,0.645059524402372,0.0529160292377928,0.112605301989825,3.77049608641255,5.4350429182045,1.31624537279185,1.14727737395621,1.14727737395621,1.45086695648151
"1068",1068,0.959317116523394,0.0902663227019366,0.605855459377519,0.221405082968646,0.547619974533794,0.122861800462706,3.75431845666603,5.4350429182045,1.31624537279185,1.14727737395621,1.14727737395621,1.46496784447404
"1069",1069,0.816320183369331,0.800202541667735,0.3867253034733,0.377083807901479,0.87674910856795,0.0187011840265477,5.19893935317466,5.4350429182045,1.31624537279185,1.14727737395621,1.14727737395621,0.205794666912739
"1070",1070,0.618379265979747,0.43705557797919,0.741366064257687,0.303279018772067,0.268278370923363,0.0778021433190443,5.27888126877949,5.4350429182045,1.31624537279185,1.14727737395621,1.14727737395621,0.136114990995168
"1071",1071,0.069343053413555,0.641551221915986,0.590351289315149,0.508456276842393,0.390814578615711,0.62557497669023,7.3637074854311,5.4350429182045,1.31624537279185,1.14727737395621,1.14727737395621,-1.6810795811094
"1072",1072,0.363674033016898,0.585587521748734,0.581241875220672,0.0187767471915577,0.550469822665327,0.462846870233538,6.4008307426707,5.4350429182045,1.31624537279185,1.14727737395621,1.14727737395621,-0.841808481880741
"1073",1073,0.839471117910231,0.283011261536623,0.892534576269216,0.189670401640353,0.577152057182742,0.454001789716771,4.78599501093389,5.4350429182045,1.31624537279185,1.14727737395621,1.14727737395621,0.565728848144602
"1074",1074,0.788521850190591,0.38380807479436,0.169601240282995,0.318808893925976,0.0716220090014394,0.113202409255318,4.13693071536186,5.4350429182045,1.31624537279185,1.14727737395621,1.14727737395621,1.13147198080469
"1075",1075,0.294155742679141,0.661147035334725,0.964354901728802,0.30909367333469,0.423037873390596,0.0876155006751651,7.0000192553822,5.4350429182045,1.31624537279185,1.14727737395621,1.14727737395621,-1.36407844580872
"1076",1076,0.263904635133804,0.859770210494404,0.721366082421853,0.728938170743524,0.210776944965124,0.70530004989251,6.99436408438248,5.4350429182045,1.31624537279185,1.14727737395621,1.14727737395621,-1.35914923590003
"1077",1077,0.563164357498637,0.993425692772144,0.945340748015093,0.0874156700946623,0.604147024114733,0.125268775884877,7.12014487755012,5.4350429182045,1.31624537279185,1.14727737395621,1.14727737395621,-1.46878339763191
"1078",1078,0.639818457802758,0.837060747193755,0.0536421802298864,0.894572038804763,0.522489394386299,0.485147149971919,5.19800671741093,5.4350429182045,1.31624537279185,1.14727737395621,1.14727737395621,0.206607579103724
"1079",1079,0.710935171214398,0.812328488234547,0.0744809760877397,0.312785763009684,0.796505375128589,0.481117867216119,5.10272796584251,5.4350429182045,1.31624537279185,1.14727737395621,1.14727737395621,0.289655282938295
"1080",1080,0.638736010002787,0.0370906146172201,0.345707049043267,0.890582629456767,0.236759397172718,0.399427274480928,3.45286782571272,5.4350429182045,1.31624537279185,1.14727737395621,1.14727737395621,1.72772089599968
"1081",1081,0.802495265841717,0.0785715904078679,0.738030744339922,0.0633747314049397,0.414895986732212,0.827289154514321,4.25649210594714,5.4350429182045,1.31624537279185,1.14727737395621,1.14727737395621,1.02725882947844
"1082",1082,0.849859140516608,0.304215203187079,0.883696678680833,0.737671968647628,0.407191473320709,0.813035934207379,4.34961630480649,5.4350429182045,1.31624537279185,1.14727737395621,1.14727737395621,0.946089095834848
"1083",1083,0.652975053811446,0.744382276816992,0.133529876942397,0.485248904920532,0.259175927115139,0.296429763993481,5.1204859809058,5.4350429182045,1.31624537279185,1.14727737395621,1.14727737395621,0.274176885589576
"1084",1084,0.409353978923522,0.853007772142068,0.70945232539007,0.106696864261059,0.445547316420358,0.728059917566366,6.930130902112,5.4350429182045,1.31624537279185,1.14727737395621,1.14727737395621,-1.30316174435823
"1085",1085,0.60673479578807,0.729126154957805,0.580528281923034,0.629667081646039,0.537392443787307,0.479924104841077,5.57960239500334,5.4350429182045,1.31624537279185,1.14727737395621,1.14727737395621,-0.126002203198995
"1086",1086,0.058388118361705,0.840066604815191,0.325457987460657,0.624324784170487,0.446154150140705,0.709989372505108,7.57768768154366,5.4350429182045,1.31624537279185,1.14727737395621,1.14727737395621,-1.86759088253486
"1087",1087,0.621604788080789,0.459205502266646,0.0807531125880778,0.323507638798794,0.821074145903229,0.59679906242108,4.53491877046844,5.4350429182045,1.31624537279185,1.14727737395621,1.14727737395621,0.784574130170562
"1088",1088,0.232951451879228,0.623829011028633,0.163172606966225,0.375515187436831,0.0953224442352075,0.886129998950288,6.17964552982433,5.4350429182045,1.31624537279185,1.14727737395621,1.14727737395621,-0.649017080370183
"1089",1089,0.9528036444342,0.711453426158056,0.521130679090275,0.668319329125574,0.462454624244012,0.378064031503745,4.7754242326425,5.4350429182045,1.31624537279185,1.14727737395621,1.14727737395621,0.574942642935079
"1090",1090,0.140322846313706,0.109705361392116,0.694592190518393,0.32221660505503,0.290001594258705,0.147116143838153,5.60083423875342,5.4350429182045,1.31624537279185,1.14727737395621,1.14727737395621,-0.144508489675181
"1091",1091,0.489070893664728,0.232419707100489,0.34232716926618,0.0689815135654062,0.936581744675525,0.163936089223833,4.69450627961959,5.4350429182045,1.31624537279185,1.14727737395621,1.14727737395621,0.645473061175505
"1092",1092,0.0683500611672644,0.266587545695249,0.247051712931599,0.245218159058248,0.860744142816635,0.0701305349016329,6.02473234783573,5.4350429182045,1.31624537279185,1.14727737395621,1.14727737395621,-0.513990289547659
"1093",1093,0.148271179334493,0.927662429010961,0.00751606853143312,0.0278682092572562,0.323810351561871,0.370890544237103,7.13959776830228,5.4350429182045,1.31624537279185,1.14727737395621,1.14727737395621,-1.48573909744239
"1094",1094,0.158092372844578,0.488862823985401,0.0385845085575711,0.0522464855434373,0.427053742567077,0.417188207368716,6.08973812808561,5.4350429182045,1.31624537279185,1.14727737395621,1.14727737395621,-0.570651199738642
"1095",1095,0.31919099717983,0.472975496145082,0.241102238612249,0.392398624071386,0.376976503038197,0.45942180766433,5.55346326805403,5.4350429182045,1.31624537279185,1.14727737395621,1.14727737395621,-0.103218587359721
"1096",1096,0.620784894930432,0.349086071543395,0.98696798439743,0.129981344415224,0.86737007343641,0.753253642027965,5.54850637764364,5.4350429182045,1.31624537279185,1.14727737395621,1.14727737395621,-0.0988980189227285
"1097",1097,0.737020461039268,0.829350518914056,0.435190590103972,0.971200271613081,0.336458024471533,0.00740676675271243,5.25688872453927,5.4350429182045,1.31624537279185,1.14727737395621,1.14727737395621,0.155284325926251
"1098",1098,0.566093614300597,0.444144486077828,0.478317770668305,0.807377309661475,0.384792230452877,0.103463736490696,4.87391789854561,5.4350429182045,1.31624537279185,1.14727737395621,1.14727737395621,0.489092727178901
"1099",1099,0.605435665479978,0.427764091184712,0.0683375349742128,0.104888693296234,0.34606424432632,0.923925824342878,4.54351392782446,5.4350429182045,1.31624537279185,1.14727737395621,1.14727737395621,0.777082343483982
"1100",1100,0.925333928113454,0.585402762307669,0.0461727247800445,0.659420565825421,0.714415809414815,0.0813473636370618,4.14560838947458,5.4350429182045,1.31624537279185,1.14727737395621,1.14727737395621,1.12390827013654
"1101",1101,0.196298496781732,0.364134682971868,0.564900641841465,0.988131068891613,0.482831456597894,0.547758761371719,5.7889283439223,5.4350429182045,1.31624537279185,1.14727737395621,1.14727737395621,-0.308456728731152
"1102",1102,0.536275841699331,0.90949309087859,0.437202379649156,0.212792872776045,0.831048230535467,0.201912893891218,6.21233755332389,5.4350429182045,1.31624537279185,1.14727737395621,1.14727737395621,-0.677512389561914
"1103",1103,0.637219059722149,0.0530629843052011,0.313375851068762,0.778504868719261,0.683372947971104,0.434171344810515,3.5048318269756,5.4350429182045,1.31624537279185,1.14727737395621,1.14727737395621,1.68242757596872
"1104",1104,0.085171422367217,0.897225088847452,0.653448901388911,0.972170559486025,0.581410840583267,0.840735421317979,7.71599252656949,5.4350429182045,1.31624537279185,1.14727737395621,1.14727737395621,-1.98814136855108
"1105",1105,0.156533235090552,0.198122270787251,0.375356936787255,0.0655475153345615,0.953986238432117,0.753590691891732,5.65906368219399,5.4350429182045,1.31624537279185,1.14727737395621,1.14727737395621,-0.195262949548973
"1106",1106,0.301013252717443,0.679420991432969,0.20720548928529,0.973529997048434,0.360062116190675,0.801717482830863,5.96314029487284,5.4350429182045,1.31624537279185,1.14727737395621,1.14727737395621,-0.460304882373194
"1107",1107,0.430520603181445,0.371780212462065,0.320303636532044,0.299355868529296,0.111858682398684,0.356957779981196,5.06731473652192,5.4350429182045,1.31624537279185,1.14727737395621,1.14727737395621,0.320522473492635
"1108",1108,0.61608017116494,0.182620547258761,0.980679051807034,0.923018151560682,0.341865603991901,0.293407873519114,4.41982905751349,5.4350429182045,1.31624537279185,1.14727737395621,1.14727737395621,0.884889638492739
"1109",1109,0.359320370905683,0.77884085504245,0.954362701488775,0.857339782943367,0.789653865301865,0.77019474862318,6.60444098462575,5.4350429182045,1.31624537279185,1.14727737395621,1.14727737395621,-1.01928103261442
"1110",1110,0.707458564390661,0.492490564337582,0.495248736830195,0.528093303843751,0.562299941573991,0.699907172619714,4.79753015187481,5.4350429182045,1.31624537279185,1.14727737395621,1.14727737395621,0.555674487095763
"1111",1111,0.302823782786145,0.247044363674126,0.441867173610372,0.107533911974868,0.305765167840989,0.663252304616966,5.35439051973092,5.4350429182045,1.31624537279185,1.14727737395621,1.14727737395621,0.0702989532474284
"1112",1112,0.23167465696868,0.523716025051544,0.95300483138999,0.683628464607755,0.548271535336389,0.566390731908497,6.55612571968915,5.4350429182045,1.31624537279185,1.14727737395621,1.14727737395621,-0.977168056246736
"1113",1113,0.865494101091288,0.800840645047952,0.81403635926079,0.759842987778829,0.230153448847705,0.943826645548921,5.3101142186045,5.4350429182045,1.31624537279185,1.14727737395621,1.14727737395621,0.10889145243857
"1114",1114,0.365105653660023,0.553176276120357,0.411937090517953,0.878584261105862,0.597235075649805,0.952258151639486,5.61574730713728,5.4350429182045,1.31624537279185,1.14727737395621,1.14727737395621,-0.157507149565452
"1115",1115,0.875130939831841,0.416917093884549,0.436704931314802,0.185095067892806,0.943626924021635,0.0497993905025069,4.47182183999119,5.4350429182045,1.31624537279185,1.14727737395621,1.14727737395621,0.83957123192606
"1116",1116,0.310033845020342,0.483901911045541,0.837085419217707,0.502568802087219,0.397466068300651,0.923415676505072,6.17297743558314,5.4350429182045,1.31624537279185,1.14727737395621,1.14727737395621,-0.643204977392682
"1117",1117,0.523419375977363,0.341658717274549,0.217435055492329,0.643515128727537,0.0429646146165906,0.0467561970318202,4.52642866620438,5.4350429182045,1.31624537279185,1.14727737395621,1.14727737395621,0.791974349556728
"1118",1118,0.214059266617987,0.0157912337223534,0.210936666193535,0.688547809037264,0.889676169564133,0.759775755750714,4.28273447423959,5.4350429182045,1.31624537279185,1.14727737395621,1.14727737395621,1.0043852255112
"1119",1119,0.124251541874022,0.0647581747341901,0.135278600755148,0.648895976983011,0.318356853118166,0.585262937232386,4.75437405446443,5.4350429182045,1.31624537279185,1.14727737395621,1.14727737395621,0.593290584466848
"1120",1120,0.247332885978394,0.47980407206458,0.283881212955923,0.706703991184244,0.804653924866114,0.738148947412847,5.77363872446476,5.4350429182045,1.31624537279185,1.14727737395621,1.14727737395621,-0.295129856080631
"1121",1121,0.876392152858898,0.567512038874556,0.553747301853611,0.368555278863525,0.0630676178791327,0.595257307859836,4.79991561303612,5.4350429182045,1.31624537279185,1.14727737395621,1.14727737395621,0.553595250447798
"1122",1122,0.810548200892867,0.794050594653585,0.637944450294133,0.736870560013107,0.283046116300859,0.572980599083472,5.26528223282025,5.4350429182045,1.31624537279185,1.14727737395621,1.14727737395621,0.147968302380841
"1123",1123,0.886596499548992,0.587396025360329,0.107311372915166,0.0344210799306165,0.459265067126835,0.565407644264284,4.44641016313274,5.4350429182045,1.31624537279185,1.14727737395621,1.14727737395621,0.86172078131604
"1124",1124,0.656599861668889,0.963705666021793,0.414709858814487,0.295328392711002,0.119389423916698,0.830665817756322,5.91948335855497,5.4350429182045,1.31624537279185,1.14727737395621,1.14727737395621,-0.422252239386498
"1125",1125,0.228644525088603,0.0447633418220794,0.536645808170084,0.889205556567642,0.0880573044868652,0.0594129123579478,4.58468229413166,5.4350429182045,1.31624537279185,1.14727737395621,1.14727737395621,0.741198809787821
"1126",1126,0.172105385249131,0.413395855096169,0.80153325362294,0.672649535862147,0.995038090639398,0.597145887435647,6.36107780516066,5.4350429182045,1.31624537279185,1.14727737395621,1.14727737395621,-0.807158676687635
"1127",1127,0.304226581133087,0.955074933184776,0.409645059863455,0.37643136959523,0.00287943989655469,0.77352730079717,6.90748737312359,5.4350429182045,1.31624537279185,1.14727737395621,1.14727737395621,-1.28342499237267
"1128",1128,0.349387089455151,0.512359413021826,0.379671656517079,0.577227440203889,0.329560828296351,0.188691663915641,5.6348082486066,5.4350429182045,1.31624537279185,1.14727737395621,1.14727737395621,-0.17412121509312
"1129",1129,0.879374870603788,0.454473497072468,0.641428888703347,0.913617747353739,0.0494774323810125,0.808204417551518,4.37230056089095,5.4350429182045,1.31624537279185,1.14727737395621,1.14727737395621,0.926316844939464
"1130",1130,0.892604590723524,0.949689143878524,0.90670896298124,0.416809066357207,0.0727891914768843,0.389614409447298,5.85328577851964,5.4350429182045,1.31624537279185,1.14727737395621,1.14727737395621,-0.364552522179439
"1131",1131,0.730621518203989,0.283922761923517,0.218673023013747,0.928213554919115,0.936369058478274,0.250171960613341,3.88714252366861,5.4350429182045,1.31624537279185,1.14727737395621,1.14727737395621,1.34919456242582
"1132",1132,0.452631440648576,0.737109792049392,0.621835042310297,0.59044172984187,0.952505266906926,0.852779953177902,6.06625774136755,5.4350429182045,1.31624537279185,1.14727737395621,1.14727737395621,-0.550185018454955
"1133",1133,0.729048873935011,0.608079536881531,0.874874273800407,0.168509033505339,0.745750024504145,0.436481949541601,5.73595613828131,5.4350429182045,1.31624537279185,1.14727737395621,1.14727737395621,-0.262284628728584
"1134",1134,0.018476595362532,0.748046690414543,0.530742148175254,0.310583119579242,0.90088845565333,0.44794454282301,7.95670978705559,5.4350429182045,1.31624537279185,1.14727737395621,1.14727737395621,-2.19795746529499
"1135",1135,0.754622736262507,0.374501596688177,0.389916291799163,0.650104948263615,0.900393069796497,0.304001543046208,4.28352561961289,5.4350429182045,1.31624537279185,1.14727737395621,1.14727737395621,1.00369564041935
"1136",1136,0.460468503607204,0.722606538778637,0.922703888320015,0.618836957999971,0.304233264981303,0.555177242878359,6.27866747034381,5.4350429182045,1.31624537279185,1.14727737395621,1.14727737395621,-0.735327455495962
"1137",1137,0.519381398105179,0.386590569115477,0.975268782676663,0.247009771303507,0.4279566362357,0.35945131662616,5.70651143032954,5.4350429182045,1.31624537279185,1.14727737395621,1.14727737395621,-0.236619773288932
"1138",1138,0.898697837025858,0.960887842606055,0.31577564982581,0.198072392668459,0.739484651994193,0.822177466428024,5.3325702069018,5.4350429182045,1.31624537279185,1.14727737395621,1.14727737395621,0.0893181663204414
"1139",1139,0.393640915391617,0.783358108294895,0.077050281944219,0.09277780355711,0.0464430718169315,0.674242456872947,5.96243340568516,5.4350429182045,1.31624537279185,1.14727737395621,1.14727737395621,-0.459688737399252
"1140",1140,0.0945736184212146,0.558858921251958,0.333935887426487,0.439226925244671,0.984053999094525,0.191840710812598,6.79427718492183,5.4350429182045,1.31624537279185,1.14727737395621,1.14727737395621,-1.1847477319545
"1141",1141,0.245037290837732,0.388955968378461,0.938932770277839,0.80077769440494,0.574861365190591,0.934942873320426,6.04467942167371,5.4350429182045,1.31624537279185,1.14727737395621,1.14727737395621,-0.5313767335679
"1142",1142,0.338981596232508,0.0523920335588045,0.446437719721464,0.955334543274599,0.531810508409049,0.146636114921188,4.19420096073066,5.4350429182045,1.31624537279185,1.14727737395621,1.14727737395621,1.08155358559455
"1143",1143,0.332723085224512,0.856002456057817,0.879473261592793,0.267140663659666,0.168660743880435,0.282521701483871,7.2331012090912,5.4350429182045,1.31624537279185,1.14727737395621,1.14727737395621,-1.56723938927373
"1144",1144,0.437493447226007,0.254442816683091,0.939737348755705,0.370110127646592,0.820121872926597,0.401329711774713,5.36498436479433,5.4350429182045,1.31624537279185,1.14727737395621,1.14727737395621,0.0610650527941507
"1145",1145,0.947570208702004,0.933716218627756,0.739115346399019,0.780356068511261,0.985283282215591,0.816151369264815,5.32748909958744,5.4350429182045,1.31624537279185,1.14727737395621,1.14727737395621,0.0937470057883011
"1146",1146,0.0688464868678711,0.591265534013743,0.340069039187394,0.566625331020448,0.0713971929205582,0.743775487033301,6.9667300027808,5.4350429182045,1.31624537279185,1.14727737395621,1.14727737395621,-1.33506257453201
"1147",1147,0.72489096144319,0.213210776162916,0.929612128651934,0.686211021407275,0.112869628938381,0.644541602205252,4.3916085287886,5.4350429182045,1.31624537279185,1.14727737395621,1.14727737395621,0.909487464062659
"1148",1148,0.295166360063944,0.873239006983349,0.197015215820866,0.379610543853836,0.619263901799568,0.780669129043817,6.54065418014026,5.4350429182045,1.31624537279185,1.14727737395621,1.14727737395621,-0.96368261680541
"1149",1149,0.909119579573511,0.260463764960994,0.226408384102862,0.495855124809314,0.363687756570405,0.0820344114049803,3.66045120437281,5.4350429182045,1.31624537279185,1.14727737395621,1.14727737395621,1.54678524489007
"1150",1150,0.394223095255555,0.615909909858485,0.0639339759618742,0.876246721268748,0.821835185735486,0.292736709963414,5.40245571517981,5.4350429182045,1.31624537279185,1.14727737395621,1.14727737395621,0.0284039446470716
"1151",1151,0.662386015391676,0.444735408779001,0.0648970201548655,0.707107318785857,0.0949791789033916,0.649183573761256,4.32336621955264,5.4350429182045,1.31624537279185,1.14727737395621,1.14727737395621,0.968969426127889
"1152",1152,0.732545849283459,0.462403079293785,0.365976213772548,0.84687544579606,0.268919470901019,0.860886451679748,4.45037068328029,5.4350429182045,1.31624537279185,1.14727737395621,1.14727737395621,0.858268677894971
"1153",1153,0.0118135759338038,0.879328384555061,0.320909981890116,0.958209753482486,0.866890211478923,0.749780553425197,7.82994600064495,5.4350429182045,1.31624537279185,1.14727737395621,1.14727737395621,-2.08746649834294
"1154",1154,0.0950085098850541,0.727924051936483,0.336276525796624,0.362799231503159,0.605708346951054,0.441306774621829,7.24773438149287,5.4350429182045,1.31624537279185,1.14727737395621,1.14727737395621,-1.5799940837651
"1155",1155,0.227433900157572,0.117144680464873,0.809316694302368,0.329685179911088,0.620717150678975,0.0489693884073058,5.43716363145131,5.4350429182045,1.31624537279185,1.14727737395621,1.14727737395621,-0.00184847474111407
"1156",1156,0.417716540538706,0.527594162268564,0.308662144152098,0.218665212438558,0.816274392763036,0.20082712732791,5.54394869924197,5.4350429182045,1.31624537279185,1.14727737395621,1.14727737395621,-0.0949254151695901
"1157",1157,0.828197606904083,0.884053805300035,0.147189236504841,0.680780015500495,0.0597803690172732,0.149425940025481,4.98895830763836,5.4350429182045,1.31624537279185,1.14727737395621,1.14727737395621,0.388820193522936
"1158",1158,0.817626055217697,0.366487622880843,0.654497108971234,0.12445300271106,0.0575068336459808,0.967378317456343,4.77983445954631,5.4350429182045,1.31624537279185,1.14727737395621,1.14727737395621,0.571098562153984
"1159",1159,0.537959925526055,0.039423357948428,0.712215775465942,0.254579145505908,0.307535907251877,0.746155709639308,4.31009350692946,5.4350429182045,1.31624537279185,1.14727737395621,1.14727737395621,0.980538304695947
"1160",1160,0.70521278382116,0.82221027418226,0.282630900495104,0.320566693970817,0.984887895730208,0.81905305449327,5.37125873383508,5.4350429182045,1.31624537279185,1.14727737395621,1.14727737395621,0.055596132040389
"1161",1161,0.0267951849960955,0.682937121429364,0.714623545644805,0.306438549134182,0.630120081642759,0.593504109175759,7.97151365071632,5.4350429182045,1.31624537279185,1.14727737395621,1.14727737395621,-2.21086093920356
"1162",1162,0.930453698064783,0.900026070849504,0.371849564235774,0.632648612229037,0.723278007137589,0.961912783865118,5.03522883690287,5.4350429182045,1.31624537279185,1.14727737395621,1.14727737395621,0.348489467654132
"1163",1163,0.197581741122529,0.964400965101551,0.299349842756172,0.233493594350643,0.290688815582776,0.39632310420461,7.29890590344655,5.4350429182045,1.31624537279185,1.14727737395621,1.14727737395621,-1.62459665600726
"1164",1164,0.162371502616443,0.258847756533884,0.0873804254519055,0.713310413851985,0.812041527209105,0.332404472947353,5.26764248937605,5.4350429182045,1.31624537279185,1.14727737395621,1.14727737395621,0.145911034792916
"1165",1165,0.561987072148593,0.322502339596511,0.53936967448506,0.691973466771306,0.0350081290688831,0.689223677185015,4.65152957282162,5.4350429182045,1.31624537279185,1.14727737395621,1.14727737395621,0.682932796522478
"1166",1166,0.684248410836328,0.251811470045592,0.25493469438015,0.546978581908741,0.737900741218822,0.0414147604334867,4.01148436603745,5.4350429182045,1.31624537279185,1.14727737395621,1.14727737395621,1.24081463165104
"1167",1167,0.739636301970575,0.0071096034864895,0.6329983425549,0.742708036836237,0.917715740315267,0.881998604240129,3.49292077420965,5.4350429182045,1.31624537279185,1.14727737395621,1.14727737395621,1.69280959259027
"1168",1168,0.882964894725243,0.770175728242146,0.0369921349938959,0.897490526884329,0.354029865752091,0.963890024802415,4.54315838705167,5.4350429182045,1.31624537279185,1.14727737395621,1.14727737395621,0.777392243060894
"1169",1169,0.58701889072801,0.99591936062777,0.177648079765262,0.0995376399059314,0.578726702685934,0.709392810574849,5.96087862445018,5.4350429182045,1.31624537279185,1.14727737395621,1.14727737395621,-0.458333545298131
"1170",1170,0.94240139102505,0.144114027323551,0.168003413003869,0.0478658480523154,0.359122825247701,0.377366716926335,3.43469955444257,5.4350429182045,1.31624537279185,1.14727737395621,1.14727737395621,1.74355688447341
"1171",1171,0.603199812113307,0.190198726917035,0.117240570895374,0.333623164748889,0.426586818746873,0.366976958505809,3.90248844435269,5.4350429182045,1.31624537279185,1.14727737395621,1.14727737395621,1.3358186160048
"1172",1172,0.704774249814451,0.072398600867833,0.187975969331339,0.741051423062221,0.0394915951874573,0.736651875031064,3.3551989483291,5.4350429182045,1.31624537279185,1.14727737395621,1.14727737395621,1.81285190232888
"1173",1173,0.930550573960296,0.402501035239198,0.511926119307638,0.54796638721507,0.221499004530837,0.122270028324681,4.22430199805336,5.4350429182045,1.31624537279185,1.14727737395621,1.14727737395621,1.05531665457333
"1174",1174,0.475270308696898,0.832698741037166,0.143730228534201,0.665512951643555,0.108802591969841,0.724802775118034,5.73555143269707,5.4350429182045,1.31624537279185,1.14727737395621,1.14727737395621,-0.261931875686097
"1175",1175,0.221788301345194,0.103718876463827,0.0468887396033388,0.0425017851447919,0.131107489732094,0.526518883596873,4.60186043984097,5.4350429182045,1.31624537279185,1.14727737395621,1.14727737395621,0.7262258432679
"1176",1176,0.371513069787296,0.640145111892954,0.52965532800986,0.974571631425759,0.634784287371906,0.0155513640157878,5.8865988638071,5.4350429182045,1.31624537279185,1.14727737395621,1.14727737395621,-0.393589166711689
"1177",1177,0.141992961642682,0.100827210542513,0.937609296021634,0.925793372716405,0.865849205090664,0.61602218852262,5.4051551361001,5.4350429182045,1.31624537279185,1.14727737395621,1.14727737395621,0.0260510516313391
"1178",1178,0.346086615062435,0.312696003376157,0.936834141602274,0.503911954633077,0.287060825784458,0.526418516773032,5.67392479222574,5.4350429182045,1.31624537279185,1.14727737395621,1.14727737395621,-0.208216321043177
"1179",1179,0.631708357825642,0.742712410256267,0.716189818187268,0.925021485428908,0.597646380583872,0.766406244887505,5.53672787491965,5.4350429182045,1.31624537279185,1.14727737395621,1.14727737395621,-0.0886315367351005
"1180",1180,0.708724192102323,0.814885018151021,0.191091859859531,0.87950379187509,0.839230571780121,0.128078072183998,5.11022095415435,5.4350429182045,1.31624537279185,1.14727737395621,1.14727737395621,0.28312417853239
"1181",1181,0.00598871221009176,0.318393976630876,0.551163021759712,0.578441897500772,0.968705991954077,0.386483011376928,6.70574692534633,5.4350429182045,1.31624537279185,1.14727737395621,1.14727737395621,-1.10758220809324
"1182",1182,0.325397263247403,0.76737782352115,0.918537196948193,0.466334978040541,0.641133125165943,0.719215762885637,6.91944079944928,5.4350429182045,1.31624537279185,1.14727737395621,1.14727737395621,-1.29384394300923
"1183",1183,0.468219267877517,0.0443081864017295,0.41557317270583,0.363126355524291,0.16535041128681,0.206743940598913,4.04902262131819,5.4350429182045,1.31624537279185,1.14727737395621,1.14727737395621,1.20809520727044
"1184",1184,0.919231893870514,0.47152384672116,0.697386576017598,0.537948603737168,0.482355059825582,0.934398901942885,4.56750337220492,5.4350429182045,1.31624537279185,1.14727737395621,1.14727737395621,0.75617245288121
"1185",1185,0.952086283823941,0.0467115458290791,0.419668780077831,0.309962755183689,0.580192582200863,0.48299148484855,3.35000793842397,5.4350429182045,1.31624537279185,1.14727737395621,1.14727737395621,1.81737653605998
"1186",1186,0.273717817931785,0.0830049294829369,0.510024528536363,0.351173679606407,0.522637217559619,0.608939302953891,4.78862427032603,5.4350429182045,1.31624537279185,1.14727737395621,1.14727737395621,0.563437109937411
"1187",1187,0.799067689504824,0.850998896771111,0.257306776427547,0.949538284347509,0.682745490245055,0.677222495015012,5.0221870784511,5.4350429182045,1.31624537279185,1.14727737395621,1.14727737395621,0.359857039915056
"1188",1188,0.956158907473902,0.234306009314721,0.563964207033161,0.179009337169002,0.247756859462126,0.567186355766491,4.08851388456668,5.4350429182045,1.31624537279185,1.14727737395621,1.14727737395621,1.17367348489975
"1189",1189,0.594362187476247,0.200641810055356,0.831473009905429,0.918804488530266,0.695262681932189,0.126271652153693,4.40540393316869,5.4350429182045,1.31624537279185,1.14727737395621,1.14727737395621,0.897462992306088
"1190",1190,0.612327123070485,0.223879518666887,0.684516431870521,0.876726937340456,0.0187172802402638,0.0622925887621241,4.34166169548585,5.4350429182045,1.31624537279185,1.14727737395621,1.14727737395621,0.953022562406415
"1191",1191,0.918959287381265,0.613459973992314,0.359178886486334,0.281615800322383,0.814620937807718,0.275175940724439,4.65397531883904,5.4350429182045,1.31624537279185,1.14727737395621,1.14727737395621,0.680801013857764
"1192",1192,0.927438809504267,0.652513158994843,0.64337475853553,0.50043061121006,0.667860353283235,0.573539106158772,4.89989446954833,5.4350429182045,1.31624537279185,1.14727737395621,1.14727737395621,0.466450799784182
"1193",1193,0.530093960069702,0.276006399489124,0.326422392124077,0.203474409519462,0.488171699829982,0.914450705236755,4.60590350916418,5.4350429182045,1.31624537279185,1.14727737395621,1.14727737395621,0.722701787607961
"1194",1194,0.0596998620380182,0.153856080640457,0.0621866075862199,0.915720670387615,0.0604595385062275,0.142680174200214,5.30636083241353,5.4350429182045,1.31624537279185,1.14727737395621,1.14727737395621,0.112163011937758
"1195",1195,0.672569204308325,0.222584079388413,0.0659088451220887,0.911300282776705,0.61154301516444,0.617025477339048,3.70830069732066,5.4350429182045,1.31624537279185,1.14727737395621,1.14727737395621,1.50507824880171
"1196",1196,0.935351435527671,0.786654005072429,0.253509212536504,0.365523441268015,0.306154576311586,0.0612725031564478,4.80678840898852,5.4350429182045,1.31624537279185,1.14727737395621,1.14727737395621,0.547604723563528
"1197",1197,0.836583100910648,0.809581802484929,0.965098552864511,0.497077554431744,0.566786055871518,0.435994575812714,5.69672262584256,5.4350429182045,1.31624537279185,1.14727737395621,1.14727737395621,-0.228087569386728
"1198",1198,0.138270811473601,0.0841138289609226,0.794400470830384,0.368098603375955,0.726547217935789,0.379943351152237,5.57570683745742,5.4350429182045,1.31624537279185,1.14727737395621,1.14727737395621,-0.122606723052388
"1199",1199,0.220652871840051,0.0402602260462008,0.00974577210564166,0.425955197285744,0.224031580260722,0.34552086403477,4.21810307846648,5.4350429182045,1.31624537279185,1.14727737395621,1.14727737395621,1.0607198114102
"1200",1200,0.74425051092077,0.895418535445468,0.849382727656513,0.778265821832931,0.669832329998724,0.0997912352160783,5.76744651691246,5.4350429182045,1.31624537279185,1.14727737395621,1.14727737395621,-0.289732549646401
"1201",1201,0.449761447659461,0.62018101557903,0.177131933826255,0.874055484287092,0.380847461479483,0.0798110796434339,5.34026889818646,5.4350429182045,1.31624537279185,1.14727737395621,1.14727737395621,0.0826077652793118
"1202",1202,0.838624785358785,0.156285379817826,0.973947359765996,0.761783120954759,0.365265960786957,0.0683312341723358,4.0817687244065,5.4350429182045,1.31624537279185,1.14727737395621,1.14727737395621,1.17955276075169
"1203",1203,0.447055395817501,0.140615179584362,0.189964905911824,0.666277058886713,0.051594988490222,0.313459150791517,4.07790883630178,5.4350429182045,1.31624537279185,1.14727737395621,1.14727737395621,1.18291715038609
"1204",1204,0.253550080619403,0.206886806573602,0.389482431435725,0.857787634011591,0.660430107725668,0.97645894907706,4.96862407600527,5.4350429182045,1.31624537279185,1.14727737395621,1.14727737395621,0.406544095427295
"1205",1205,0.161766685441253,0.0933995784485014,0.568225018076133,0.629145862819278,0.736393100178218,0.264764953089994,5.12875834485347,5.4350429182045,1.31624537279185,1.14727737395621,1.14727737395621,0.266966454933958
"1206",1206,0.402231541929417,0.974301342261955,0.500542344450252,0.679265970283421,0.66474887531565,0.568195261558518,6.56014912891168,5.4350429182045,1.31624537279185,1.14727737395621,1.14727737395621,-0.980674975596724
"1207",1207,0.615148604990798,0.495668033868191,0.443005958912894,0.987337064803694,0.914060409199214,0.852014031570056,4.7971780657479,5.4350429182045,1.31624537279185,1.14727737395621,1.14727737395621,0.555981375503834
"1208",1208,0.115618418342783,0.920374597933027,0.956080611851183,0.186923547405284,0.558572747759637,0.882749288921244,8.45293336374426,5.4350429182045,1.31624537279185,1.14727737395621,1.14727737395621,-2.63048022566071
"1209",1209,0.135885177419754,0.621725403744378,0.401747235010029,0.738404453636846,0.554790222736308,0.250613153070793,6.71556037433363,5.4350429182045,1.31624537279185,1.14727737395621,1.14727737395621,-1.11613589285167
"1210",1210,0.51308438800124,0.0503047143586446,0.21557148870104,0.187117779462016,0.255706130660255,0.648848482251051,3.82117214135733,5.4350429182045,1.31624537279185,1.14727737395621,1.14727737395621,1.40669624755344
"1211",1211,0.070431221713312,0.77735440899455,0.116947707429994,0.561303766430239,0.748088574511465,0.0630719049485633,7.19950501380665,5.4350429182045,1.31624537279185,1.14727737395621,1.14727737395621,-1.53795597791463
"1212",1212,0.299945151032414,0.30488777513837,0.8508829082296,0.20936488079757,0.106720886591822,0.0801816787167918,5.99598467886319,5.4350429182045,1.31624537279185,1.14727737395621,1.14727737395621,-0.488932993356583
"1213",1213,0.875608084127423,0.768082535669557,0.842670371453627,0.644108795403503,0.120891619066359,0.135913841264555,5.33269178108547,5.4350429182045,1.31624537279185,1.14727737395621,1.14727737395621,0.0892121987606957
"1214",1214,0.249575402502669,0.0230772567180684,0.633766630360042,0.509068836533348,0.712776149335434,0.904802564695943,4.66736955816111,5.4350429182045,1.31624537279185,1.14727737395621,1.14727737395621,0.669126209119061
"1215",1215,0.369105731909513,0.693692048245459,0.179252221129485,0.733573933747597,0.688523546404322,0.0010040667054709,5.78963562827118,5.4350429182045,1.31624537279185,1.14727737395621,1.14727737395621,-0.309073218138976
"1216",1216,0.43277488615131,0.759290862219757,0.0754744470482692,0.720128587940475,0.996663152628578,0.659920254997443,5.63787737279168,5.4350429182045,1.31624537279185,1.14727737395621,1.14727737395621,-0.176796352121664
"1217",1217,0.284094967129407,0.665886123110075,0.687212734165718,0.0549093043325702,0.928044420985156,0.452738303232123,6.98216792429694,5.4350429182045,1.31624537279185,1.14727737395621,1.14727737395621,-1.34851871152781
"1218",1218,0.0403176026414149,0.963218850131263,0.934328922232962,0.572278266495676,0.296070062274928,0.108728625644464,8.53211960362737,5.4350429182045,1.31624537279185,1.14727737395621,1.14727737395621,-2.69950123285625
"1219",1219,0.182805432674359,0.429306843329687,0.373668879261008,0.22263821765082,0.0610456115346169,0.0979475085685262,6.1863957181738,5.4350429182045,1.31624537279185,1.14727737395621,1.14727737395621,-0.654900738936718
"1220",1220,0.630938752094051,0.868983727516257,0.982610848991084,0.197328481243458,0.00431243580312002,0.180407259810949,6.59923873883886,5.4350429182045,1.31624537279185,1.14727737395621,1.14727737395621,-1.0147466053652
"1221",1221,0.266847760886652,0.387018563733436,0.990437660317868,0.863806205149973,0.148124849956715,0.409807138181524,5.97285861799242,5.4350429182045,1.31624537279185,1.14727737395621,1.14727737395621,-0.468775652685754
"1222",1222,0.435052958111977,0.0541711536532966,0.872870238933363,0.92743534641224,0.105108672220027,0.365698512414936,4.30173007168135,5.4350429182045,1.31624537279185,1.14727737395621,1.14727737395621,0.987828115719824
"1223",1223,0.107607800207101,0.692484712620731,0.940665920694359,0.84746252094279,0.949574463341734,0.102471102145268,7.43535491841088,5.4350429182045,1.31624537279185,1.14727737395621,1.14727737395621,-1.74352954709515
"1224",1224,0.720076003509923,0.290966790690087,0.662650714876596,0.584202682003845,0.91467581311625,0.537359404850868,4.41768318250247,5.4350429182045,1.31624537279185,1.14727737395621,1.14727737395621,0.886760044952182
"1225",1225,0.33554785417614,0.273555513370666,0.678900653385557,0.0469244377337163,0.761210431567626,0.786121626008069,5.73874344841229,5.4350429182045,1.31624537279185,1.14727737395621,1.14727737395621,-0.264714128511508
"1226",1226,0.670461566168116,0.181981893501012,0.999827542429324,0.094639785677311,0.848471317590564,0.263207916271989,5.0848366688224,5.4350429182045,1.31624537279185,1.14727737395621,1.14727737395621,0.305249852679015
"1227",1227,0.520229000193765,0.333946695665945,0.617208526883973,0.136898101580911,0.0405421217475086,0.366454076348338,5.22806913623709,5.4350429182045,1.31624537279185,1.14727737395621,1.14727737395621,0.180404309076273
"1228",1228,0.903735922501306,0.593054701962508,0.0848527505047386,0.335561710444512,0.551431711353827,0.728971231861273,4.29372128755909,5.4350429182045,1.31624537279185,1.14727737395621,1.14727737395621,0.994808802608682
"1229",1229,0.970429955403088,0.0513943808255717,0.102232994519523,0.915129355025012,0.923724866924225,0.95174177949375,2.85597390602103,5.4350429182045,1.31624537279185,1.14727737395621,1.14727737395621,2.24799082656877
"1230",1230,0.726429731804761,0.596481629826711,0.244699473728659,0.998789940575487,0.561772549019544,0.880036351031624,4.63746690540455,5.4350429182045,1.31624537279185,1.14727737395621,1.14727737395621,0.695190222439087
"1231",1231,0.625101824069512,0.676870337205124,0.901388587781345,0.701198751885095,0.815576251443825,0.984804470805218,5.67231650645354,5.4350429182045,1.31624537279185,1.14727737395621,1.14727737395621,-0.206814492846519
"1232",1232,0.201747595285182,0.368796248095343,0.874184972330579,0.661678983409656,0.957533701054868,0.0890569178827573,6.18931532082616,5.4350429182045,1.31624537279185,1.14727737395621,1.14727737395621,-0.657445548691218
"1233",1233,0.55674524846999,0.0406730834238697,0.724048158564372,0.437189839871251,0.822992452750099,0.167954242938431,4.15455330486978,5.4350429182045,1.31624537279185,1.14727737395621,1.14727737395621,1.1161116242702
"1234",1234,0.858806984630413,0.690504218259477,0.339687104719924,0.668508673641598,0.0913198979170993,0.432985468439292,4.7339835599042,5.4350429182045,1.31624537279185,1.14727737395621,1.14727737395621,0.611063526758838
"1235",1235,0.43209985266719,0.350798535738606,0.723093398268567,0.745643062555231,0.285969270913745,0.351683069010847,5.19061666064458,5.4350429182045,1.31624537279185,1.14727737395621,1.14727737395621,0.213048965410216
"1236",1236,0.231217027078033,0.474772093375446,0.434258198049036,0.443811667060945,0.667255937178386,0.0782056762484135,6.06891383195414,5.4350429182045,1.31624537279185,1.14727737395621,1.14727737395621,-0.552500143503949
"1237",1237,0.195220321729663,0.0291780379121192,0.63247219114413,0.185830391582451,0.171373325381777,0.73746232919523,5.10899934648425,5.4350429182045,1.31624537279185,1.14727737395621,1.14727737395621,0.284188966959175
"1238",1238,0.0882908711007331,0.935168025585706,0.672268597693415,0.555231823392911,0.483846915436559,0.731070199069451,7.9762329064684,5.4350429182045,1.31624537279185,1.14727737395621,1.14727737395621,-2.21497437842864
"1239",1239,0.577676034606411,0.916176724103745,0.561341502752039,0.389951432479313,0.786324486842612,0.504831134669483,6.13834450673604,5.4350429182045,1.31624537279185,1.14727737395621,1.14727737395621,-0.613017919203193
"1240",1240,0.813796356040286,0.122806667050812,0.0332296490218723,0.213052731187781,0.0747872030059807,0.37444984232611,3.29816377474258,5.4350429182045,1.31624537279185,1.14727737395621,1.14727737395621,1.86256540220367
"1241",1241,0.653832919619628,0.687015999376308,0.689736394755775,0.0733343586410629,0.413658794855932,0.45958202588628,5.93535882121145,5.4350429182045,1.31624537279185,1.14727737395621,1.14727737395621,-0.436089749841128
"1242",1242,0.703264933132916,0.36981141206855,0.214752174412832,0.681029197376454,0.754114902073634,0.844031575660571,4.19596332260086,5.4350429182045,1.31624537279185,1.14727737395621,1.14727737395621,1.08001746023358
"1243",1243,0.715824623810709,0.554851721541141,0.706472456479445,0.199992208797834,0.375452223893604,0.997033374439226,5.38861049998466,5.4350429182045,1.31624537279185,1.14727737395621,1.14727737395621,0.0404718329445697
"1244",1244,0.686652887712815,0.955931150155491,0.74305555219308,0.223059185895021,0.369541331548942,0.234964316554251,6.29449392314053,5.4350429182045,1.31624537279185,1.14727737395621,1.14727737395621,-0.749122247545374
"1245",1245,0.594630704385927,0.965909998918534,0.499478664722992,0.675304115510779,0.759242234329227,0.207590773675009,5.98951171040914,5.4350429182045,1.31624537279185,1.14727737395621,1.14727737395621,-0.483290967634652
"1246",1246,0.649381610888173,0.941337137790048,0.835671745388536,0.36223149445164,0.93511759059364,0.74207155210874,6.32619170087503,5.4350429182045,1.31624537279185,1.14727737395621,1.14727737395621,-0.776750943494632
"1247",1247,0.171992869433016,0.107437845983193,0.654844884231337,0.791474922871566,0.347698158837273,0.571085758758127,5.14629778731619,5.4350429182045,1.31624537279185,1.14727737395621,1.14727737395621,0.251678571758647
"1248",1248,0.88091315488168,0.0887873218884924,0.0899627912864089,0.346487719613244,0.947482759217499,0.620875530591584,3.15030013282392,5.4350429182045,1.31624537279185,1.14727737395621,1.14727737395621,1.99144761087896
"1249",1249,0.397693106998689,0.72060369508306,0.314744364097132,0.284853486352367,0.328470049128868,0.831068211321603,6.0308779761407,5.4350429182045,1.31624537279185,1.14727737395621,1.14727737395621,-0.519346996168463
"1250",1250,0.502737324020709,0.0172274696164532,0.260451364651788,0.556572773805819,0.358658721958287,0.449760905546253,3.64237232846178,5.4350429182045,1.31624537279185,1.14727737395621,1.14727737395621,1.56254331379427
"1251",1251,0.658730451425305,0.0749163298949134,0.456295015362557,0.421888987023034,0.956983185632736,0.912247614820371,3.79906175358679,5.4350429182045,1.31624537279185,1.14727737395621,1.14727737395621,1.42596829829937
"1252",1252,0.378330451582326,0.907776026176289,0.502648276260705,0.0944611828126945,0.258686119540362,0.143032653249335,6.87409090797466,5.4350429182045,1.31624537279185,1.14727737395621,1.14727737395621,-1.25431567155188
"1253",1253,0.696326138069271,0.530641976050567,0.0378848888439825,0.903657050413662,0.932473330678069,0.705649009051384,4.40786953209697,5.4350429182045,1.31624537279185,1.14727737395621,1.14727737395621,0.895313905272515
"1254",1254,0.822539999499102,0.833115553982207,0.75952789491869,0.335408272464643,0.653785104767419,0.881234730895143,5.68071911386216,5.4350429182045,1.31624537279185,1.14727737395621,1.14727737395621,-0.21413844745363
"1255",1255,0.166798882237403,0.848875014339457,0.675967140843044,0.914500724241254,0.449550670124474,0.0329180247075856,7.27343058547611,5.4350429182045,1.31624537279185,1.14727737395621,1.14727737395621,-1.60239163519125
"1256",1256,0.0270032696449198,0.238968342475011,0.286855346072465,0.892873677791562,0.319966266229283,0.71698046062747,5.97498206380432,5.4350429182045,1.31624537279185,1.14727737395621,1.14727737395621,-0.470626509209296
"1257",1257,0.0749464565551607,0.971104227637174,0.344018683070201,0.0803326348459814,0.386739128131187,0.878633512983564,8.04603432990459,5.4350429182045,1.31624537279185,1.14727737395621,1.14727737395621,-2.27581530933229
"1258",1258,0.390849806030863,0.538776184646646,0.140159420314012,0.0526575317053357,0.0908675062119728,0.423363109412719,5.51147885609172,5.4350429182045,1.31624537279185,1.14727737395621,1.14727737395621,-0.0666237647689694
"1259",1259,0.592929627119098,0.691420505636022,0.526553286173148,0.975911432759487,0.186187169653247,0.65934987590916,5.36081466284062,5.4350429182045,1.31624537279185,1.14727737395621,1.14727737395621,0.0646994851017721
"1260",1260,0.862058050503721,0.0147103372156853,0.943092269739835,0.0560313005771022,0.496466812029947,0.31277495482075,4.3199775907739,5.4350429182045,1.31624537279185,1.14727737395621,1.14727737395621,0.971923052561796
"1261",1261,0.282398557557724,0.768676751893014,0.00329759489849675,0.348231737900875,0.911312253776006,0.121219014671282,6.1589731137661,5.4350429182045,1.31624537279185,1.14727737395621,1.14727737395621,-0.630998407181376
"1262",1262,0.210006720774807,0.272034887921764,0.113120288311504,0.0973845545818331,0.992427499578334,0.969623531300458,5.30693838187818,5.4350429182045,1.31624537279185,1.14727737395621,1.14727737395621,0.111659603191311
"1263",1263,0.0386578848834615,0.323135021584923,0.311954939353862,0.243664480624255,0.42049952761922,0.655439241097309,6.44732374538104,5.4350429182045,1.31624537279185,1.14727737395621,1.14727737395621,-0.882333122012025
"1264",1264,0.837375291392673,0.00573707135312725,0.749884461974725,0.0594219522462226,0.243775272618514,0.0600198733953293,4.0502905498449,5.4350429182045,1.31624537279185,1.14727737395621,1.14727737395621,1.20699004425102
"1265",1265,0.746810480701155,0.743023280269001,0.90771318498312,0.472971569862915,0.627569186061271,0.0230968136860756,5.72693649566316,5.4350429182045,1.31624537279185,1.14727737395621,1.14727737395621,-0.254422848462625
"1266",1266,0.691883338197717,0.907154371294193,0.505819919430069,0.730547876279801,0.202990917497082,0.287665152780479,5.62548336454925,5.4350429182045,1.31624537279185,1.14727737395621,1.14727737395621,-0.165993377597996
"1267",1267,0.489518696745858,0.00105020572734065,0.910274243360153,0.167467343254713,0.18163882529072,0.9792100523439,4.61949377708183,5.4350429182045,1.31624537279185,1.14727737395621,1.14727737395621,0.710856118699852
"1268",1268,0.112696782683721,0.62410108734481,0.575997719991137,0.640873565530055,0.263501879587886,0.31472263147484,7.02350323560022,5.4350429182045,1.31624537279185,1.14727737395621,1.14727737395621,-1.38454775929047
"1269",1269,0.151254896606551,0.342571662815986,0.0152795931663131,0.883216028375318,0.565757856294047,0.798325442234869,5.50614834888542,5.4350429182045,1.31624537279185,1.14727737395621,1.14727737395621,-0.0619775411727361
"1270",1270,0.254155570396804,0.784737888655043,0.75101819281152,0.569095242730458,0.512278797193198,0.411156605029479,6.98634335619129,5.4350429182045,1.31624537279185,1.14727737395621,1.14727737395621,-1.35215813821671
"1271",1271,0.833225229706266,0.929718662093626,0.286466332713258,0.0551859905876918,0.322232530856156,0.362159928914392,5.46003266407025,5.4350429182045,1.31624537279185,1.14727737395621,1.14727737395621,-0.0217817821853985
"1272",1272,0.0439254691340029,0.752565014328342,0.950823096692911,0.340748437988805,0.451953214278445,0.352606364316889,8.27939901683244,5.4350429182045,1.31624537279185,1.14727737395621,1.14727737395621,-2.47922269121338
"1273",1273,0.76343705955625,0.697107128742849,0.445881806952413,0.0193740126225166,0.281080617417116,0.798960252841818,5.42146990894719,5.4350429182045,1.31624537279185,1.14727737395621,1.14727737395621,0.0118306257627186
"1274",1274,0.169120489384164,0.264844042082201,0.42365957845212,0.294608242082992,0.740938182274927,0.328847878976609,5.74223880714924,5.4350429182045,1.31624537279185,1.14727737395621,1.14727737395621,-0.267760783850746
"1275",1275,0.597328022201313,0.376040241479059,0.519098149828613,0.969091059933999,0.560930028730421,0.442794261996518,4.60569163102978,5.4350429182045,1.31624537279185,1.14727737395621,1.14727737395621,0.72288646669186
"1276",1276,0.849231292570592,0.384055392743438,0.0299015951181063,0.770422252211254,0.32572641806805,0.947141780031263,3.79805695991433,5.4350429182045,1.31624537279185,1.14727737395621,1.14727737395621,1.42684410540171
"1277",1277,0.104480915540247,0.324946595465299,0.547718134644441,0.589902335819555,0.648971378317336,0.898808389153797,6.19819426954809,5.4350429182045,1.31624537279185,1.14727737395621,1.14727737395621,-0.665184696105336
"1278",1278,0.964822505281889,0.675616464357357,0.11460634279123,0.487655703420169,0.069273302480462,0.896007150293328,4.35264220193757,5.4350429182045,1.31624537279185,1.14727737395621,1.14727737395621,0.943451636751483
"1279",1279,0.0481963253072463,0.396063915729988,0.958545124571305,0.41414090252528,0.374668411393184,0.0584415526124649,7.25485854318151,5.4350429182045,1.31624537279185,1.14727737395621,1.14727737395621,-1.58620370826425
"1280",1280,0.384200682802708,0.49365619124868,0.754038494110224,0.395799813682213,0.617345577138709,0.51611516180879,5.95393346048512,5.4350429182045,1.31624537279185,1.14727737395621,1.14727737395621,-0.452279940369874
"1281",1281,0.563676301548956,0.719594125290983,0.0144026868790388,0.665379894973361,0.702813524028985,0.93905671749555,5.13834941682573,5.4350429182045,1.31624537279185,1.14727737395621,1.14727737395621,0.258606600386154
"1282",1282,0.591685097275884,0.789045628584805,0.334136292776908,0.480105044302647,0.595332957492443,0.638271893515484,5.56471796242106,5.4350429182045,1.31624537279185,1.14727737395621,1.14727737395621,-0.113028503098074
"1283",1283,0.188448667782592,0.5263504731172,0.702322451505694,0.942795606090687,0.758152174881077,0.202984397949069,6.410151252609,5.4350429182045,1.31624537279185,1.14727737395621,1.14727737395621,-0.84993250676773
"1284",1284,0.957499733064207,0.656114371342817,0.722084280680283,0.880716147406492,0.395692092298763,0.183343434483046,4.75097000687028,5.4350429182045,1.31624537279185,1.14727737395621,1.14727737395621,0.596257650384318
"1285",1285,0.23554530261422,0.132234532124829,0.976939624403371,0.788263667240273,0.792919911674806,0.196049598133541,5.29065050812529,5.4350429182045,1.31624537279185,1.14727737395621,1.14727737395621,0.125856583034751
"1286",1286,0.985785817769705,0.991713999070809,0.666153740058653,0.240366825627047,0.184536799262278,0.680353610079619,5.63448293102206,5.4350429182045,1.31624537279185,1.14727737395621,1.14727737395621,-0.173837658917495
"1287",1287,0.279736792451935,0.642946683875867,0.855299228408257,0.956571360721835,0.329260137978359,0.670243195396615,6.4516232208087,5.4350429182045,1.31624537279185,1.14727737395621,1.14727737395621,-0.886080668616935
"1288",1288,0.327111421049573,0.980970441246522,0.318566383314203,0.826880018004915,0.428082402050612,0.400980558068142,6.62984922435705,5.4350429182045,1.31624537279185,1.14727737395621,1.14727737395621,-1.04142758610539
"1289",1289,0.973566812699661,0.782742160530644,0.985329150662641,0.900086555281188,0.925207964994246,0.218162259933772,5.16398007187908,5.4350429182045,1.31624537279185,1.14727737395621,1.14727737395621,0.236266183295066
"1290",1290,0.243816753986059,0.876279551553889,0.969489926009439,0.0262032360821031,0.289480624125805,0.0657338068666868,8.07828075195138,5.4350429182045,1.31624537279185,1.14727737395621,1.14727737395621,-2.30392221946475
"1291",1291,0.948772151761339,0.860047587918118,0.565779140023864,0.496268601941178,0.904875486428849,0.244147149259574,5.18322492909095,5.4350429182045,1.31624537279185,1.14727737395621,1.14727737395621,0.219491811509534
"1292",1292,0.129180191380554,0.231653294048738,0.297812500984292,0.933218419346726,0.944379506576224,0.763133482180536,5.44721883622366,5.4350429182045,1.31624537279185,1.14727737395621,1.14727737395621,-0.0106128808042065
"1293",1293,0.721346130024409,0.210892388426932,0.785452845790773,0.407547190837795,0.000579368381644599,0.463559847775032,4.44751022823086,5.4350429182045,1.31624537279185,1.14727737395621,1.14727737395621,0.860761932895342
"1294",1294,0.650127510249382,0.788606827100739,0.406321777321282,0.260911787443561,0.370859205397312,0.136035328128375,5.61541763012442,5.4350429182045,1.31624537279185,1.14727737395621,1.14727737395621,-0.157219793586555
"1295",1295,0.775301807631971,0.965272411628394,0.352142226831987,0.613151650194195,0.364997155871475,0.568848872499424,5.44662395299442,5.4350429182045,1.31624537279185,1.14727737395621,1.14727737395621,-0.0100943634493414
"1296",1296,0.571244712855783,0.636122844296857,0.276967634896864,0.616908787366468,0.865490617688629,0.194932111945469,5.19129291838498,5.4350429182045,1.31624537279185,1.14727737395621,1.14727737395621,0.21245951968789
"1297",1297,0.209038959334488,0.638505224952474,0.269776770060649,0.118914667714154,0.609379563859548,0.950241989006055,6.55696018032708,5.4350429182045,1.31624537279185,1.14727737395621,1.14727737395621,-0.977895396170692
"1298",1298,0.588674512234167,0.951023898327607,0.413742636413896,0.916558633249486,0.607147142493632,0.988393825287698,5.8227726994921,5.4350429182045,1.31624537279185,1.14727737395621,1.14727737395621,-0.337956443741737
"1299",1299,0.0967750703883357,0.329161659260397,0.712650923643727,0.241224513185909,0.375986847052234,0.682113786219968,6.66251658868099,5.4350429182045,1.31624537279185,1.14727737395621,1.14727737395621,-1.06990140164949
"1300",1300,0.185663278943044,0.930649675968685,0.0614739312070888,0.619260240150616,0.948872190328548,0.907558668608312,6.90755353337139,5.4350429182045,1.31624537279185,1.14727737395621,1.14727737395621,-1.28348265955003
"1301",1301,0.954973074953421,0.0750485337725841,0.252957024465781,0.020087278961204,0.762348556241719,0.478331960594514,3.38722706367774,5.4350429182045,1.31624537279185,1.14727737395621,1.14727737395621,1.78493527460163
"1302",1302,0.680480091330828,0.25554974139994,0.756625200088602,0.299629031834425,0.609956753815408,0.831531296843546,4.69372747967956,5.4350429182045,1.31624537279185,1.14727737395621,1.14727737395621,0.646151885632179
"1303",1303,0.742678157476941,0.465207920099376,0.62615108784684,0.00427708991046529,0.723529145683045,0.301851333537139,5.25644352323883,5.4350429182045,1.31624537279185,1.14727737395621,1.14727737395621,0.15567237620123
"1304",1304,0.984129502403899,0.705626439421438,0.0642900528064929,0.550972458787379,0.788810334903887,0.400087611959665,4.31769601709077,5.4350429182045,1.31624537279185,1.14727737395621,1.14727737395621,0.973911737891884
"1305",1305,0.504154356574058,0.0945256045840215,0.234117252952186,0.438237380582606,0.662508364694193,0.64750066852069,3.9049015829217,5.4350429182045,1.31624537279185,1.14727737395621,1.14727737395621,1.3337152549312
"1306",1306,0.90548833961261,0.308572732990375,0.91762663005176,0.221668326531653,0.310859162296401,0.79135407614545,4.73772770692117,5.4350429182045,1.31624537279185,1.14727737395621,1.14727737395621,0.607800020389791
"1307",1307,0.570923247338855,0.183395981309237,0.100574135170202,0.563919400935527,0.809920726948185,0.323041533279931,3.87517316514691,5.4350429182045,1.31624537279185,1.14727737395621,1.14727737395621,1.35962740002326
"1308",1308,0.61363265984098,0.748722813782515,0.967031293416512,0.2220066331384,0.260518755135825,0.70627796752064,6.33879002210149,5.4350429182045,1.31624537279185,1.14727737395621,1.14727737395621,-0.787732003099265
"1309",1309,0.601811871861806,0.959498837225139,0.767954516461934,0.781374985150993,0.218472103841021,0.803568301269319,6.14046568359047,5.4350429182045,1.31624537279185,1.14727737395621,1.14727737395621,-0.614866798038061
"1310",1310,0.701421146686887,0.976518570049782,0.105672101376695,0.650503111268277,0.907652059806627,0.894503332188353,5.39345799959238,5.4350429182045,1.31624537279185,1.14727737395621,1.14727737395621,0.0362466126815704
"1311",1311,0.000472719159210101,0.237063757978729,0.912288238642737,0.191335380401812,0.0465221183318645,0.824661423514248,7.15871161753951,5.4350429182045,1.31624537279185,1.14727737395621,1.14727737395621,-1.50239927890428
"1312",1312,0.0406294759784359,0.68769048542704,0.483802719210857,0.0443344555579824,0.898183256333345,0.198983678410877,7.85452122653174,5.4350429182045,1.31624537279185,1.14727737395621,1.14727737395621,-2.10888697297676
"1313",1313,0.326100522961584,0.343845917997765,0.678259342927951,0.297301618524012,0.110116404841188,0.953403799526277,5.71464596477712,5.4350429182045,1.31624537279185,1.14727737395621,1.14727737395621,-0.243710067782869
"1314",1314,0.926436901969486,0.695035083136056,0.615544083686196,0.934482968924101,0.701354936288903,0.534416337602073,4.76708300634942,5.4350429182045,1.31624537279185,1.14727737395621,1.14727737395621,0.582213095994147
"1315",1315,0.98818927056645,0.531904146116693,0.277361844672239,0.734995259407558,0.349740376295522,0.0507377529467922,4.13352353952119,5.4350429182045,1.31624537279185,1.14727737395621,1.14727737395621,1.13444177339192
"1316",1316,0.0600370150675299,0.308251467719907,0.398911072493065,0.74623665906454,0.053303223587689,0.947527385560679,6.1700030482818,5.4350429182045,1.31624537279185,1.14727737395621,1.14727737395621,-0.640612415760369
"1317",1317,0.0833774778603111,0.959651421896182,0.552534983338439,0.514511629631394,0.975321696558152,0.751472396050114,7.95452688961637,5.4350429182045,1.31624537279185,1.14727737395621,1.14727737395621,-2.19605478902091
"1318",1318,0.275631877777283,0.0693647743874462,0.879895984414383,0.615548511935864,0.370004641351057,0.210581339828554,4.94938790249139,5.4350429182045,1.31624537279185,1.14727737395621,1.14727737395621,0.423310898251574
"1319",1319,0.0188522671043174,0.128910342327203,0.284886997197056,0.663906900722417,0.0988960803929949,0.394124539634795,5.64983770749233,5.4350429182045,1.31624537279185,1.14727737395621,1.14727737395621,-0.187221324296794
"1320",1320,0.0191683258039411,0.50730155369977,0.245109246082255,0.540283696177416,0.523663700601202,0.696001615846762,6.92918734821722,5.4350429182045,1.31624537279185,1.14727737395621,1.14727737395621,-1.30233931560978
"1321",1321,0.836186796760303,0.0768665581013774,0.815181689050747,0.00712685744802002,0.689612580587855,0.00381117793824524,4.43491808813903,5.4350429182045,1.31624537279185,1.14727737395621,1.14727737395621,0.871737604845019
"1322",1322,0.477875762937241,0.851161600094289,0.175688119220315,0.983642976423842,0.0510364430227783,0.0366587995697046,5.74551249124604,5.4350429182045,1.31624537279185,1.14727737395621,1.14727737395621,-0.27061422118954
"1323",1323,0.661927475160686,0.0297732077913824,0.629133972946438,0.909846567397588,0.685068643105449,0.66112452798197,3.60884718063753,5.4350429182045,1.31624537279185,1.14727737395621,1.14727737395621,1.59176479814085
"1324",1324,0.365920291083748,0.531036564616952,0.465190578410984,0.785613451754092,0.862397734544706,0.487966176035465,5.63018629121481,5.4350429182045,1.31624537279185,1.14727737395621,1.14727737395621,-0.170092583920999
"1325",1325,0.431543528973009,0.984650677880389,0.0810942083589034,0.506019415025483,0.207917934083031,0.188036611867137,6.14327203266204,5.4350429182045,1.31624537279185,1.14727737395621,1.14727737395621,-0.617312892709912
"1326",1326,0.52797235080984,0.43930538907554,0.491382869793684,0.406872083675,0.860428276368417,0.715961099156528,5.12503761558338,5.4350429182045,1.31624537279185,1.14727737395621,1.14727737395621,0.270209549720409
"1327",1327,0.283849721160834,0.127675713966601,0.0428304278925061,0.94670704963163,0.452070263602422,0.137932503225398,4.31081348958061,5.4350429182045,1.31624537279185,1.14727737395621,1.14727737395621,0.979910747082161
"1328",1328,0.286169353600242,0.70535094912455,0.748306163430796,0.166713165957481,0.997142915149452,0.919826928101596,7.01222229887522,5.4350429182045,1.31624537279185,1.14727737395621,1.14727737395621,-1.37471496995714
"1329",1329,0.567696895800414,0.123348189691198,0.504847704488202,0.198961453926284,0.598092843485298,0.499566585986642,4.31090730205923,5.4350429182045,1.31624537279185,1.14727737395621,1.14727737395621,0.979828977424056
"1330",1330,0.469540081904968,0.0305278605361236,0.566721867232351,0.303842924893252,0.922253517704667,0.588900589347468,4.20237459432009,5.4350429182045,1.31624537279185,1.14727737395621,1.14727737395621,1.07442921116255
"1331",1331,0.909589117039111,0.737525968690985,0.779209706070251,0.0412573429788463,0.0151324488056125,0.0111537108004559,5.71947735332883,5.4350429182045,1.31624537279185,1.14727737395621,1.14727737395621,-0.247921245185461
"1332",1332,0.874088889519684,0.297113118100096,0.32211365474679,0.00663522532978095,0.196015596937737,0.889642211165046,4.16226243668462,5.4350429182045,1.31624537279185,1.14727737395621,1.14727737395621,1.10939212296229
"1333",1333,0.24948820258351,0.00913653642195277,0.302812375070411,0.651348584281164,0.500402577059926,0.189871205612901,4.24230301625617,5.4350429182045,1.31624537279185,1.14727737395621,1.14727737395621,1.03962644868987
"1334",1334,0.676437022071681,0.31550028506224,0.968774690046092,0.912934124721913,0.952362573624239,0.272074943589047,4.66123676881779,5.4350429182045,1.31624537279185,1.14727737395621,1.14727737395621,0.674471724931137
"1335",1335,0.00698472522327211,0.565586655971478,0.0734406793445814,0.258851172530092,0.721593713407638,0.70248095552437,7.05588444228364,5.4350429182045,1.31624537279185,1.14727737395621,1.14727737395621,-1.41277215159392
"1336",1336,0.312518258754513,0.0654978887317702,0.230355879032169,0.793147197248298,0.934700947693316,0.109641658180044,4.17784466419799,5.4350429182045,1.31624537279185,1.14727737395621,1.14727737395621,1.09581020470338
"1337",1337,0.0492973584450083,0.78404990654916,0.789444949292345,0.42722646472021,0.0379898698525503,0.289192196380231,8.06866497075948,5.4350429182045,1.31624537279185,1.14727737395621,1.14727737395621,-2.2955408276495
"1338",1338,0.0793436226822669,0.446338511481765,0.262000949759153,0.910376165071852,0.616728812764515,0.464422503878013,6.3537741523739,5.4350429182045,1.31624537279185,1.14727737395621,1.14727737395621,-0.800792602578133
"1339",1339,0.476573882263969,0.77522733133065,0.972617894800147,0.795946557602962,0.564653065403923,0.331256120214355,6.2836171056694,5.4350429182045,1.31624537279185,1.14727737395621,1.14727737395621,-0.739641700192101
"1340",1340,0.694055575886741,0.279777525503188,0.199726096235099,0.999575923953671,0.350337620698032,0.101364893516176,3.91934919002478,5.4350429182045,1.31624537279185,1.14727737395621,1.14727737395621,1.32112230449824
"1341",1341,0.538786894473713,0.399843332324876,0.719300718228333,0.994004243912408,0.0146147769273957,0.609564658369171,4.94295963314652,5.4350429182045,1.31624537279185,1.14727737395621,1.14727737395621,0.428913962942637
"1342",1342,0.986802351948572,0.0880091286929091,0.844276255766861,0.951459584080614,0.384113116078428,0.675309533906751,3.4988535097018,5.4350429182045,1.31624537279185,1.14727737395621,1.14727737395621,1.6876384494763
"1343",1343,0.632758500155876,0.00324995057180058,0.138000963955303,0.881837952318136,0.757642433908186,0.838607322293916,3.18912166219855,5.4350429182045,1.31624537279185,1.14727737395621,1.14727737395621,1.95760964784064
"1344",1344,0.924874072200037,0.56855898848956,0.121883381407824,0.996106877527549,0.908967945027282,0.106026519308449,4.13019445694271,5.4350429182045,1.31624537279185,1.14727737395621,1.14727737395621,1.13734349764279
"1345",1345,0.0206523823278258,0.0806757121996488,0.677185562409461,0.419240988209494,0.225521852537757,0.972862130736467,5.93178145283864,5.4350429182045,1.31624537279185,1.14727737395621,1.14727737395621,-0.43297161254145
"1346",1346,0.197446381096728,0.244150952329859,0.889034859700245,0.996978295207256,0.143578085237066,0.945623342909967,5.6372645030528,5.4350429182045,1.31624537279185,1.14727737395621,1.14727737395621,-0.176262157206997
"1347",1347,0.785230434295721,0.351522145490511,0.718955437969999,0.829537730626995,0.294890881075989,0.300097165941028,4.39209266084621,5.4350429182045,1.31624537279185,1.14727737395621,1.14727737395621,0.90906548061855
"1348",1348,0.933843500687857,0.698371340262238,0.279352034351556,0.0286941303061321,0.0706500227458309,0.146020488719922,4.85518246760764,5.4350429182045,1.31624537279185,1.14727737395621,1.14727737395621,0.505423068352948
"1349",1349,0.780572750731721,0.262709612722625,0.924283273261855,0.741855095769861,0.832059585463023,0.756229093828471,4.38903709751766,5.4350429182045,1.31624537279185,1.14727737395621,1.14727737395621,0.911728797613998
"1350",1350,0.571785248382133,0.65688587183319,0.055438916083076,0.0508598652794026,0.772787420727429,0.498958281014813,5.16350994622221,5.4350429182045,1.31624537279185,1.14727737395621,1.14727737395621,0.236675958356914
"1351",1351,0.584733123581042,0.552161491217208,0.07933447787154,0.332920660431613,0.157180211157654,0.579404902683804,4.83717880832829,5.4350429182045,1.31624537279185,1.14727737395621,1.14727737395621,0.521115576274783
"1352",1352,0.345753063721117,0.769182481171098,0.376502346904366,0.0391906496840529,0.0296949271674966,0.910366044788272,6.55653193959206,5.4350429182045,1.31624537279185,1.14727737395621,1.14727737395621,-0.977522129212988
"1353",1353,0.251156142631429,0.753851259746938,0.72992064970301,0.694837264856091,0.880083692327142,0.597974607623299,6.83832962329197,5.4350429182045,1.31624537279185,1.14727737395621,1.14727737395621,-1.22314510592016
"1354",1354,0.792909507080447,0.326090279474389,0.78632441826968,0.576652270199731,0.802701683549327,0.0169378174999729,4.52458250398845,5.4350429182045,1.31624537279185,1.14727737395621,1.14727737395621,0.793583517712432
"1355",1355,0.401215047610109,0.340181104996125,0.316291379926726,0.722666430935147,0.595921790031251,0.38441003984306,4.90073782598435,5.4350429182045,1.31624537279185,1.14727737395621,1.14727737395621,0.465715706026417
"1356",1356,0.0822877725417493,0.330115719060064,0.610922534471727,0.595540780435898,0.256928351992043,0.777253978581983,6.38029933261241,5.4350429182045,1.31624537279185,1.14727737395621,1.14727737395621,-0.823912713582364
"1357",1357,0.587990015835501,0.0474371119587449,0.0480772829460911,0.33407343383925,0.121403521445696,0.0129745099239517,3.42607937016804,5.4350429182045,1.31624537279185,1.14727737395621,1.14727737395621,1.75107048534293
"1358",1358,0.657121529935859,0.966300631587277,0.698589699000237,0.0316431358433329,0.871477692920831,0.341696877265465,6.54888567948612,5.4350429182045,1.31624537279185,1.14727737395621,1.14727737395621,-0.970857428697216
"1359",1359,0.546908903547097,0.0260332951726159,0.0531299796998501,0.162333016285556,0.81853374363156,0.365343283607857,3.47530411130884,5.4350429182045,1.31624537279185,1.14727737395621,1.14727737395621,1.70816478332332
"1360",1360,0.293151348434039,0.698923684280016,0.392126196667319,0.968640838091611,0.908459604564938,0.990944255561568,6.17755978414276,5.4350429182045,1.31624537279185,1.14727737395621,1.14727737395621,-0.647199084365975
"1361",1361,0.132068111694651,0.98868951569288,0.58349878899008,0.818343921174877,0.653018617907306,0.273052418533131,7.67058788803225,5.4350429182045,1.31624537279185,1.14727737395621,1.14727737395621,-1.94856537797727
"1362",1362,0.43111563784664,0.208511555320001,0.696163685060455,0.723835154426983,0.797109512546449,0.503621909251786,4.75893925705639,5.4350429182045,1.31624537279185,1.14727737395621,1.14727737395621,0.58931142241276
"1363",1363,0.0866395354240667,0.522780742282397,0.813748492316226,0.0134790423553204,0.598962881980347,0.463101635462372,7.71849444960962,5.4350429182045,1.31624537279185,1.14727737395621,1.14727737395621,-1.99032211672665
"1364",1364,0.837559578705346,0.45780696694681,0.0304451309748692,0.123033191979397,0.371717231690185,0.177490227219649,4.10907103680994,5.4350429182045,1.31624537279185,1.14727737395621,1.14727737395621,1.1557552789716
"1365",1365,0.239537414277322,0.533461809849483,0.266752940674778,0.01800748468854,0.58589346740942,0.156515010486357,6.23526251304108,5.4350429182045,1.31624537279185,1.14727737395621,1.14727737395621,-0.697494444675698
"1366",1366,0.73398515141604,0.885899897220079,0.0244716675991658,0.788541648393148,0.388772224229877,0.111610038504936,5.0658811834627,5.4350429182045,1.31624537279185,1.14727737395621,1.14727737395621,0.321771999624469
"1367",1367,0.0886680115506751,0.448361768812756,0.158477272722172,0.906626817600685,0.353848235144396,0.0276332380813546,6.23769825530507,5.4350429182045,1.31624537279185,1.14727737395621,1.14727737395621,-0.699617507780822
"1368",1368,0.507176428499981,0.956115557299927,0.190977368519409,0.270477714611567,0.621114353793091,0.408782394116977,6.04717659486472,5.4350429182045,1.31624537279185,1.14727737395621,1.14727737395621,-0.533553341638187
"1369",1369,0.985186274135369,0.54021668321162,0.330730764145963,0.73234308322391,0.30992582658981,0.643986438721884,4.19201952127521,5.4350429182045,1.31624537279185,1.14727737395621,1.14727737395621,1.08345499104799
"1370",1370,0.0237104301946238,0.381531898936373,0.991039797234815,0.150490014311508,0.886711163159925,0.941071624647011,7.67511595247784,5.4350429182045,1.31624537279185,1.14727737395621,1.14727737395621,-1.95251216935342
"1371",1371,0.991036036173231,0.3569167626946,0.526102573809447,0.0217876077604014,0.0552135481856531,0.0642339945415733,4.44508705970627,5.4350429182045,1.31624537279185,1.14727737395621,1.14727737395621,0.86287403636709
"1372",1372,0.441163800824899,0.622442914574291,0.528564258744125,0.477290776171023,0.0457465255456045,0.902038123237551,5.80794773837785,5.4350429182045,1.31624537279185,1.14727737395621,1.14727737395621,-0.325034580685092
"1373",1373,0.962948138689739,0.267739837060333,0.228640955070616,0.766067983749439,0.694074423753424,0.0635039148972137,3.53879554862326,5.4350429182045,1.31624537279185,1.14727737395621,1.14727737395621,1.652823818047
"1374",1374,0.914154457674245,0.0243801725577796,0.861374502918101,0.204096083087614,0.0403862440418452,0.291067565749283,3.96668914954372,5.4350429182045,1.31624537279185,1.14727737395621,1.14727737395621,1.27985943242076
"1375",1375,0.0723350971103646,0.0087002411459107,0.322986300532823,0.205846727415221,0.603565269226325,0.212344922478544,5.09505425124654,5.4350429182045,1.31624537279185,1.14727737395621,1.14727737395621,0.296343913578249
"1376",1376,0.928364597537438,0.403125744290999,0.780055251494632,0.371349589704303,0.837515360381338,0.637051978345029,4.60892854191239,5.4350429182045,1.31624537279185,1.14727737395621,1.14727737395621,0.720065081945599
"1377",1377,0.967725629501976,0.210007943251752,0.923374743752996,0.526511591872084,0.706809980865335,0.322067759051337,4.13965923222477,5.4350429182045,1.31624537279185,1.14727737395621,1.14727737395621,1.12909372692743
"1378",1378,0.610825150196091,0.0912339035022305,0.525296985990601,0.761472117036465,0.647804471257259,0.13110147853056,3.86076035979427,5.4350429182045,1.31624537279185,1.14727737395621,1.14727737395621,1.37219001624826
"1379",1379,0.888359932434862,0.0399803594631376,0.509767703798716,0.753396059094928,0.0444087469665101,0.0858790382060688,3.30553461458464,5.4350429182045,1.31624537279185,1.14727737395621,1.14727737395621,1.85614076592183
"1380",1380,0.483933655543835,0.901919523434597,0.107596269957838,0.737117328944267,0.776704907817533,0.388377758428454,5.80616169809233,5.4350429182045,1.31624537279185,1.14727737395621,1.14727737395621,-0.323477816535407
"1381",1381,0.831902195943636,0.38567258989159,0.31669913168042,0.034899172818521,0.19942803217168,0.473299790624646,4.4085378998572,5.4350429182045,1.31624537279185,1.14727737395621,1.14727737395621,0.894731336684131
"1382",1382,0.712735994968563,0.367259368664236,0.58501443205995,0.326582685929025,0.506438726324704,0.296897309390013,4.70566807354621,5.4350429182045,1.31624537279185,1.14727737395621,1.14727737395621,0.635744120136487
"1383",1383,0.807346434383653,0.0312456415431807,0.110624833055772,0.0245076066066977,0.468881432268885,0.879539290633169,3.22539577062777,5.4350429182045,1.31624537279185,1.14727737395621,1.14727737395621,1.92599209026245
"1384",1384,0.0343841154396068,0.711735390338232,0.00389280684723053,0.869536397510208,0.893677715477883,0.686068723461474,7.09780432576538,5.4350429182045,1.31624537279185,1.14727737395621,1.14727737395621,-1.44931072930263
"1385",1385,0.993720611420809,0.651049463860574,0.857293985513039,0.0222686123137828,0.560262584135053,0.866318627064698,5.53663184473565,5.4350429182045,1.31624537279185,1.14727737395621,1.14727737395621,-0.0885478340611183
"1386",1386,0.753971849145018,0.570234273102949,0.863414816623204,0.279486114696367,0.170052022693679,0.334094186455128,5.46386085473963,5.4350429182045,1.31624537279185,1.14727737395621,1.14727737395621,-0.0251185434222897
"1387",1387,0.379728133086115,0.658832205907092,0.685063837069436,0.39281719315832,0.670131961650332,0.962664667661768,6.29905350497326,5.4350429182045,1.31624537279185,1.14727737395621,1.14727737395621,-0.753096510383842
"1388",1388,0.734380539208651,0.290230323441443,0.768734923889278,0.756124287176412,0.114846798042534,0.953970452476293,4.39525681735281,5.4350429182045,1.31624537279185,1.14727737395621,1.14727737395621,0.906307510681699
"1389",1389,0.656164117863169,0.316189466509735,0.227416877097101,0.155819960189634,0.878946344385506,0.991462402665755,4.34634733697455,5.4350429182045,1.31624537279185,1.14727737395621,1.14727737395621,0.948938422341365
"1390",1390,0.194252329319948,0.680558145896997,0.399344887485029,0.181724836718407,0.101645301429671,0.461661845303024,6.85422444319627,5.4350429182045,1.31624537279185,1.14727737395621,1.14727737395621,-1.23699948870947
"1391",1391,0.747295025809435,0.0674562149769627,0.664903611220769,0.515053090768633,0.267123924760148,0.940222436569864,3.80412041240874,5.4350429182045,1.31624537279185,1.14727737395621,1.14727737395621,1.421559025584
"1392",1392,0.585798879630864,0.942762264388497,0.501849461529753,0.116697893901146,0.880848515326623,0.816626287834952,6.3010366394522,5.4350429182045,1.31624537279185,1.14727737395621,1.14727737395621,-0.7548250675087
"1393",1393,0.870707018722664,0.851797074396978,0.5349935759746,0.692958933324553,0.476711043183808,0.0699528274325421,5.19673761495673,5.4350429182045,1.31624537279185,1.14727737395621,1.14727737395621,0.207713765352149
"1394",1394,0.263180579130421,0.352402536528069,0.0560986999246525,0.28575547124818,0.632711854074383,0.54480437215569,5.22789999316513,5.4350429182045,1.31624537279185,1.14727737395621,1.14727737395621,0.180551739049005
"1395",1395,0.595539163552807,0.119526217997889,0.775810046351049,0.133276068723062,0.267668089406448,0.448601690747426,4.67028742274627,5.4350429182045,1.31624537279185,1.14727737395621,1.14727737395621,0.666582914313988
"1396",1396,0.279230893456493,0.940806139412103,0.734508763264515,0.0906876907355618,0.749011569365161,0.21104911960871,7.62303416740913,5.4350429182045,1.31624537279185,1.14727737395621,1.14727737395621,-1.9071161855652
"1397",1397,0.0350000330555486,0.10569114761916,0.262615556136705,0.0300014853675384,0.659630360781797,0.574529056356754,5.72300473642729,5.4350429182045,1.31624537279185,1.14727737395621,1.14727737395621,-0.250995813880472
"1398",1398,0.955312877592165,0.224135736198863,0.590737371191266,0.494676708189189,0.584169855439803,0.684371057867887,3.87160433366625,5.4350429182045,1.31624537279185,1.14727737395621,1.14727737395621,1.36273809632188
"1399",1399,0.682730906434241,0.576252017990686,0.240127573581529,0.124945010727621,0.760287117584841,0.0316884095531423,4.96186198288318,5.4350429182045,1.31624537279185,1.14727737395621,1.14727737395621,0.412438130536496
"1400",1400,0.699224201199831,0.43575126410753,0.711044782411424,0.0709253582727397,0.991239534455002,0.631286027348018,5.30433107759851,5.4350429182045,1.31624537279185,1.14727737395621,1.14727737395621,0.113932204690179
"1401",1401,0.108361594066024,0.26089363316563,0.54699856900936,0.288626056065084,0.784468003324699,0.658866057470092,6.14017432573225,5.4350429182045,1.31624537279185,1.14727737395621,1.14727737395621,-0.614612842137915
"1402",1402,0.923887781285914,0.644144770495012,0.0137246840597363,0.573144714146503,0.138377594801132,0.547258783840109,4.24442281328206,5.4350429182045,1.31624537279185,1.14727737395621,1.14727737395621,1.03777877255329
"1403",1403,0.198717858688207,0.276659387934138,0.668292644034256,0.106212110477849,0.20358079599042,0.376570874209749,6.13618391220364,5.4350429182045,1.31624537279185,1.14727737395621,1.14727737395621,-0.611134682785003
"1404",1404,0.402939428466256,0.526685125473887,0.973393611611566,0.759003197603044,0.200415488490951,0.956132457799395,5.94307620092913,5.4350429182045,1.31624537279185,1.14727737395621,1.14727737395621,-0.442816440258692
"1405",1405,0.972556725264294,0.924932576373452,0.582576050070114,0.0542901380457915,0.478832502655801,0.15434220654692,5.63041959405478,5.4350429182045,1.31624537279185,1.14727737395621,1.14727737395621,-0.170295937395291
"1406",1406,0.418953472674941,0.442188620592118,0.513567919636145,0.159777187268483,0.583911989734159,0.00503245570242871,5.63668564867441,5.4350429182045,1.31624537279185,1.14727737395621,1.14727737395621,-0.175757611060154
"1407",1407,0.131746450142469,0.582703478977084,0.808996692045708,0.357079044415033,0.696169882301358,0.083391701866989,7.24944954468595,5.4350429182045,1.31624537279185,1.14727737395621,1.14727737395621,-1.5814890693998
"1408",1408,0.0511813011302147,0.749618197676958,0.703445342303254,0.9422902633294,0.0832850089183776,0.674753291967325,7.62385373751097,5.4350429182045,1.31624537279185,1.14727737395621,1.14727737395621,-1.90783054646906
"1409",1409,0.722285139980726,0.96710394550371,0.02546388649242,0.341033344246796,0.0824529452117858,0.781730531758629,5.30588900683245,5.4350429182045,1.31624537279185,1.14727737395621,1.14727737395621,0.112574268702505
"1410",1410,0.580399119514972,0.582359344811877,0.762645753362449,0.545797995100147,0.00844651455548592,0.47869357564149,5.54017709112264,5.4350429182045,1.31624537279185,1.14727737395621,1.14727737395621,-0.0916379729128631
"1411",1411,0.901240291707683,0.977669235022157,0.857863779201522,0.473961157917976,0.137587800121401,0.987479708883795,5.78205356617619,5.4350429182045,1.31624537279185,1.14727737395621,1.14727737395621,-0.30246447445841
"1412",1412,0.0229274661936797,0.353922302080318,0.637236807102337,0.804680141196004,0.405213352929335,0.171251616047579,6.70887666851445,5.4350429182045,1.31624537279185,1.14727737395621,1.14727737395621,-1.11031018237319
"1413",1413,0.24349240119115,0.568205635518883,0.974720003543072,0.276801484069671,0.124265842416673,0.980813507292303,6.99567856693953,5.4350429182045,1.31624537279185,1.14727737395621,1.14727737395621,-1.36029497675302
"1414",1414,0.00968294694134966,0.755632998285117,0.40047455362021,0.965863866051775,0.320844390653656,0.752887706807931,7.63322817168697,5.4350429182045,1.31624537279185,1.14727737395621,1.14727737395621,-1.91600157327462
"1415",1415,0.651544932677876,0.0268273223738652,0.651755409922684,0.740332402581815,0.230668620801996,0.335663951202645,3.70622321434498,5.4350429182045,1.31624537279185,1.14727737395621,1.14727737395621,1.50688904279351
"1416",1416,0.424413701794343,0.577235395500553,0.669584271911066,0.041556015644921,0.108242559622624,0.681878479461884,6.29342270143963,5.4350429182045,1.31624537279185,1.14727737395621,1.14727737395621,-0.748188539860364
"1417",1417,0.822444946971256,0.394935031920671,0.194473139833775,0.399743043201743,0.963252746229293,0.40741855702328,4.10166587506155,5.4350429182045,1.31624537279185,1.14727737395621,1.14727737395621,1.16220983121545
"1418",1418,0.404897483079811,0.282440699724364,0.0598370480875019,0.316715847895713,0.270013391804066,0.802946431848919,4.56989064921229,5.4350429182045,1.31624537279185,1.14727737395621,1.14727737395621,0.754091633489524
"1419",1419,0.525856053199968,0.0485355280347867,0.963547053510672,0.184512974653975,0.978577170414268,0.57564475164609,4.75844104572143,5.4350429182045,1.31624537279185,1.14727737395621,1.14727737395621,0.589745677760481
"1420",1420,0.373290587929892,0.824298266526544,0.277771602330613,0.966000296474434,0.15613990931632,0.585594955324312,6.08999105042242,5.4350429182045,1.31624537279185,1.14727737395621,1.14727737395621,-0.570871654131409
"1421",1421,0.745602042836836,0.637373685199418,0.848055077337078,0.991652347959694,0.965984394573374,0.484318160957657,5.14237723303796,5.4350429182045,1.31624537279185,1.14727737395621,1.14727737395621,0.255095839777025
"1422",1422,0.194641437546583,0.16470878487837,0.167243927342817,0.531104697676026,0.0234376183260465,0.958036535031744,4.9193919579191,5.4350429182045,1.31624537279185,1.14727737395621,1.14727737395621,0.449456227404936
"1423",1423,0.100372596049099,0.400149311320041,0.920750677269534,0.0146315326491604,0.924274381610681,0.569582382238586,7.45481781469143,5.4350429182045,1.31624537279185,1.14727737395621,1.14727737395621,-1.76049396801233
"1424",1424,0.99094223573932,0.0369499830844579,0.988414028500672,0.684334929731209,0.23728323426703,0.376290039602551,3.62936020038178,5.4350429182045,1.31624537279185,1.14727737395621,1.14727737395621,1.57388505936982
"1425",1425,0.485137617999688,0.64616852493491,0.461504281150061,0.286207299782662,0.569665714417351,0.380553653890383,5.77767611209174,5.4350429182045,1.31624537279185,1.14727737395621,1.14727737395621,-0.298648959410506
"1426",1426,0.498283804775099,0.929191582187777,0.909346819196711,0.859260552287917,0.0648158220346086,0.0423952611518325,6.46106072005226,5.4350429182045,1.31624537279185,1.14727737395621,1.14727737395621,-0.894306664751607
"1427",1427,0.806597084847977,0.0169162789579714,0.138623821116053,0.653288819203619,0.244942703707842,0.3034638280035,3.02789863187119,5.4350429182045,1.31624537279185,1.14727737395621,1.14727737395621,2.09813628419485
"1428",1428,0.932438300967566,0.293066951544839,0.561844546664739,0.883762862881413,0.623906962507404,0.510077559810481,3.8739579667396,5.4350429182045,1.31624537279185,1.14727737395621,1.14727737395621,1.36068660195201
"1429",1429,0.0498897436371772,0.735458613220835,0.904790426332038,0.92105649665778,0.255267461103853,0.363779925987008,7.76477571719253,5.4350429182045,1.31624537279185,1.14727737395621,1.14727737395621,-2.03066220242303
"1430",1430,0.466975853252341,0.998357926218072,0.919071916293935,0.0806689241783461,0.891690359280794,0.621771583431284,7.36793107172365,5.4350429182045,1.31624537279185,1.14727737395621,1.14727737395621,-1.68476098055859
"1431",1431,0.152044779807446,0.603154028815683,0.959599423561478,0.0900580999059603,0.148985298939631,0.369742202788824,7.70879918728282,5.4350429182045,1.31624537279185,1.14727737395621,1.14727737395621,-1.98187144686522
"1432",1432,0.356039418747998,0.475310341958888,0.680472432839451,0.314696014026529,0.925730372861959,0.295244921656325,5.97911772617988,5.4350429182045,1.31624537279185,1.14727737395621,1.14727737395621,-0.474231271640285
"1433",1433,0.407705619601184,0.671314365517581,0.662263416153495,0.584750829774188,0.691536017788225,0.125538403613493,6.10618668488502,5.4350429182045,1.31624537279185,1.14727737395621,1.14727737395621,-0.584988235552998
"1434",1434,0.683496740836534,0.42058141295251,0.515912182269734,0.86525479061692,0.573676706646103,0.791753572448273,4.56295286031785,5.4350429182045,1.31624537279185,1.14727737395621,1.14727737395621,0.760138810093832
"1435",1435,0.0695746565839509,0.983377169680665,0.0725986554617993,0.776027223598794,0.576368967633229,0.508459564690362,7.55428562399303,5.4350429182045,1.31624537279185,1.14727737395621,1.14727737395621,-1.84719297520934
"1436",1436,0.180144271384692,0.0679239514518995,0.926547742197989,0.661193634374533,0.401971820312785,0.959569171828916,5.26254602643426,5.4350429182045,1.31624537279185,1.14727737395621,1.14727737395621,0.150353258667877
"1437",1437,0.645554626301047,0.791197722582263,0.559721291544731,0.352683366530924,0.336928670480615,0.623504614391131,5.74476740688363,5.4350429182045,1.31624537279185,1.14727737395621,1.14727737395621,-0.269964784201307
"1438",1438,0.254595591253252,0.73600029168115,0.309532479862217,0.168345695449621,0.916330210309592,0.679314928569715,6.62822815754365,5.4350429182045,1.31624537279185,1.14727737395621,1.14727737395621,-1.04001461758514
"1439",1439,0.878179819116835,0.626328067003982,0.946821455366095,0.774572839160683,0.572001229560003,0.607285545069492,5.0518768051998,5.4350429182045,1.31624537279185,1.14727737395621,1.14727737395621,0.333978619035613
"1440",1440,0.80624750432407,0.877450680688838,0.812866434155381,0.784174527521362,0.0253762170092668,0.451155242589884,5.56007147580151,5.4350429182045,1.31624537279185,1.14727737395621,1.14727737395621,-0.108978491544611
"1441",1441,0.0674926733883331,0.994451929522329,0.604600801829598,0.196245459136786,0.243193837603205,0.0160005006336141,8.39122636175036,5.4350429182045,1.31624537279185,1.14727737395621,1.14727737395621,-2.57669462560036
"1442",1442,0.465790511567262,0.615090404791175,0.63635404855886,0.639089906222653,0.0422974764488172,0.133489464950049,5.75227164244325,5.4350429182045,1.31624537279185,1.14727737395621,1.14727737395621,-0.27650569203229
"1443",1443,0.62790594644018,0.709307552637067,0.954968543628114,0.6368611137314,0.951365300992038,0.162312671970692,5.8356291683302,5.4350429182045,1.31624537279185,1.14727737395621,1.14727737395621,-0.349162512239163
"1444",1444,0.0421965915340697,0.740451873484184,0.448934102333267,0.608440944498638,0.73562480391399,0.92540599093237,7.56380493561894,5.4350429182045,1.31624537279185,1.14727737395621,1.14727737395621,-1.85549028137261
"1445",1445,0.257914994231192,0.205118356059189,0.923838520235033,0.0569517146220896,0.451157343444298,0.974892623711843,6.11055473806381,5.4350429182045,1.31624537279185,1.14727737395621,1.14727737395621,-0.588795556500788
"1446",1446,0.992933580910321,0.680172284612199,0.809987839065143,0.302012162431958,0.622569248395856,0.267327965585049,5.18341381847143,5.4350429182045,1.31624537279185,1.14727737395621,1.14727737395621,0.219327170085614
"1447",1447,0.166403920521843,0.364644053889206,0.42693413409451,0.75209417148272,0.0546216779556125,0.00298727585375309,5.88961356307136,5.4350429182045,1.31624537279185,1.14727737395621,1.14727737395621,-0.396216865411843
"1448",1448,0.050290474718553,0.195997020200477,0.607833876967547,0.824898038733867,0.776066208142322,0.671816789819277,5.97040816064611,5.4350429182045,1.31624537279185,1.14727737395621,1.14727737395621,-0.466639763491094
"1449",1449,0.543186912215198,0.557004839098663,0.89099154155585,0.0126085795755498,0.635289914499037,0.18939020283008,6.305110209744,5.4350429182045,1.31624537279185,1.14727737395621,1.14727737395621,-0.75837570869127
"1450",1450,0.78176830117614,0.956530297554564,0.258572398204007,0.283119977953378,0.614196041007177,0.0221836909062695,5.45466483421413,5.4350429182045,1.31624537279185,1.14727737395621,1.14727737395621,-0.0171030270927131
"1451",1451,0.290508263798663,0.669630758313346,0.0763606865109177,0.637086254909169,0.424380550385336,0.304642945933621,5.92569502792855,5.4350429182045,1.31624537279185,1.14727737395621,1.14727737395621,-0.427666509304643
"1452",1452,0.970508037474588,0.366509721582988,0.351113874606788,0.67602347189968,0.0803589893517783,0.94274150392483,3.87516186495599,5.4350429182045,1.31624537279185,1.14727737395621,1.14727737395621,1.3596372495951
"1453",1453,0.641608815479092,0.820169548674836,0.0199260732687544,0.449748741060495,0.72878997337434,0.168166421270347,5.19100903917932,5.4350429182045,1.31624537279185,1.14727737395621,1.14727737395621,0.212706956979084
"1454",1454,0.375812355888076,0.495205544878147,0.017216014687554,0.327073007114814,0.607573848495376,0.930244530426571,5.19570250219716,5.4350429182045,1.31624537279185,1.14727737395621,1.14727737395621,0.20861599944398
"1455",1455,0.671234664543881,0.165228318452835,0.47720011636964,0.112894519248162,0.61811018928187,0.141821124241571,4.28694787050025,5.4350429182045,1.31624537279185,1.14727737395621,1.14727737395621,1.00071270798728
"1456",1456,0.0366393199097365,0.577640587467118,0.984006870079669,0.97008997986035,0.479341724613681,0.032279132107622,7.49716656220743,5.4350429182045,1.31624537279185,1.14727737395621,1.14727737395621,-1.79740635596431
"1457",1457,0.663984160957509,0.827151840596227,0.0163474357563537,0.180906409184914,0.185096128151286,0.0439715735837817,5.20482580413636,5.4350429182045,1.31624537279185,1.14727737395621,1.14727737395621,0.200663866728472
"1458",1458,0.435525950571173,0.113609071187093,0.360101084569236,0.679986436116276,0.316625598930405,0.761349509147229,4.16359677841121,5.4350429182045,1.31624537279185,1.14727737395621,1.14727737395621,1.1082290722852
"1459",1459,0.774529642610578,0.980246010434581,0.417134417866007,0.969881419050158,0.582545368536026,0.360825380042428,5.42973940751916,5.4350429182045,1.31624537279185,1.14727737395621,1.14727737395621,0.00462269265108185
"1460",1460,0.362138034384465,0.323713881997741,0.0976062533642398,0.279789653213113,0.980892797204666,0.345240364295198,4.87042378100512,5.4350429182045,1.31624537279185,1.14727737395621,1.14727737395621,0.492138300655558
"1461",1461,0.226452492034994,0.937655380690005,0.415182579480694,0.867433516893187,0.97680203514453,0.0046156997946091,7.00789478257614,5.4350429182045,1.31624537279185,1.14727737395621,1.14727737395621,-1.37094298212114
"1462",1462,0.743047065353836,0.292184106439236,0.072295409050188,0.599693119750125,0.433272635867237,0.630447555916035,3.81494518891472,5.4350429182045,1.31624537279185,1.14727737395621,1.14727737395621,1.4121238386347
"1463",1463,0.706239113042597,0.0104340748075629,0.933964863353525,0.682063011588878,0.545983044761931,0.572193828631542,3.84866874741408,5.4350429182045,1.31624537279185,1.14727737395621,1.14727737395621,1.38272941382959
"1464",1464,0.444655693096574,0.350330035196734,0.328241775184171,0.109988189905998,0.838128558970056,0.657743746682885,5.08887458408973,5.4350429182045,1.31624537279185,1.14727737395621,1.14727737395621,0.301730289442615
"1465",1465,0.68398286445858,0.540692170157679,0.250921543650795,0.811462728179176,0.332186258409522,0.310227978197858,4.64548353948569,5.4350429182045,1.31624537279185,1.14727737395621,1.14727737395621,0.688202693299995
"1466",1466,0.04104884568532,0.469853693577577,0.369689319647499,0.754446343290736,0.890153728313511,0.209489218912902,6.75310873383099,5.4350429182045,1.31624537279185,1.14727737395621,1.14727737395621,-1.14886412435847
"1467",1467,0.408994239652064,0.361553998462507,0.387592927930527,0.532334075181978,0.980146347605041,0.046375452597742,5.07623955077302,5.4350429182045,1.31624537279185,1.14727737395621,1.14727737395621,0.312743348362394
"1468",1468,0.980748590762145,0.244873117779964,0.102975430877181,0.992900143175735,0.780003221154911,0.513139667774434,3.3163315600969,5.4350429182045,1.31624537279185,1.14727737395621,1.14727737395621,1.84672983726817
"1469",1469,0.988525276421569,0.436632033983478,0.128828072421951,0.924075479505002,0.0502932266466087,0.344573045982514,3.76714089450893,5.4350429182045,1.31624537279185,1.14727737395621,1.14727737395621,1.45379143837211
"1470",1470,0.966743965826812,0.297644169800449,0.961026053903159,0.705381571851089,0.0450563544911565,0.0196017399702687,4.28429672334045,5.4350429182045,1.31624537279185,1.14727737395621,1.14727737395621,1.00302352420311
"1471",1471,0.946645097498898,0.284432526008692,0.307406640786445,0.356413201411138,0.313250183203258,0.380389096230268,3.79719963782614,5.4350429182045,1.31624537279185,1.14727737395621,1.14727737395621,1.42759137202411
"1472",1472,0.951102435035864,0.923409589330782,0.377949958206154,0.986245230392553,0.935942171039875,0.825538309988682,4.94748392741472,5.4350429182045,1.31624537279185,1.14727737395621,1.14727737395621,0.424970457761672
"1473",1473,0.377342921393923,0.925654598533758,0.447382374161622,0.605866698433179,0.277169111117139,0.628539919714211,6.52729323966939,5.4350429182045,1.31624537279185,1.14727737395621,1.14727737395621,-0.9520368363044
"1474",1474,0.00846403783746064,0.667621013260912,0.492555398704135,0.153689951042412,0.373498627464171,0.718038336425321,7.89579658929463,5.4350429182045,1.31624537279185,1.14727737395621,1.14727737395621,-2.14486376786513
"1475",1475,0.10135253725131,0.471107966458425,0.761072623449028,0.0119318463733653,0.964074682334438,0.225578887685202,7.42515458952175,5.4350429182045,1.31624537279185,1.14727737395621,1.14727737395621,-1.73463864667239
"1476",1476,0.0970882560260361,0.233423553192406,0.631962651545065,0.933731234988081,0.447050364069641,0.872318675456103,5.85672604866442,5.4350429182045,1.31624537279185,1.14727737395621,1.14727737395621,-0.367551160715225
"1477",1477,0.589982141622342,0.990003623405006,0.0430614755668212,0.905966950699338,0.610393214965821,0.819914995940635,5.60487977175989,5.4350429182045,1.31624537279185,1.14727737395621,1.14727737395621,-0.148034692752402
"1478",1478,0.171261552992277,0.0342870437212987,0.822226036353037,0.376919560904149,0.990944120864733,0.153850379131967,5.27665216235858,5.4350429182045,1.31624537279185,1.14727737395621,1.14727737395621,0.138057944348483
"1479",1479,0.354429645469179,0.778144023690373,0.531177074742271,0.974022106519318,0.740174925826257,0.689986273535294,6.24388778802809,5.4350429182045,1.31624537279185,1.14727737395621,1.14727737395621,-0.705012482756818
"1480",1480,0.242579289629473,0.0416371333184652,0.0765575480171247,0.00988903782551643,0.0996155380675336,0.160181950995815,4.35634340552492,5.4350429182045,1.31624537279185,1.14727737395621,1.14727737395621,0.940225561112436
"1481",1481,0.426564337290823,0.982267639656202,0.127863623893471,0.127070711746113,0.204513052438968,0.932936499376781,6.31639657558881,5.4350429182045,1.31624537279185,1.14727737395621,1.14727737395621,-0.768213230201775
"1482",1482,0.127558752399636,0.908058562294929,0.985833481272217,0.469487530793529,0.744481717383489,0.256950434855535,8.10520206515488,5.4350429182045,1.31624537279185,1.14727737395621,1.14727737395621,-2.32738761136964
"1483",1483,0.943187495656428,0.143913073804346,0.267308445016388,0.407097556686611,0.672964453362627,0.181927753906813,3.39838598816682,5.4350429182045,1.31624537279185,1.14727737395621,1.14727737395621,1.77520883464701
"1484",1484,0.0804355241397861,0.309216801562812,0.458257941855583,0.245929160215775,0.376428882445092,0.0492008008327102,6.3712781892013,5.4350429182045,1.31624537279185,1.14727737395621,1.14727737395621,-0.81604962518204
"1485",1485,0.916873512319173,0.8623132113053,0.483464363015722,0.184345000828267,0.958214935537777,0.633844326214632,5.34905897253928,5.4350429182045,1.31624537279185,1.14727737395621,1.14727737395621,0.0749460833248354
"1486",1486,0.027694153362303,0.0879857795673888,0.604431913984125,0.0862592650593724,0.519828854239546,0.867194060230977,6.1302367664484,5.4350429182045,1.31624537279185,1.14727737395621,1.14727737395621,-0.605950979270715
"1487",1487,0.928873402973055,0.118876298880088,0.282342922408949,0.491331495087245,0.241293158623623,0.786747517177486,3.33171965192984,5.4350429182045,1.31624537279185,1.14727737395621,1.14727737395621,1.8333171332593
"1488",1488,0.794328736189404,0.51964420817385,0.292407386596547,0.957274559481652,0.739904772682581,0.371031311571132,4.38389775104312,5.4350429182045,1.31624537279185,1.14727737395621,1.14727737395621,0.916208400011121
"1489",1489,0.796392980735982,0.539487296189298,0.45956972333556,0.574987242487259,0.808358561316272,0.990151883331942,4.6752746882868,5.4350429182045,1.31624537279185,1.14727737395621,1.14727737395621,0.662235870038782
"1490",1490,0.312487143764505,0.191139252307243,0.0974903692632215,0.604810977618443,0.608906079987297,0.967704561056918,4.52964984806337,5.4350429182045,1.31624537279185,1.14727737395621,1.14727737395621,0.78916667468044
"1491",1491,0.0202146123043494,0.9906423333399,0.627685551246861,0.591517758902162,0.920553622195148,0.387656566560618,8.3881125336964,5.4350429182045,1.31624537279185,1.14727737395621,1.14727737395621,-2.57398052339226
"1492",1492,0.891618568446021,0.0622849353532074,0.033780339167919,0.966913513156236,0.27307760453911,0.734286860773573,2.91647531055508,5.4350429182045,1.31624537279185,1.14727737395621,1.14727737395621,2.19525605997487
"1493",1493,0.955504931270843,0.178684512484819,0.484132817960577,0.2577541628076,0.967604424618068,0.615900458381628,3.79080957265563,5.4350429182045,1.31624537279185,1.14727737395621,1.14727737395621,1.43316113685654
"1494",1494,0.940469045693288,0.816058978788089,0.735332533913315,0.69885817898158,0.934434911027784,0.486177657126798,5.1684882090974,5.4350429182045,1.31624537279185,1.14727737395621,1.14727737395621,0.23233676106409
"1495",1495,0.897723501183791,0.715603209392051,0.113940745624248,0.00305088406382129,0.926367022780934,0.592318342485582,4.70984062067383,5.4350429182045,1.31624537279185,1.14727737395621,1.14727737395621,0.632107207893346
"1496",1496,0.71685062631662,0.216751306842081,0.727393418382504,0.482415599645232,0.0556614429540932,0.0747567608072423,4.37019085310516,5.4350429182045,1.31624537279185,1.14727737395621,1.14727737395621,0.928155727003803
"1497",1497,0.442197937737801,0.417686480892473,0.647027959809639,0.214041596531519,0.394861316987779,0.76815210233815,5.61315564052189,5.4350429182045,1.31624537279185,1.14727737395621,1.14727737395621,-0.155248178305125
"1498",1498,0.0558927829070017,0.938333657928859,0.949000914955046,0.823201473639347,0.700319064957206,0.966183233611751,8.24788132487272,5.4350429182045,1.31624537279185,1.14727737395621,1.14727737395621,-2.45175096321178
"1499",1499,0.548159627486719,0.59216961793974,0.1304647773623,0.476888877311838,0.974764668818796,0.965509052238776,5.03880200615568,5.4350429182045,1.31624537279185,1.14727737395621,1.14727737395621,0.345374990428378
"1500",1500,0.0339679128628923,0.393580901454086,0.980338821326499,0.781613197363215,0.814244759775349,0.407770441793604,7.06654409436874,5.4350429182045,1.31624537279185,1.14727737395621,1.14727737395621,-1.42206341134251
"1501",1501,0.189099446728709,0.234846431963029,0.623957017919165,0.986605244460865,0.97809248836711,0.989148620791035,5.44325824208627,5.4350429182045,1.31624537279185,1.14727737395621,1.14727737395621,-0.00716071289146135
"1502",1502,0.978429396754247,0.982967185021611,0.405213504734798,0.814747928224504,0.102254074260592,0.64108217503014,5.06766928452033,5.4350429182045,1.31624537279185,1.14727737395621,1.14727737395621,0.320213439246464
"1503",1503,0.181279660657397,0.79006150397798,0.999387127270456,0.611920335864299,0.30234067852213,0.807498876698781,7.50352921564359,5.4350429182045,1.31624537279185,1.14727737395621,1.14727737395621,-1.80295222793964
"1504",1504,0.554496868905262,0.536473341783974,0.807887816763134,0.669676571171381,0.399042240630602,0.0352431794705335,5.48118398733791,5.4350429182045,1.31624537279185,1.14727737395621,1.14727737395621,-0.040217884690168
"1505",1505,0.157616005161777,0.973035607988946,0.30470297646604,0.649232354287989,0.539774091187981,0.0254601635430008,7.34088879732408,5.4350429182045,1.31624537279185,1.14727737395621,1.14727737395621,-1.6611901553916
"1506",1506,0.0509121583990054,0.570880366172409,0.777505841226084,0.787342786286725,0.68901921564783,0.783798255007365,7.3076810953374,5.4350429182045,1.31624537279185,1.14727737395621,1.14727737395621,-1.63224536597928
"1507",1507,0.9732446049914,0.934225807905197,0.598718541686074,0.483407977760886,0.153363972332212,0.284080097223632,5.31161193592816,5.4350429182045,1.31624537279185,1.14727737395621,1.14727737395621,0.10758599888596
"1508",1508,0.207790898495005,0.264144071115996,0.917018991585705,0.154395266298205,0.51944605623465,0.282171533246059,6.33845293593579,5.4350429182045,1.31624537279185,1.14727737395621,1.14727737395621,-0.787438189089374
"1509",1509,0.342805329357507,0.562507458106265,0.75075322263944,0.993452146372525,0.825076103543979,0.941969859525794,5.93621673671698,5.4350429182045,1.31624537279185,1.14727737395621,1.14727737395621,-0.436837533703169
"1510",1510,0.387806618436473,0.137614286698401,0.0212439685390564,0.919824344212888,0.404398752622656,0.927614253658801,4.03229186879053,5.4350429182045,1.31624537279185,1.14727737395621,1.14727737395621,1.22267821300859
"1511",1511,0.372836647851276,0.96169141916302,0.959392939127865,0.879481707608327,0.963614940134808,0.481756843894604,6.92957951468716,5.4350429182045,1.31624537279185,1.14727737395621,1.14727737395621,-1.30268113919913
"1512",1512,0.961430379710509,0.850425572452019,0.0222550062736264,0.865550817202544,0.387022897720919,0.545750899300212,4.54446877097083,5.4350429182045,1.31624537279185,1.14727737395621,1.14727737395621,0.77625007469873
"1513",1513,0.704435174640035,0.650395482363529,0.386465520123718,0.33074885673332,0.0110996833740501,0.299616074773483,5.14087079182326,5.4350429182045,1.31624537279185,1.14727737395621,1.14727737395621,0.256408897324309
"1514",1514,0.357122238789801,0.864360861620633,0.962035826804233,0.47034992256097,0.0167767513822764,0.615331878551049,7.05844008909818,5.4350429182045,1.31624537279185,1.14727737395621,1.14727737395621,-1.41499972695848
"1515",1515,0.190189042444457,0.757789331163396,0.314331002910272,0.694243505139719,0.741018047637073,0.561423511457397,6.73120225967604,5.4350429182045,1.31624537279185,1.14727737395621,1.14727737395621,-1.12976981059248
"1516",1516,0.0846939354564529,0.227793798812083,0.0594754950919887,0.130652512193425,0.0703560678022914,0.811746344051091,5.60553779589346,5.4350429182045,1.31624537279185,1.14727737395621,1.14727737395621,-0.148608245537898
"1517",1517,0.326762311598402,0.328600136658875,0.0584227727476973,0.686933696141583,0.278123858659063,0.63085682975105,4.8692093491444,5.4350429182045,1.31624537279185,1.14727737395621,1.14727737395621,0.493196834440228
"1518",1518,0.244328319084016,0.414866296327789,0.692028164193383,0.95188487132825,0.00952694378560409,0.225389398171217,5.86654416475485,5.4350429182045,1.31624537279185,1.14727737395621,1.14727737395621,-0.376108913455152
"1519",1519,0.953599784857943,0.992832170570618,0.758425846080412,0.37314285041613,0.419519463122939,0.0119680147360777,5.70696581100919,5.4350429182045,1.31624537279185,1.14727737395621,1.14727737395621,-0.23701582457519
"1520",1520,0.848127142451936,0.18066745126422,0.52202688892989,0.978354657205404,0.264485231059371,0.943220836369554,3.65273656758864,5.4350429182045,1.31624537279185,1.14727737395621,1.14727737395621,1.55350954448779
"1521",1521,0.0085672075211769,0.762834107223432,0.447946676168591,0.904450340298004,0.111378516383935,0.105281307625701,7.71406971453416,5.4350429182045,1.31624537279185,1.14727737395621,1.14727737395621,-1.98646539020532
"1522",1522,0.526067794469534,0.0354446784352185,0.148591942488216,0.980697301070206,0.921833983905031,0.375085273456178,3.47537809677621,5.4350429182045,1.31624537279185,1.14727737395621,1.14727737395621,1.70810029545923
"1523",1523,0.623706182578229,0.0661107929125428,0.434572103276965,0.635405338713666,0.878101788035827,0.6262847800866,3.71720274399018,5.4350429182045,1.31624537279185,1.14727737395621,1.14727737395621,1.49731896855127
"1524",1524,0.450672075345297,0.477957498407923,0.12378521085158,0.902644589797594,0.733327756607905,0.861225798486499,4.93639605515551,5.4350429182045,1.31624537279185,1.14727737395621,1.14727737395621,0.43463496654648
"1525",1525,0.966192837873357,0.838824207762489,0.416217071609921,0.0537495937213534,0.502887264318182,0.589646433174494,5.23902933879638,5.4350429182045,1.31624537279185,1.14727737395621,1.14727737395621,0.170851080878722
"1526",1526,0.318337244581198,0.055595695365686,0.726486645181547,0.433004405611777,0.0436352882058127,0.0295091942686122,4.75932311653815,5.4350429182045,1.31624537279185,1.14727737395621,1.14727737395621,0.588976839433549
"1527",1527,0.0589898141247686,0.534386619121418,0.847358837972628,0.645810153292725,0.139715109089157,0.539713385866955,7.3044046777155,5.4350429182045,1.31624537279185,1.14727737395621,1.14727737395621,-1.62938954602128
"1528",1528,0.619725925990497,0.989280561836902,0.527726367673953,0.560547413576744,0.53397502708144,0.903619932173635,6.03807168563243,5.4350429182045,1.31624537279185,1.14727737395621,1.14727737395621,-0.52561724053572
"1529",1529,0.75840768280765,0.843525143691921,0.011462777179433,0.842800078622182,0.970708834199817,0.535223918749252,4.91385312710965,5.4350429182045,1.31624537279185,1.14727737395621,1.14727737395621,0.454284031853262
"1530",1530,0.169675818865537,0.518549058407662,0.993689049509005,0.35590498068952,0.491327545380453,0.665400794076151,7.10459996599245,5.4350429182045,1.31624537279185,1.14727737395621,1.14727737395621,-1.45523400503467
"1531",1531,0.322332794211456,0.88235173023562,0.529245037061977,0.431275395900593,0.010001666426775,0.292135243739001,6.79783167612035,5.4350429182045,1.31624537279185,1.14727737395621,1.14727737395621,-1.18784592885022
"1532",1532,0.80035934831202,0.391127636657911,0.624118822117453,0.940106267745257,0.9379998928071,0.0932315671034157,4.35003525260262,5.4350429182045,1.31624537279185,1.14727737395621,1.14727737395621,0.945723928870311
"1533",1533,0.976317532311077,0.92823812501377,0.837736146779731,0.917759189324104,0.40390273394133,0.418785884413985,5.28990579457256,5.4350429182045,1.31624537279185,1.14727737395621,1.14727737395621,0.126505696814587
"1534",1534,0.00942448313522618,0.415539174426813,0.210019443866331,0.484695826685987,0.246016273410874,0.439719257467194,6.6984243272124,5.4350429182045,1.31624537279185,1.14727737395621,1.14727737395621,-1.10119962067353
"1535",1535,0.222564956674119,0.661611123149283,0.104357004718622,0.278034347742214,0.206778722332441,0.255572374799289,6.27836207520131,5.4350429182045,1.31624537279185,1.14727737395621,1.14727737395621,-0.735061264294573
"1536",1536,0.651484529084526,0.362829606529209,0.747836415719823,0.627458989546169,0.675843596672406,0.975737464188016,4.78463107751984,5.4350429182045,1.31624537279185,1.14727737395621,1.14727737395621,0.566917691788703
"1537",1537,0.750834553729976,0.19327325893275,0.891567653192906,0.447053992415196,0.368778726524906,0.321370684795547,4.43553215622432,5.4350429182045,1.31624537279185,1.14727737395621,1.14727737395621,0.87120236541711
"1538",1538,0.934997750936891,0.524081080803415,0.391936685206601,0.00943472364079207,0.582495285383426,0.148056852979469,4.69004905917785,5.4350429182045,1.31624537279185,1.14727737395621,1.14727737395621,0.649358102877644
"1539",1539,0.69025544483331,0.2569972512885,0.432664236297132,0.620223610471236,0.417385000982322,0.388857598493574,4.15148387690162,5.4350429182045,1.31624537279185,1.14727737395621,1.14727737395621,1.11878702608483
"1540",1540,0.0397215425189352,0.197970723142149,0.0506118709951406,0.586022811125033,0.76163875260693,0.641752710764995,5.60822143017104,5.4350429182045,1.31624537279185,1.14727737395621,1.14727737395621,-0.1509473784612
"1541",1541,0.981124329490471,0.573833130826126,0.595405674364069,0.237506409983034,0.363499581740703,0.486676825786359,4.78890148326821,5.4350429182045,1.31624537279185,1.14727737395621,1.14727737395621,0.563195483153451
"1542",1542,0.445682773593115,0.305839555483079,0.971227532810415,0.693359706369927,0.585091985468869,0.291830946817645,5.27458814565925,5.4350429182045,1.31624537279185,1.14727737395621,1.14727737395621,0.139857000745989
"1543",1543,0.405263398882351,0.464655481027905,0.248132681118557,0.00567306991922669,0.486848571468378,0.687931326309452,5.46760562643999,5.4350429182045,1.31624537279185,1.14727737395621,1.14727737395621,-0.0283825942833708
"1544",1544,0.306674323311658,0.0130580119814258,0.860593620783882,0.457308094982174,0.0855428265726659,0.740713690997567,4.73114996769008,5.4350429182045,1.31624537279185,1.14727737395621,1.14727737395621,0.613533367338321
"1545",1545,0.94975791949674,0.0962570518571883,0.456786512995604,0.959515914796037,0.833846255823853,0.8977459496191,3.26059301484787,5.4350429182045,1.31624537279185,1.14727737395621,1.14727737395621,1.89531315854193
"1546",1546,0.103217687180149,0.968511597947334,0.737439660150674,0.176898280994967,0.34034995797195,0.535957570873201,8.34133021567306,5.4350429182045,1.31624537279185,1.14727737395621,1.14727737395621,-2.53320370770207
"1547",1547,0.750385343864793,0.535172949285945,0.978506275881431,0.808220198651426,0.175318810980069,0.604542626583599,5.1010802771549,5.4350429182045,1.31624537279185,1.14727737395621,1.14727737395621,0.291091455850803
"1548",1548,0.0197265428667888,0.266412613786641,0.122438888686593,0.555683089194121,0.599928156073205,0.157469283236656,6.04456717061534,5.4350429182045,1.31624537279185,1.14727737395621,1.14727737395621,-0.531278892312667
"1549",1549,0.174071827748092,0.219169277590583,0.64056497372326,0.873639957160573,0.971483455598936,0.346358166921418,5.5052669547514,5.4350429182045,1.31624537279185,1.14727737395621,1.14727737395621,-0.0612092926619335
"1550",1550,0.77889466535137,0.943118729899987,0.220780682445737,0.592506600069581,0.988296591376304,0.204714899566257,5.28445441192892,5.4350429182045,1.31624537279185,1.14727737395621,1.14727737395621,0.131257278923142
"1551",1551,0.965450707277632,0.0423258266008925,0.99200068907754,0.100813983115018,0.2654709689148,0.578684737902833,4.26951495345518,5.4350429182045,1.31624537279185,1.14727737395621,1.14727737395621,1.0159077405407
"1552",1552,0.707696732577519,0.027587263613008,0.644034524955554,0.0977040991326794,0.8150128338465,0.914642145289923,4.06417278067938,5.4350429182045,1.31624537279185,1.14727737395621,1.14727737395621,1.19488989205626
"1553",1553,0.982309521051473,0.355934906921233,0.657916539902799,0.644639526144834,0.250701161413221,0.59259157105058,4.12784856366144,5.4350429182045,1.31624537279185,1.14727737395621,1.14727737395621,1.13938824578698
"1554",1554,0.705505998892942,0.345112038160209,0.132885410009883,0.0124913123237202,0.91279243628995,0.340152077208622,4.27001940344467,5.4350429182045,1.31624537279185,1.14727737395621,1.14727737395621,1.01546804740202
"1555",1555,0.514060182905989,0.636720230492065,0.327188391240779,0.976167644754285,0.983301832979661,0.22814152187237,5.29450612005568,5.4350429182045,1.31624537279185,1.14727737395621,1.14727737395621,0.122495920637047
"1556",1556,0.880377910226816,0.58162833304191,0.374457883869414,0.145162560695317,0.938824040253414,0.963288868492935,4.75395987795074,5.4350429182045,1.31624537279185,1.14727737395621,1.14727737395621,0.593651592644201
"1557",1557,0.0152808684036136,0.86179551412235,0.121316984612728,0.952676121387398,0.648243879899965,0.920821290513151,7.62241604017554,5.4350429182045,1.31624537279185,1.14727737395621,1.14727737395621,-1.90657740806673
"1558",1558,0.728956147811841,0.918915959493606,0.504440777558368,0.00886688235821202,0.0116591171924956,0.288032428443315,6.03125097650587,5.4350429182045,1.31624537279185,1.14727737395621,1.14727737395621,-0.519672114028919
"1559",1559,0.486468746125116,0.125925372540834,0.0371927739375969,0.0320511226452654,0.570044048762531,0.0307589812794467,3.94696736970548,5.4350429182045,1.31624537279185,1.14727737395621,1.14727737395621,1.29704950370251
"1560",1560,0.380868652596138,0.812951367007103,0.927149998245295,0.0753711527049309,0.383523331196047,0.999459670722019,7.28798264798122,5.4350429182045,1.31624537279185,1.14727737395621,1.14727737395621,-1.61507563196086
"1561",1561,0.280787776395446,0.0837368593704887,0.930790379298269,0.0911906414988916,0.252119867225876,0.610787813540315,5.56602346746283,5.4350429182045,1.31624537279185,1.14727737395621,1.14727737395621,-0.114166418890197
"1562",1562,0.237942932855687,0.967743185695028,0.921348999925656,0.890273908668081,0.551532230252633,0.576835384565755,7.40471419967644,5.4350429182045,1.31624537279185,1.14727737395621,1.14727737395621,-1.71682221421297
"1563",1563,0.679036724764155,0.278746801698115,0.0148900947788497,0.138448326710146,0.312625258224318,0.590392092898255,3.92843279566801,5.4350429182045,1.31624537279185,1.14727737395621,1.14727737395621,1.31320477221753
"1564",1564,0.352413998816861,0.946625024223234,0.933143445999944,0.718849858324043,0.982266173216863,0.00755952737422194,7.05252847603829,5.4350429182045,1.31624537279185,1.14727737395621,1.14727737395621,-1.40984699476478
"1565",1565,0.328761524389381,0.191616962172207,0.411359470995376,0.884178700024378,0.24159671263257,0.354236475570942,4.69246734829412,5.4350429182045,1.31624537279185,1.14727737395621,1.14727737395621,0.647250252438712
"1566",1566,0.923412759344908,0.944369851314463,0.0288072642377811,0.152604625139385,0.544013321390492,0.552322130612796,4.90463867621848,5.4350429182045,1.31624537279185,1.14727737395621,1.14727737395621,0.46231561262034
"1567",1567,0.075296095143538,0.892936052588513,0.425299455769826,0.8324592813442,0.0302862473287387,0.492707942343201,7.62467615359075,5.4350429182045,1.31624537279185,1.14727737395621,1.14727737395621,-1.90854738800926
"1568",1568,0.779640667828848,0.0229200878168922,0.0485091310219141,0.624944934443804,0.955765289970208,0.014393833464128,3.00645285140915,5.4350429182045,1.31624537279185,1.14727737395621,1.14727737395621,2.11682904407042
"1569",1569,0.953241235720925,0.158030602380633,0.773660340913921,0.0273482806637185,0.829614508512546,0.531361787297297,4.37881163991015,5.4350429182045,1.31624537279185,1.14727737395621,1.14727737395621,0.920641600951388
"1570",1570,0.315095359460684,0.0631176933514653,0.436074225123273,0.404891196119832,0.67548156189092,0.00986386672861408,4.49780656699636,5.4350429182045,1.31624537279185,1.14727737395621,1.14727737395621,0.816922195524718
"1571",1571,0.693829116021749,0.517572587680537,0.373494326344109,0.485530028269626,0.20437252624461,0.764811963708606,4.77957443690802,5.4350429182045,1.31624537279185,1.14727737395621,1.14727737395621,0.571325205374004
"1572",1572,0.93440419932222,0.641177407376934,0.409071760829655,0.656599189909874,0.981352451907471,0.652584012560081,4.56895611935715,5.4350429182045,1.31624537279185,1.14727737395621,1.14727737395621,0.754906196625131
"1573",1573,0.446026820359286,0.239880173198879,0.5141280258107,0.399187090549502,0.173541412668303,0.588190031585866,4.80892059071878,5.4350429182045,1.31624537279185,1.14727737395621,1.14727737395621,0.545746252561953
"1574",1574,0.566913359123049,0.543474638095824,0.961746344974614,0.0584149595771451,0.532724577377317,0.663750989528024,6.23222245173632,5.4350429182045,1.31624537279185,1.14727737395621,1.14727737395621,-0.694844639690634
"1575",1575,0.509252844431438,0.176049414523412,0.586124835726107,0.0305819728316274,0.193729044095613,0.91754619536805,4.8695276962212,5.4350429182045,1.31624537279185,1.14727737395621,1.14727737395621,0.492919353959895
"1576",1576,0.863196265717386,0.749423166128457,0.718482658260269,0.176142311220639,0.943427870650194,0.111162175709032,5.5589165261134,5.4350429182045,1.31624537279185,1.14727737395621,1.14727737395621,-0.107971804134636
"1577",1577,0.000947728491039015,0.857727761585033,0.726664555033669,0.583744225193048,0.573233376798336,0.0376420255198609,8.33975293021732,5.4350429182045,1.31624537279185,1.14727737395621,1.14727737395621,-2.53182890027402
"1578",1578,0.390412886026548,0.48989874082501,0.172922594030271,0.687975750313955,0.0215562669574283,0.976671226872597,5.21992904517738,5.4350429182045,1.31624537279185,1.14727737395621,1.14727737395621,0.187499446873369
"1579",1579,0.514577221477521,0.241111119848443,0.970334208540968,0.972685788165662,0.81358400970709,0.863067482354119,4.75887354972703,5.4350429182045,1.31624537279185,1.14727737395621,1.14727737395621,0.58936869481336
"1580",1580,0.760563882721821,0.598607099516201,0.0185446463823318,0.519913209924707,0.46801706025342,0.0133589568007737,4.46432004991781,5.4350429182045,1.31624537279185,1.14727737395621,1.14727737395621,0.846110008200808
"1581",1581,0.0256904908433789,0.497803659186349,0.625007304908126,0.0325144996014424,0.01411804778839,0.184886615719763,7.66696656808772,5.4350429182045,1.31624537279185,1.14727737395621,1.14727737395621,-1.9454089312219
"1582",1582,0.644695590412011,0.755436218919349,0.767085852399818,0.579570520383189,0.729650661158608,0.678250774101005,5.74324697376297,5.4350429182045,1.31624537279185,1.14727737395621,1.14727737395621,-0.268639530905831
"1583",1583,0.336664136784384,0.230203049388132,0.825766370411264,0.397060689591686,0.763242573791067,0.747748167719576,5.41705097841358,5.4350429182045,1.31624537279185,1.14727737395621,1.14727737395621,0.0156822928782057
"1584",1584,0.0110936332503334,0.957711657564738,0.366907008543494,0.0701834526947932,0.534341160408105,0.490615270754206,8.409737713948,5.4350429182045,1.31624537279185,1.14727737395621,1.14727737395621,-2.59282965329101
"1585",1585,0.017278152287472,0.242130816363497,0.884556401513633,0.675942744493019,0.0755754238716327,0.020773826396442,6.64592569478878,5.4350429182045,1.31624537279185,1.14727737395621,1.14727737395621,-1.05544030072583
"1586",1586,0.709909648133791,0.960384146991302,0.728153646915569,0.0227800706560956,0.410582051653648,0.84701612533594,6.46742058878357,5.4350429182045,1.31624537279185,1.14727737395621,1.14727737395621,-0.899850109497997
"1587",1587,0.652239773925627,0.607101160111488,0.975764439511229,0.391866137255332,0.604683512594551,0.98504270878504,5.76538548483277,5.4350429182045,1.31624537279185,1.14727737395621,1.14727737395621,-0.287936094729328
"1588",1588,0.117688999484177,0.106225659064599,0.957892913984251,0.00628186169557739,0.209590661155991,0.00612649861804675,6.44567587231156,5.4350429182045,1.31624537279185,1.14727737395621,1.14727737395621,-0.880896788386968
"1589",1589,0.958144389800145,0.102377172668115,0.0177746222452261,0.472224069295684,0.0894779126914218,0.0531768768999027,2.99512368064952,5.4350429182045,1.31624537279185,1.14727737395621,1.14727737395621,2.12670387557744
"1590",1590,0.703980389625067,0.598115318520693,0.0478272754162317,0.896163706723601,0.627249538748059,0.0293365373068955,4.55672147135174,5.4350429182045,1.31624537279185,1.14727737395621,1.14727737395621,0.765570268176738
"1591",1591,0.0736824519787915,0.00606926859042142,0.108893193575204,0.15654376363242,0.730036946383887,0.95739094737079,4.81871502091624,5.4350429182045,1.31624537279185,1.14727737395621,1.14727737395621,0.537209145128477
"1592",1592,0.528060610729735,0.937122792405542,0.736863914367976,0.901764197347686,0.434754299211083,0.0923686267359881,6.22968194505554,5.4350429182045,1.31624537279185,1.14727737395621,1.14727737395621,-0.692630260902687
"1593",1593,0.982566722963238,0.589051761563867,0.840528173126164,0.0083929709282238,0.182620657716063,0.925505737235188,5.42959251274178,5.4350429182045,1.31624537279185,1.14727737395621,1.14727737395621,0.0047507303695227
"1594",1594,0.33965071629209,0.935896317128791,0.0238126659994014,0.29138089303032,0.90920646434254,0.781151632519672,6.33422075207339,5.4350429182045,1.31624537279185,1.14727737395621,1.14727737395621,-0.783749295750698
"1595",1595,0.30365498763707,0.616940794002498,0.486193710678723,0.749687179752393,0.293786305678543,0.866979303284432,6.08326295168198,5.4350429182045,1.31624537279185,1.14727737395621,1.14727737395621,-0.56500724950427
"1596",1596,0.621109178968589,0.346309731145855,0.38499131419661,0.406465265914565,0.266127554885112,0.108037987581338,4.5691122734551,5.4350429182045,1.31624537279185,1.14727737395621,1.14727737395621,0.754770088216218
"1597",1597,0.0102473256506491,0.958777093164274,0.091942586820689,0.388164761743508,0.457959574339329,0.307561667435803,7.92085475459624,5.4350429182045,1.31624537279185,1.14727737395621,1.14727737395621,-2.16670518640126
"1598",1598,0.0329737902571214,0.0113248957174364,0.658752032077871,0.580007005356834,0.213340456533828,0.324469624647871,5.44763457188322,5.4350429182045,1.31624537279185,1.14727737395621,1.14727737395621,-0.0109752479780014
"1599",1599,0.891407974707428,0.806174174255226,0.015804399245535,0.0230500928122783,0.791971495573758,0.158306306851795,4.73756514310035,5.4350429182045,1.31624537279185,1.14727737395621,1.14727737395621,0.607941715697752
"1600",1600,0.807534352851449,0.151736953272019,0.510864264085423,0.998470185111277,0.421365654002177,0.157545364130521,3.6315678450649,5.4350429182045,1.31624537279185,1.14727737395621,1.14727737395621,1.57196081268525
"1601",1601,0.35458617923467,0.689048324002419,0.0938190021361224,0.585530598805402,0.0315206117574126,0.100520627214457,5.77390924618221,5.4350429182045,1.31624537279185,1.14727737395621,1.14727737395621,-0.295365650600414
"1602",1602,0.34818897446373,0.306687226490816,0.682346897568321,0.450956089234445,0.45718173101428,0.220070772932377,5.4331502126085,5.4350429182045,1.31624537279185,1.14727737395621,1.14727737395621,0.00164973670619283
"1603",1603,0.775780832342803,0.344824671203503,0.348878380108858,0.291900764422608,0.684836271538516,0.704347637612955,4.27966397008357,5.4350429182045,1.31624537279185,1.14727737395621,1.14727737395621,1.00706156536216
"1604",1604,0.120324782886892,0.930381839683978,0.150460262105684,0.453787043437944,0.231559663757915,0.818982378167915,7.32872855371971,5.4350429182045,1.31624537279185,1.14727737395621,1.14727737395621,-1.65059093685873
"1605",1605,0.475806397459819,0.270005506367655,0.697775694081909,0.130224221815821,0.870081041229307,0.0502562218374806,5.28339043094975,5.4350429182045,1.31624537279185,1.14727737395621,1.14727737395621,0.132184675386563
"1606",1606,0.504522094112239,0.425170452292543,0.0452434177080868,0.370534802118083,0.75270500286913,0.055705333497026,4.67905319825167,5.4350429182045,1.31624537279185,1.14727737395621,1.14727737395621,0.658942411934714
"1607",1607,0.336339830844314,0.776861701840651,0.996326149129658,0.593840308006504,0.262988014443195,0.197072959262761,6.88720746748308,5.4350429182045,1.31624537279185,1.14727737395621,1.14727737395621,-1.265748442568
"1608",1608,0.0898506565286079,0.662764650030178,0.0166044125405606,0.895926226006704,0.643998721986311,0.0881641931100749,6.69365863221851,5.4350429182045,1.31624537279185,1.14727737395621,1.14727737395621,-1.09704570366786
"1609",1609,0.901896383307059,0.451326076171244,0.918422875939519,0.0162748281231616,0.903023851021775,0.937520461644395,5.37127235266236,5.4350429182045,1.31624537279185,1.14727737395621,1.14727737395621,0.0555842614783181
"1610",1610,0.0632051746335346,0.320626505356631,0.50600744008983,0.119569120965432,0.00880161769303959,0.803388571369229,6.64864062852514,5.4350429182045,1.31624537279185,1.14727737395621,1.14727737395621,-1.05780671515881
"1611",1611,0.610066419015871,0.763468736839364,0.259982844903134,0.820824620201834,0.379326877627987,0.735707583713462,5.29937595008711,5.4350429182045,1.31624537279185,1.14727737395621,1.14727737395621,0.118251236533641
"1612",1612,0.333404504670179,0.616173340099282,0.588289034161367,0.983040796952322,0.402702053876594,0.275927825302817,5.9878634831966,5.4350429182045,1.31624537279185,1.14727737395621,1.14727737395621,-0.481854325328306
"1613",1613,0.0709981521038571,0.0433042922602035,0.812193359285011,0.880442441977328,0.518595832552877,0.288990444125608,5.39891208067586,5.4350429182045,1.31624537279185,1.14727737395621,1.14727737395621,0.031492678535138
"1614",1614,0.84129296418943,0.846677951678052,0.949609595954069,0.845257146384567,0.611112121067941,0.935174879712635,5.51037793537227,5.4350429182045,1.31624537279185,1.14727737395621,1.14727737395621,-0.0656641705640799
"1615",1615,0.281847288122284,0.219631366008194,0.707888642819948,0.708919673604309,0.0415139175220393,0.54105038407899,5.24192173083351,5.4350429182045,1.31624537279185,1.14727737395621,1.14727737395621,0.168329988680106
"1616",1616,0.493758857652778,0.278182229791302,0.140841513200081,0.700289822528372,0.939708547387272,0.635407158593647,4.33042066347579,5.4350429182045,1.31624537279185,1.14727737395621,1.14727737395621,0.962820569640966
"1617",1617,0.0863248762121657,0.525218238704139,0.0602314911696594,0.274364627963281,0.676558229681803,0.24782865291927,6.4929004882045,5.4350429182045,1.31624537279185,1.14727737395621,1.14727737395621,-0.922059123638201
"1618",1618,0.84196971002291,0.146762642425718,0.70811622710072,0.930953962666681,0.98929710457311,0.634016743010725,3.7325595901109,5.4350429182045,1.31624537279185,1.14727737395621,1.14727737395621,1.48393349920503
"1619",1619,0.553706640914083,0.93493640033924,0.796887035174645,0.173234071043669,0.0903081716689048,0.510700296541559,6.70842806786337,5.4350429182045,1.31624537279185,1.14727737395621,1.14727737395621,-1.10991916912629
"1620",1620,0.80092962463561,0.94768760318472,0.512349489982706,0.602061283622403,0.115890626952401,0.9558023746158,5.51368989229402,5.4350429182045,1.31624537279185,1.14727737395621,1.14727737395621,-0.0685509675993331
"1621",1621,0.549576276516309,0.728696746315574,0.894435287099797,0.367397132427548,0.504154473425006,0.349313896348001,6.21854304945532,5.4350429182045,1.31624537279185,1.14727737395621,1.14727737395621,-0.682921278704417
"1622",1622,0.00522243047761731,0.024612238950911,0.0908391941385344,0.943510220574681,0.738236963195144,0.812777566966368,5.05191739676357,5.4350429182045,1.31624537279185,1.14727737395621,1.14727737395621,0.33394323825962
"1623",1623,0.968375400472199,0.12457621012209,0.0226601147209294,0.0832567490382353,0.064339429636253,0.968776671573287,3.12634322162134,5.4350429182045,1.31624537279185,1.14727737395621,1.14727737395621,2.01232914462696
"1624",1624,0.672099405480782,0.510346539879218,0.0398185305488296,0.874837581563159,0.174995408590767,0.0100934238344198,4.42291707828411,5.4350429182045,1.31624537279185,1.14727737395621,1.14727737395621,0.88219803065603
"1625",1625,0.207144353083335,0.53459488640388,0.0204065806152066,0.000235275845392607,0.997941958432901,0.581549764121184,5.99623553395026,5.4350429182045,1.31624537279185,1.14727737395621,1.14727737395621,-0.489151645874941
"1626",1626,0.852138869114686,0.409192851785803,0.964710788063006,0.311666016706382,0.992944564308506,0.199517634431482,5.0169577470492,5.4350429182045,1.31624537279185,1.14727737395621,1.14727737395621,0.364415075766375
"1627",1627,0.324941783796181,0.699276775610982,0.620834764132625,0.158235802410636,0.982718948922353,0.0264973326140316,6.71300703490874,5.4350429182045,1.31624537279185,1.14727737395621,1.14727737395621,-1.11391032867438
"1628",1628,0.00424506270710845,0.96838799213327,0.942994938218268,0.0690708155049942,0.49256493458082,0.226697586221271,9.3003526445733,5.4350429182045,1.31624537279185,1.14727737395621,1.14727737395621,-3.36911527596842
"1629",1629,0.516830516485497,0.0609552244656952,0.129996951823705,0.991049019374419,0.0509897710358491,0.918754557049833,3.56005849888725,5.4350429182045,1.31624537279185,1.14727737395621,1.14727737395621,1.63429041823744
"1630",1630,0.986443195108906,0.121659782416536,0.55644409972697,0.938567208485911,0.018046268107486,0.513572046186659,3.36900871051446,5.4350429182045,1.31624537279185,1.14727737395621,1.14727737395621,1.80081491589574
"1631",1631,0.994347328522359,0.164412497609272,0.558118656968582,0.385002109824447,0.0635747660958441,0.987688833568594,3.70813416830108,5.4350429182045,1.31624537279185,1.14727737395621,1.14727737395621,1.50522340029111
"1632",1632,0.787474061169312,0.198924781605368,0.948079982516938,0.899599172069575,0.0345620737782447,0.364692160612787,4.15626251153593,5.4350429182045,1.31624537279185,1.14727737395621,1.14727737395621,1.11462183051592
"1633",1633,0.0473353541960241,0.958017765311059,0.608495327785262,0.758837307550246,0.279277904631686,0.931796250894666,8.07990369458815,5.4350429182045,1.31624537279185,1.14727737395621,1.14727737395621,-2.30533682300667
"1634",1634,0.494645131645724,0.523120322992327,0.549881947591202,0.0102409975179471,0.975631313503138,0.932221804868896,5.82255835342464,5.4350429182045,1.31624537279185,1.14727737395621,1.14727737395621,-0.337769613536308
"1635",1635,0.647168291938491,0.0027185971714789,0.616075173112797,0.760801700627897,0.0699869779119035,0.776321367540164,3.59245999540378,5.4350429182045,1.31624537279185,1.14727737395621,1.14727737395621,1.60604834073111
"1636",1636,0.960408995759673,0.72578578026325,0.957394252231461,0.281232890275656,0.0484724059544969,0.673420713746455,5.51272002856532,5.4350429182045,1.31624537279185,1.14727737395621,1.14727737395621,-0.0677056064419383
"1637",1637,0.406646696524462,0.791813428595313,0.056625551320496,0.944101060316898,0.987937733412604,0.962481067330576,5.74577249288178,5.4350429182045,1.31624537279185,1.14727737395621,1.14727737395621,-0.270840846103133
"1638",1638,0.895158282808028,0.64893259272154,0.390894650544971,0.717035973101854,0.901610046963207,0.051715772578842,4.62590297066013,5.4350429182045,1.31624537279185,1.14727737395621,1.14727737395621,0.705269680996301
"1639",1639,0.942688038506894,0.513031554259127,0.148459010515944,0.00476751704118215,0.636969416090869,0.853558261597529,4.27667233148262,5.4350429182045,1.31624537279185,1.14727737395621,1.14727737395621,1.00966916372404
"1640",1640,0.422560086986865,0.361405117372749,0.755230756595498,0.730456840155413,0.458477916386444,0.673694196908735,5.27747277747222,5.4350429182045,1.31624537279185,1.14727737395621,1.14727737395621,0.13734267258224
"1641",1641,0.599343262663344,0.494539167080075,0.67654802484496,0.0628155047096079,0.00301251598657109,0.0449934122515842,5.63480147733619,5.4350429182045,1.31624537279185,1.14727737395621,1.14727737395621,-0.174115313058823
"1642",1642,0.588141791519593,0.00848639396100771,0.955673111079028,0.79297828704759,0.150408694047015,0.043330177365453,4.00518968191052,5.4350429182045,1.31624537279185,1.14727737395621,1.14727737395621,1.24630125961898
"1643",1643,0.717690840640804,0.529828046215698,0.686378544130479,0.74716420337453,0.686032941416488,0.359879811098916,4.94079381286026,5.4350429182045,1.31624537279185,1.14727737395621,1.14727737395621,0.43080175427839
"1644",1644,0.596075282262987,0.983742973563029,0.511061183228041,0.0744664538437501,0.540836546994397,0.386824243665673,6.40743453392238,5.4350429182045,1.31624537279185,1.14727737395621,1.14727737395621,-0.847564536520699
"1645",1645,0.412110774657689,0.922034415714676,0.452384182691108,0.51657406191621,0.472682012319216,0.278026623132755,6.4512801354937,5.4350429182045,1.31624537279185,1.14727737395621,1.14727737395621,-0.885781625575742
"1646",1646,0.0128904963580426,0.991154949819087,0.246593881524866,0.415428874671226,0.755391677229898,0.664828171354602,8.12537914040229,5.4350429182045,1.31624537279185,1.14727737395621,1.14727737395621,-2.34497453124224
"1647",1647,0.997507772990968,0.13566378786671,0.0230085595499258,0.536024394258042,0.81293443555804,0.95902955851634,3.02294857423524,5.4350429182045,1.31624537279185,1.14727737395621,1.14727737395621,2.10245089698886
"1648",1648,0.622223490424105,0.685610496417852,0.259256514805136,0.298712942558341,0.591329377692309,0.960397489804775,5.26505876795623,5.4350429182045,1.31624537279185,1.14727737395621,1.14727737395621,0.148163080791967
"1649",1649,0.0253492502977606,0.894713590171072,0.910877197482157,0.196576997390832,0.854161710989429,0.52207964552159,8.80407467110957,5.4350429182045,1.31624537279185,1.14727737395621,1.14727737395621,-2.93654510180697
"1650",1650,0.149990474011516,0.470636819768115,0.268987890792778,0.431757970455219,0.898846836262266,0.564415478606825,6.22003311526094,5.4350429182045,1.31624537279185,1.14727737395621,1.14727737395621,-0.684220062973544
"1651",1651,0.225126289456501,0.706522567408159,0.0025441523483023,0.720787553537753,0.399825694134808,0.730077937784255,6.18711742353937,5.4350429182045,1.31624537279185,1.14727737395621,1.14727737395621,-0.655529798118006
"1652",1652,0.881781967300456,0.154046339416062,0.618785053409287,0.343038871225319,0.938170103756827,0.175236945881159,3.92882638577284,5.4350429182045,1.31624537279185,1.14727737395621,1.14727737395621,1.31286170774701
"1653",1653,0.600144618450548,0.55798393243691,0.054594134536339,0.609706765309908,0.612686158795259,0.391277201734483,4.73456063612937,5.4350429182045,1.31624537279185,1.14727737395621,1.14727737395621,0.610560530501551
"1654",1654,0.0106068137044786,0.911445042171516,0.35640629199578,0.507898690581089,0.0874252226456301,0.0483318471433595,8.06760864038228,5.4350429182045,1.31624537279185,1.14727737395621,1.14727737395621,-2.29462009967109
"1655",1655,0.458595079372404,0.0194951600051718,0.976483986317064,0.769740066602128,0.128012389933341,0.927461647387827,4.28769165965019,5.4350429182045,1.31624537279185,1.14727737395621,1.14727737395621,1.00006439994353
"1656",1656,0.0916267570458585,0.0538706827559508,0.405647789014038,0.625460307590081,0.514183105009375,0.667829980426584,5.10175100122845,5.4350429182045,1.31624537279185,1.14727737395621,1.14727737395621,0.29050683343187
"1657",1657,0.449194652272854,0.626543127810699,0.935270189349656,0.236065631746082,0.926948554470204,0.622241345520713,6.45019266009558,5.4350429182045,1.31624537279185,1.14727737395621,1.14727737395621,-0.88483375070014
"1658",1658,0.266493661373388,0.952611301571131,0.877300745443557,0.524801637653843,0.987356756649562,0.843130077265785,7.43821033201628,5.4350429182045,1.31624537279185,1.14727737395621,1.14727737395621,-1.74601840782771
"1659",1659,0.484669048042386,0.864729202509858,0.17477332645969,0.0178507248433307,0.341415854072897,0.274869762884919,6.03440755220055,5.4350429182045,1.31624537279185,1.14727737395621,1.14727737395621,-0.522423476311777
"1660",1660,0.443891625080025,0.396552281957469,0.0206336548551917,0.88839204591501,0.958749945728108,0.0333694112090161,4.66598181676361,5.4350429182045,1.31624537279185,1.14727737395621,1.14727737395621,0.670335804487193
"1661",1661,0.382284413130954,0.0642206167157274,0.063311337461113,0.810874013054534,0.0192956198172178,0.0349410683318274,3.84739939245041,5.4350429182045,1.31624537279185,1.14727737395621,1.14727737395621,1.38383582017254
"1662",1662,0.983377955443226,0.0986338928929763,0.00820870191510767,0.213761996376561,0.994750339295831,0.256263869324583,2.99149039716642,5.4350429182045,1.31624537279185,1.14727737395621,1.14727737395621,2.12987075009757
"1663",1663,0.0980796707256232,0.000681134665966965,0.965887680655927,0.153369763110066,0.782765770182712,0.645661974246148,5.82939598014383,5.4350429182045,1.31624537279185,1.14727737395621,1.14727737395621,-0.343729485904062
"1664",1664,0.840714450212428,0.725115913285059,0.440639223688631,0.948525097905542,0.0741735370819224,0.892305485244142,4.83870283432034,5.4350429182045,1.31624537279185,1.14727737395621,1.14727737395621,0.519787191329131
"1665",1665,0.943920105829136,0.72249125657999,0.482518305999693,0.20622764597577,0.0130753924215678,0.899223930639098,5.02249058582092,5.4350429182045,1.31624537279185,1.14727737395621,1.14727737395621,0.359592494150701
"1666",1666,0.047851811527391,0.707898128147353,0.260802313492051,0.0214024763787165,0.956270577444579,0.98309844742564,7.54702595972615,5.4350429182045,1.31624537279185,1.14727737395621,1.14727737395621,-1.84086524276061
"1667",1667,0.462992868106579,0.914752987845219,0.977108490127022,0.995923015972949,0.271546840868541,0.995674393613939,6.50498348439992,5.4350429182045,1.31624537279185,1.14727737395621,1.14727737395621,-0.932591011104746
"1668",1668,0.377944255946553,0.0334687315477058,0.0316502008429961,0.0779929347895086,0.534985146967229,0.567983038595645,3.85439997776278,5.4350429182045,1.31624537279185,1.14727737395621,1.14727737395621,1.37773390840187
"1669",1669,0.676852459302871,0.282521428567474,0.900939189159544,0.103528343084501,0.449089668815373,0.0759909879404586,5.20371625002012,5.4350429182045,1.31624537279185,1.14727737395621,1.14727737395621,0.20163098605064
"1670",1670,0.572192848876235,0.971887335086591,0.207859551843372,0.0383508756848751,0.966666466106893,0.587777718325611,6.03410024995948,5.4350429182045,1.31624537279185,1.14727737395621,1.14727737395621,-0.522155622828351
"1671",1671,0.0141414101920091,0.951877330454765,0.893490898133139,0.994903435176471,0.973301680613658,0.658226546566118,8.38124125384857,5.4350429182045,1.31624537279185,1.14727737395621,1.14727737395621,-2.56799131798839
"1672",1672,0.85272513020644,0.642374332793755,0.000999228831147775,0.0437917647738941,0.0589667039766209,0.41302038215904,4.45767915588201,5.4350429182045,1.31624537279185,1.14727737395621,1.14727737395621,0.851898402695942
"1673",1673,0.95655544787494,0.538047486117925,0.119679480820429,0.785199412642047,0.643064177434659,0.71458073708252,4.03939540951888,5.4350429182045,1.31624537279185,1.14727737395621,1.14727737395621,1.2164865623323
"1674",1674,0.673697464182624,0.319734763568151,0.0510449656667188,0.402218395061442,0.0574440685277805,0.964792904227273,4.02646767091028,5.4350429182045,1.31624537279185,1.14727737395621,1.14727737395621,1.22775475161422
"1675",1675,0.889942750143004,0.657006627545576,0.0183776940881507,0.0433884281639475,0.0684244793194812,0.984246890355018,4.44577112623647,5.4350429182045,1.31624537279185,1.14727737395621,1.14727737395621,0.862277784278686
"1676",1676,0.230888749462785,0.675416217647726,0.0827825548996916,0.259088632823899,0.411569831633242,0.624294776392286,6.25587864050669,5.4350429182045,1.31624537279185,1.14727737395621,1.14727737395621,-0.715464055106102
"1677",1677,0.725783009737032,0.597579547541682,0.599883209230495,0.568116134505952,0.291561881044996,0.319061481868732,5.08255043956799,5.4350429182045,1.31624537279185,1.14727737395621,1.14727737395621,0.307242595939109
"1678",1678,0.559249044898665,0.00758744944096543,0.0697969262567349,0.463410741215455,0.528118191856425,0.0900123837325955,3.34119989291369,5.4350429182045,1.31624537279185,1.14727737395621,1.14727737395621,1.82505388219286
"1679",1679,0.0796881348403403,0.0451444519219222,0.578489840152091,0.0895038187383907,0.056008263294585,0.114121507312986,5.66542752351183,5.4350429182045,1.31624537279185,1.14727737395621,1.14727737395621,-0.200809856916191
"1680",1680,0.0554746954673901,0.806644672909169,0.684492914761882,0.0168431056687841,0.0342840569581604,0.69867828006472,8.37764789831137,5.4350429182045,1.31624537279185,1.14727737395621,1.14727737395621,-2.56485924581581
"1681",1681,0.834073481424479,0.975102518222644,0.222474959441461,0.617524795272853,0.701669778751442,0.52480740093533,5.21990318259695,5.4350429182045,1.31624537279185,1.14727737395621,1.14727737395621,0.187521989443297
"1682",1682,0.503184920784435,0.874529949706863,0.576850476192893,0.836035846868297,0.986748303266126,0.453894637385267,6.06420873296884,5.4350429182045,1.31624537279185,1.14727737395621,1.14727737395621,-0.548399043724499
"1683",1683,0.951753938347334,0.997558056368143,0.305145317105344,0.855487525693956,0.282022483916022,0.261588801488047,5.05107804618765,5.4350429182045,1.31624537279185,1.14727737395621,1.14727737395621,0.334674840394356
"1684",1684,0.32328982013592,0.927378369213897,0.594880185637623,0.30291026672849,0.219783609921462,0.95861997920624,7.03798444257946,5.4350429182045,1.31624537279185,1.14727737395621,1.14727737395621,-1.39716999634314
"1685",1685,0.511314916611067,0.665006991814007,0.43060958614829,0.0152849392367061,0.95530349769129,0.337444593096618,5.92610547973024,5.4350429182045,1.31624537279185,1.14727737395621,1.14727737395621,-0.428024270915747
"1686",1686,0.995772951251362,0.529074809078826,0.731263706270722,0.963231005325099,0.396803865996539,0.787948747942457,4.40170388158243,5.4350429182045,1.31624537279185,1.14727737395621,1.14727737395621,0.900688063827808
"1687",1687,0.576580931778648,0.100342290065833,0.0059853737433441,0.932883846017649,0.324547608996159,0.440929263154161,3.48260761578934,5.4350429182045,1.31624537279185,1.14727737395621,1.14727737395621,1.70179883848183
"1688",1688,0.945972597055486,0.928692700983607,0.862147843768937,0.587163041628315,0.333587578156497,0.651272075057495,5.5399938414611,5.4350429182045,1.31624537279185,1.14727737395621,1.14727737395621,-0.0914782472303908
"1689",1689,0.998446098009823,0.0604939352230867,0.38029817912518,0.0256294132283656,0.853224740146543,0.10171604606905,3.49894044930406,5.4350429182045,1.31624537279185,1.14727737395621,1.14727737395621,1.68756267041517
"1690",1690,0.929124139385764,0.203650403288309,0.987793475523824,0.523767507391982,0.160070870318101,0.895637732743868,4.23170776850174,5.4350429182045,1.31624537279185,1.14727737395621,1.14727737395621,1.04886157176903
"1691",1691,0.0224762211360503,0.227198503423715,0.902913524007192,0.613755110841012,0.670624468427617,0.0121975467260927,6.61843194411866,5.4350429182045,1.31624537279185,1.14727737395621,1.14727737395621,-1.03147595583919
"1692",1692,0.974856256165658,0.54748529199115,0.469403363103978,0.804291574952076,0.0053355922063347,0.0453270328120561,4.33385253002405,5.4350429182045,1.31624537279185,1.14727737395621,1.14727737395621,0.959829255921926
"1693",1693,0.393446930299164,0.946302256653551,0.381931993467268,0.00395819868764374,0.61341491146409,0.915429659273126,6.80371270520341,5.4350429182045,1.31624537279185,1.14727737395621,1.14727737395621,-1.19297200316891
"1694",1694,0.991671821177239,0.438982636337401,0.0390702903433703,0.557465641100891,0.445012460163212,0.320655067276326,3.74282642969608,5.4350429182045,1.31624537279185,1.14727737395621,1.14727737395621,1.47498462614413
"1695",1695,0.960885004267911,0.993592434011516,0.171111125739058,0.259984684465802,0.015699214606313,0.0427256899263011,5.07321543502441,5.4350429182045,1.31624537279185,1.14727737395621,1.14727737395621,0.315379254741496
"1696",1696,0.569574934095726,0.887159611670184,0.663084838345065,0.460305399419391,0.919079782712855,0.0193506766443606,6.18056842107963,5.4350429182045,1.31624537279185,1.14727737395621,1.14727737395621,-0.649821498966984
"1697",1697,0.102096921021119,0.595140306092799,0.715859979803325,0.641611589495675,0.930536255804356,0.287004026199691,7.12924644815117,5.4350429182045,1.31624537279185,1.14727737395621,1.14727737395621,-1.47671658868724
"1698",1698,0.296605564538273,0.836016164259287,0.54602748300333,0.308882717894623,0.642875107727596,0.654562474599457,6.88714246351053,5.4350429182045,1.31624537279185,1.14727737395621,1.14727737395621,-1.26569178323345
"1699",1699,0.855432627545553,0.0799720933759818,0.0261443333454663,0.714986373065505,0.63773290098412,0.327583229739219,3.03086292018768,5.4350429182045,1.31624537279185,1.14727737395621,1.14727737395621,2.09555252512858
"1700",1700,0.179678227917175,0.199424720891286,0.147905014491174,0.41979944805929,0.00939243938191794,0.143606170522748,5.11473253504462,5.4350429182045,1.31624537279185,1.14727737395621,1.14727737395621,0.279191754697766
"1701",1701,0.11416536039731,0.115894485621597,0.931868508548709,0.711669218322961,0.905232451943681,0.91745019361726,5.68794207791897,5.4350429182045,1.31624537279185,1.14727737395621,1.14727737395621,-0.220434190942323
"1702",1702,0.684575023869867,0.0301514045014046,0.264883930264623,0.592116058672662,0.592365195135586,0.998705669952556,3.36382801708376,5.4350429182045,1.31624537279185,1.14727737395621,1.14727737395621,1.80533055749062
"1703",1703,0.0660241422516992,0.912979364313069,0.336952686225413,0.0351977691021748,0.656301829934237,0.0806054905045312,8.00757623408965,5.4350429182045,1.31624537279185,1.14727737395621,1.14727737395621,-2.24229412545125
"1704",1704,0.284617780243861,0.646631955407094,0.696522565144696,0.316233172202366,0.18971632589167,0.0403315344608855,6.68516876975779,5.4350429182045,1.31624537279185,1.14727737395621,1.14727737395621,-1.08964569504445
"1705",1705,0.913931085879216,0.981985547112185,0.986447626036243,0.443122644380666,0.903849663439323,0.331893396162544,5.93054184168358,5.4350429182045,1.31624537279185,1.14727737395621,1.14727737395621,-0.431891131758685
"1706",1706,0.0732188098386396,0.746519816021086,0.649829321271391,0.501221492959885,0.0128129189291503,0.7447565531336,7.65850147112571,5.4350429182045,1.31624537279185,1.14727737395621,1.14727737395621,-1.9380305089204
"1707",1707,0.714641541269491,0.0978529328767909,0.774368364050402,0.369733515635366,0.731319825848914,0.511335081961122,4.16119391095255,5.4350429182045,1.31624537279185,1.14727737395621,1.14727737395621,1.11032348076322
"1708",1708,0.517824893674231,0.953107650461141,0.126666505349102,0.932414849271649,0.117826066812966,0.969048594736145,5.79367552433068,5.4350429182045,1.31624537279185,1.14727737395621,1.14727737395621,-0.312594507890877
"1709",1709,0.931665231389226,0.370881231071777,0.967976876485744,0.0638317274482688,0.0284358671563677,0.217357377791079,5.14917218607059,5.4350429182045,1.31624537279185,1.14727737395621,1.14727737395621,0.249173163023453
"1710",1710,0.975762172084767,0.252229820503038,0.560039987574099,0.557823586976505,0.993845292013837,0.873602515747887,3.84719469201379,5.4350429182045,1.31624537279185,1.14727737395621,1.14727737395621,1.38401424296834
"1711",1711,0.897198952953564,0.979497230830835,0.108325097687892,0.446945787009434,0.22722458448878,0.387460187025252,5.03378309197978,5.4350429182045,1.31624537279185,1.14727737395621,1.14727737395621,0.349749620565633
"1712",1712,0.0547106238862034,0.693185114109074,0.183373642469989,0.935014575717621,0.276905864527449,0.344151125614415,7.07559340091526,5.4350429182045,1.31624537279185,1.14727737395621,1.14727737395621,-1.42995104754273
"1713",1713,0.240516118712956,0.0376709436636884,0.303016220193123,0.183681232427363,0.327248944297899,0.894247547008446,4.5697186844933,5.4350429182045,1.31624537279185,1.14727737395621,1.14727737395621,0.75424152289107
"1714",1714,0.625674122896511,0.0329659404946724,0.270846463058377,0.049824029270676,0.308009722894058,0.272711285901722,3.72218204735826,5.4350429182045,1.31624537279185,1.14727737395621,1.14727737395621,1.49297886433487
"1715",1715,0.532551734674722,0.503565483292332,0.476941194518353,0.0517701316643506,0.317263907982386,0.290791442554444,5.52630809279135,5.4350429182045,1.31624537279185,1.14727737395621,1.14727737395621,-0.0795493545489665
"1716",1716,0.890253509536502,0.172560646448052,0.0120812173798913,0.979263027025387,0.572763859485625,0.968313817697694,3.18889635572384,5.4350429182045,1.31624537279185,1.14727737395621,1.14727737395621,1.95780603145268
"1717",1717,0.585479025822016,0.0322237949499395,0.994195251088473,0.230209409138188,0.0797300521882717,0.117902569049736,4.59193047436799,5.4350429182045,1.31624537279185,1.14727737395621,1.14727737395621,0.734881087150849
"1718",1718,0.740891997642466,0.597377131371177,0.634209167078021,0.391339597926708,0.940122053446132,0.427171737522352,5.18923723640834,5.4350429182045,1.31624537279185,1.14727737395621,1.14727737395621,0.214251311301065
"1719",1719,0.064637939044158,0.248282065028208,0.04449898811616,0.930225559125189,0.398099937519059,0.417804531838978,5.61585763157901,5.4350429182045,1.31624537279185,1.14727737395621,1.14727737395621,-0.157603311526137
"1720",1720,0.979400786349084,0.448604551793309,0.939458017062047,0.687311228865758,0.999296196901123,0.398781652046251,4.56729313813391,5.4350429182045,1.31624537279185,1.14727737395621,1.14727737395621,0.75635569895211
"1721",1721,0.745392281806329,0.0066679338591639,0.467125216367771,0.248170036819065,0.431411835717154,0.85511697484355,3.58182395668512,5.4350429182045,1.31624537279185,1.14727737395621,1.14727737395621,1.61531901838946
"1722",1722,0.303255250266637,0.334274983604322,0.463013899198384,0.803027716353652,0.681989889002405,0.0676475563074928,5.29377379105829,5.4350429182045,1.31624537279185,1.14727737395621,1.14727737395621,0.123134239681783
"1723",1723,0.204912310074898,0.541718069685157,0.984533346706536,0.54399438977649,0.805936306034564,0.931307285023038,6.8368761170879,5.4350429182045,1.31624537279185,1.14727737395621,1.14727737395621,-1.22187818805264
"1724",1724,0.104678592713433,0.0595096670730272,0.0718572011643555,0.981909944339422,0.126508239031071,0.994038009588141,4.71271863847907,5.4350429182045,1.31624537279185,1.14727737395621,1.14727737395621,0.629598644689214
"1725",1725,0.119005972776446,0.0196018674537772,0.979428042534273,0.594358986872132,0.527269344078377,0.576371702460572,5.39348006187512,5.4350429182045,1.31624537279185,1.14727737395621,1.14727737395621,0.0362273825605543
"1726",1726,0.191235901717562,0.637631293855025,0.00662240683776326,0.0890891415865626,0.174452851626207,0.965423075114377,6.2776470345927,5.4350429182045,1.31624537279185,1.14727737395621,1.14727737395621,-0.734438014307394
"1727",1727,0.762013423683355,0.700386950380052,0.00649702392192557,0.54927325919678,0.3670023546007,0.886999143337947,4.65267624500343,5.4350429182045,1.31624537279185,1.14727737395621,1.14727737395621,0.681933324025383
"1728",1728,0.628463688529911,0.354255545828259,0.29265322905581,0.955903175744112,0.107618535268353,0.554600519983331,4.3126790690521,5.4350429182045,1.31624537279185,1.14727737395621,1.14727737395621,0.978284654287307
"1729",1729,0.609845740910736,0.751545110182604,0.358629741795477,0.762052074290579,0.831800028057885,0.814606762416079,5.37179312094189,5.4350429182045,1.31624537279185,1.14727737395621,1.14727737395621,0.0551303448480843
"1730",1730,0.758888851635507,0.966676727027516,0.922215445419191,0.114228329435806,0.654930467189988,0.539187451055739,6.51565437698998,5.4350429182045,1.31624537279185,1.14727737395621,1.14727737395621,-0.941892068401172
"1731",1731,0.997396295281942,0.397472540343995,0.0265902311189566,0.142247781945392,0.703907292497926,0.446887774720788,3.71706043095935,5.4350429182045,1.31624537279185,1.14727737395621,1.14727737395621,1.49744301268746
"1732",1732,0.236388171993778,0.373358070475748,0.372214681671816,0.289006558683584,0.758863547351561,0.986417760890676,5.75975969865704,5.4350429182045,1.31624537279185,1.14727737395621,1.14727737395621,-0.283032497479492
"1733",1733,0.62969113849022,0.551268485538079,0.836033054314903,0.96831798629812,0.00176871014677454,0.985609941133065,5.1971386172377,5.4350429182045,1.31624537279185,1.14727737395621,1.14727737395621,0.207364240215445
"1734",1734,0.127311102933949,0.630951427475316,0.760787931584287,0.744508271488594,0.205874122348265,0.0214608124674996,7.09694787890452,5.4350429182045,1.31624537279185,1.14727737395621,1.14727737395621,-1.44856422555358
"1735",1735,0.971387187977321,0.108483110245201,0.0278505381908035,0.597211914601852,0.0212556815563003,0.599147804738372,2.98150145798347,5.4350429182045,1.31624537279185,1.14727737395621,1.14727737395621,2.13857739716453
"1736",1736,0.0816216848363401,0.426593487807782,0.288186049412587,0.398922581388382,0.300347831409192,0.945420853660209,6.44908484002805,5.4350429182045,1.31624537279185,1.14727737395621,1.14727737395621,-0.883868142824766
"1737",1737,0.332323000012548,0.580437990367413,0.854666266203276,0.977939069257118,0.66310355924,0.506147702150163,6.10333155386152,5.4350429182045,1.31624537279185,1.14727737395621,1.14727737395621,-0.582499621126955
"1738",1738,0.770860645387205,0.978992411104031,0.000143368170713075,0.350353462865227,0.733915130410576,0.820535868286272,5.18968059683799,5.4350429182045,1.31624537279185,1.14727737395621,1.14727737395621,0.213864865582083
"1739",1739,0.350526361087803,0.221210392856621,0.594099242537282,0.494393553527189,0.441946624237229,0.977776294046082,5.03688181698921,5.4350429182045,1.31624537279185,1.14727737395621,1.14727737395621,0.347048682606101
"1740",1740,0.939782617375138,0.970549898402882,0.987258712941082,0.290404433866614,0.0982828284375137,0.0750234104709234,6.03220786343396,5.4350429182045,1.31624537279185,1.14727737395621,1.14727737395621,-0.520506164233178
"1741",1741,0.403759201167268,0.0315721058014315,0.695570009722374,0.959197556373896,0.989556304568308,0.699401756953914,4.13867201439796,5.4350429182045,1.31624537279185,1.14727737395621,1.14727737395621,1.12995421441652
"1742",1742,0.0304669182808138,0.996804486550274,0.188425137436017,0.997153603175888,0.841888829700998,0.219913042785134,7.85170457669312,5.4350429182045,1.31624537279185,1.14727737395621,1.14727737395621,-2.10643189985969
"1743",1743,0.967351447858731,0.52748455645435,0.925275002053124,0.0139710654902738,0.507758175351075,0.439488362262375,5.45154505532123,5.4350429182045,1.31624537279185,1.14727737395621,1.14727737395621,-0.0143837379620104
"1744",1744,0.40806167978677,0.56907570939057,0.343600187062053,0.603973237293307,0.132027480107616,0.472983031533891,5.54605981709696,5.4350429182045,1.31624537279185,1.14727737395621,1.14727737395621,-0.0967655262908528
"1745",1745,0.0430221144062234,0.574725534845493,0.800926558647305,0.909376817758661,0.279880383693846,0.940691501022084,7.32478932878507,5.4350429182045,1.31624537279185,1.14727737395621,1.14727737395621,-1.64715739495853
"1746",1746,0.886196585418656,0.86562005246582,0.768167596980929,0.0576970737015363,0.882347844902426,0.900581515944912,5.93794877293347,5.4350429182045,1.31624537279185,1.14727737395621,1.14727737395621,-0.438347226351005
"1747",1747,0.793403052733163,0.0272819965509698,0.705193645048537,0.54205098904029,0.488586685299175,0.0180292421295308,3.67513202062574,5.4350429182045,1.31624537279185,1.14727737395621,1.14727737395621,1.53398902264583
"1748",1748,0.641000911853393,0.753312763759983,0.281874682630645,0.635826347023947,0.250398186463513,0.000772754655103199,5.28074693008336,5.4350429182045,1.31624537279185,1.14727737395621,1.14727737395621,0.134488826872854
"1749",1749,0.634070974988979,0.617078377901344,0.700925250387285,0.556000800975598,0.321625939942664,0.961099851121078,5.42218873160936,5.4350429182045,1.31624537279185,1.14727737395621,1.14727737395621,0.0112040792287348
"1750",1750,0.00135394676879514,0.036398459198419,0.0876921958528692,0.272315549680497,0.295264098786749,0.575182570661069,5.24848725699153,5.4350429182045,1.31624537279185,1.14727737395621,1.14727737395621,0.162607286997791
"1751",1751,0.674581022751168,0.581134050407796,0.883322648992413,0.954054931645165,0.105595225815312,0.0459041509195231,5.23055813951036,5.4350429182045,1.31624537279185,1.14727737395621,1.14727737395621,0.178234822141577
"1752",1752,0.168128116100794,0.012887180547812,0.319499939025613,0.628885237654205,0.986439038790297,0.41548508329282,4.54432519931622,5.4350429182045,1.31624537279185,1.14727737395621,1.14727737395621,0.77637521588766
"1753",1753,0.21399536621978,0.580957987996633,0.0417714516682317,0.96014730689826,0.0199909256012179,0.627289736744133,5.93259879208819,5.4350429182045,1.31624537279185,1.14727737395621,1.14727737395621,-0.433684028970209
"1754",1754,0.832397602065932,0.685317962403991,0.219938571347739,0.266815495576477,0.510271766549093,0.337896929201786,4.79136458106193,5.4350429182045,1.31624537279185,1.14727737395621,1.14727737395621,0.561048576180793
"1755",1755,0.0959230992890662,0.660151361430297,0.579109162292676,0.211557526980177,0.493661824800074,0.257470543918083,7.46751612021765,5.4350429182045,1.31624537279185,1.14727737395621,1.14727737395621,-1.77156217681211
"1756",1756,0.523866461248719,0.0462877725529252,0.537898154676659,0.0714458870915696,0.00631522840145044,0.545043130058679,4.31360442584459,5.4350429182045,1.31624537279185,1.14727737395621,1.14727737395621,0.977478086657285
"1757",1757,0.906587910335744,0.0545732452155789,0.698005843238323,0.709587573325727,0.543167957848287,0.960785308212624,3.48874640732292,5.4350429182045,1.31624537279185,1.14727737395621,1.14727737395621,1.69644809098786
"1758",1758,0.604092154018464,0.728468098775134,0.960074699295917,0.12530338080693,0.343268336607376,0.0225909185875207,6.46383351670845,5.4350429182045,1.31624537279185,1.14727737395621,1.14727737395621,-0.896723514171925
"1759",1759,0.170819779409911,0.0119304520874284,0.41304949880729,0.116103318126174,0.942598575189128,0.42926754728402,4.89436312052476,5.4350429182045,1.31624537279185,1.14727737395621,1.14727737395621,0.471272082892464
"1760",1760,0.135007603049162,0.977149769926793,0.074501847612788,0.569981636750279,0.931102251510252,0.355716140388977,7.25142712679081,5.4350429182045,1.31624537279185,1.14727737395621,1.14727737395621,-1.5832127869155
"1761",1761,0.996950467749382,0.55939176162926,0.0284879618174164,0.870062039316865,0.0237708340075333,0.796269846342388,3.93551802658765,5.4350429182045,1.31624537279185,1.14727737395621,1.14727737395621,1.30702908089782
"1762",1762,0.420541793237207,0.604956860910053,0.661741210744367,0.825932747823303,0.976077053005341,0.009185543253785,5.8071485169452,5.4350429182045,1.31624537279185,1.14727737395621,1.14727737395621,-0.324337956267324
"1763",1763,0.573655887010274,0.458609849695466,0.291910285046208,0.0924194090078818,0.097447198815411,0.755471228609793,5.01217280142314,5.4350429182045,1.31624537279185,1.14727737395621,1.14727737395621,0.368585772177444
"1764",1764,0.989584097113344,0.766834818563308,0.0322789257005788,0.962602196722874,0.086042594514438,0.056333858024911,4.34754997705959,5.4350429182045,1.31624537279185,1.14727737395621,1.14727737395621,0.947890166607974
"1765",1765,0.297524871208007,0.17182644836721,0.301779212691588,0.325583258495899,0.411264181721606,0.31765665454464,4.81035383251156,5.4350429182045,1.31624537279185,1.14727737395621,1.14727737395621,0.544496997738912
"1766",1766,0.347987838989939,0.384939090356347,0.991813818161259,0.536608983566984,0.147351406896603,0.175644485123223,5.9154314322261,5.4350429182045,1.31624537279185,1.14727737395621,1.14727737395621,-0.41872046370535
"1767",1767,0.200640747821075,0.63276882019348,0.84691295268992,0.042062402770156,0.680270524890977,0.8014744988319,7.48202197547629,5.4350429182045,1.31624537279185,1.14727737395621,1.14727737395621,-1.78420589801496
"1768",1768,0.531451366350637,0.333267386445426,0.913902501175413,0.287893975390471,0.0944614260330563,0.766811190475361,5.40939565736602,5.4350429182045,1.31624537279185,1.14727737395621,1.14727737395621,0.0223548911716434
"1769",1769,0.669026899304474,0.334508430993999,0.00451758113165852,0.553946048832964,0.140749446179834,0.311490661496995,4.00241192263816,5.4350429182045,1.31624537279185,1.14727737395621,1.14727737395621,1.24872243459847
"1770",1770,0.123778688007034,0.233766929061036,0.506855327901081,0.0113189349941676,0.702413228594582,0.130636615614174,6.18156327871614,5.4350429182045,1.31624537279185,1.14727737395621,1.14727737395621,-0.650688645534234
"1771",1771,0.876687107692123,0.0563119111628039,0.472669638523832,0.300985548421158,0.178800850046217,0.104421031121048,3.54037303185804,5.4350429182045,1.31624537279185,1.14727737395621,1.14727737395621,1.65144883822905
"1772",1772,0.496785552705638,0.0411390806131531,0.761610575959901,0.0158555046604015,0.539037519875448,0.692954715901869,4.75128271185769,5.4350429182045,1.31624537279185,1.14727737395621,1.14727737395621,0.595985087711586
"1773",1773,0.146537910579704,0.948801086590742,0.075884881351958,0.575034406426479,0.041094305512961,0.446228082207614,7.14191982571405,5.4350429182045,1.31624537279185,1.14727737395621,1.14727737395621,-1.48776306955627
"1774",1774,0.0162910257828189,0.61238748805772,0.278863957209163,0.52401410241134,0.405757806434995,0.0569292311451864,7.27226678830786,5.4350429182045,1.31624537279185,1.14727737395621,1.14727737395621,-1.60137723606278
"1775",1775,0.912624058004003,0.0780446984268492,0.816757230537711,0.976700850273483,0.79876782412047,0.0724243139711907,3.54601544120468,5.4350429182045,1.31624537279185,1.14727737395621,1.14727737395621,1.64653075174471
"1776",1776,0.969563046109048,0.516951345444773,0.887291647180915,0.6234898579726,0.475291139134672,0.0710107803008286,4.73451719809601,5.4350429182045,1.31624537279185,1.14727737395621,1.14727737395621,0.610598392342415
"1777",1777,0.50975575928553,0.98408497165516,0.863957324638497,0.465198987281648,0.390481838282547,0.71188849114487,6.71941575087197,5.4350429182045,1.31624537279185,1.14727737395621,1.14727737395621,-1.11949635007488
"1778",1778,0.464015463190153,0.0739538659921382,0.98148308418144,0.965305083173676,0.757456641063211,0.411539011179935,4.36926767217164,5.4350429182045,1.31624537279185,1.14727737395621,1.14727737395621,0.928960398092484
"1779",1779,0.995285630305763,0.68676229090197,0.989300289956387,0.520509130426683,0.803374596510897,0.848808966180193,5.18493714898113,5.4350429182045,1.31624537279185,1.14727737395621,1.14727737395621,0.217999391342408
"1780",1780,0.604544462582562,0.0944890471402323,0.76478041100339,0.989451408567489,0.352427411028068,0.577392306428868,3.98000114916516,5.4350429182045,1.31624537279185,1.14727737395621,1.14727737395621,1.26825631017358
"1781",1781,0.529821630847873,0.716513385257917,0.951453789561754,0.0988949497966096,0.995996534538339,0.235641803310486,6.64277714036917,5.4350429182045,1.31624537279185,1.14727737395621,1.14727737395621,-1.05269593001733
"1782",1782,0.551514587477548,0.905013196323765,0.64919704226125,0.904712520571193,0.422631421232363,0.509665659819613,6.02341126944077,5.4350429182045,1.31624537279185,1.14727737395621,1.14727737395621,-0.512838799572393
"1783",1783,0.867770817963523,0.93287834298017,0.0194590869497042,0.964191568759736,0.652318960196106,0.26425973017537,4.85327112844373,5.4350429182045,1.31624537279185,1.14727737395621,1.14727737395621,0.507089046613566
"1784",1784,0.66332366711949,0.0926720781568438,0.505004592214595,0.0172338167687412,0.944884358515148,0.477971685243887,4.22001846051541,5.4350429182045,1.31624537279185,1.14727737395621,1.14727737395621,1.05905030925457
"1785",1785,0.438251798827318,0.893946215942618,0.270399321910343,0.960696483398904,0.568763344446081,0.110008825209923,6.0248148431267,5.4350429182045,1.31624537279185,1.14727737395621,1.14727737395621,-0.51406219481908
"1786",1786,0.593564181080903,0.734541678566253,0.0103900135089643,0.0337110510703642,0.418257170718396,0.708035618392052,5.21573213762156,5.4350429182045,1.31624537279185,1.14727737395621,1.14727737395621,0.191157592367293
"1787",1787,0.0247404654991114,0.148701819910202,0.638542243296979,0.13887613864895,0.97166792295943,0.911465519430232,6.38583481419555,5.4350429182045,1.31624537279185,1.14727737395621,1.14727737395621,-0.828737598748583
"1788",1788,0.183589691582951,0.885225990127423,0.679209310982493,0.0361823713877238,0.0275721319711301,0.269039622762008,7.89257136529872,5.4350429182045,1.31624537279185,1.14727737395621,1.14727737395621,-2.14205256974589
"1789",1789,0.00476616979157552,0.0684086006466532,0.422002340428531,0.962079074806068,0.710385839522234,0.385914682684233,5.50502459249375,5.4350429182045,1.31624537279185,1.14727737395621,1.14727737395621,-0.0609980427382862
"1790",1790,0.54783426968765,0.0938476404307876,0.166248378562275,0.967108114223811,0.664431598519441,0.0527134685538476,3.64391204290263,5.4350429182045,1.31624537279185,1.14727737395621,1.14727737395621,1.56120125434482
"1791",1791,0.743870068353717,0.259082122222171,0.997620578703005,0.0375285451459931,0.517596403150936,0.989958716868423,5.25204965410638,5.4350429182045,1.31624537279185,1.14727737395621,1.14727737395621,0.159502199077714
"1792",1792,0.82397714163817,0.463448806994595,0.0106679916911526,0.774011378405616,0.951536894118879,0.367933410515543,4.00631178240302,5.4350429182045,1.31624537279185,1.14727737395621,1.14727737395621,1.24532320451394
"1793",1793,0.0360310694518266,0.681973860716331,0.685600063915364,0.475132906129118,0.435842232833616,0.996876405319199,7.75860359160836,5.4350429182045,1.31624537279185,1.14727737395621,1.14727737395621,-2.02528240001057
"1794",1794,0.989100124488468,0.944826458608732,0.95043892729911,0.982338105231873,0.511323077393463,0.0152230867607286,5.3755691659239,5.4350429182045,1.31624537279185,1.14727737395621,1.14727737395621,0.0518390352940667
"1795",1795,0.4703676048622,0.466128930489067,0.146389686058741,0.136278882331564,0.121699662200408,0.0588793685988057,5.07205917995141,5.4350429182045,1.31624537279185,1.14727737395621,1.14727737395621,0.316387079962535
"1796",1796,0.888571508937515,0.962883317368221,0.33114605113375,0.00228898413607385,0.991997484128107,0.983801389513887,5.51696400611794,5.4350429182045,1.31624537279185,1.14727737395621,1.14727737395621,-0.0714047795006601
"1797",1797,0.45315458324342,0.159732634488144,0.325654271849082,0.990172700888826,0.577592467586976,0.7239357124042,4.16452860189842,5.4350429182045,1.31624537279185,1.14727737395621,1.14727737395621,1.10741686809782
"1798",1798,0.597505935625639,0.194266240992583,0.00173592484311666,0.0724211968251038,0.940645524721942,0.679615385895828,3.85185440572562,5.4350429182045,1.31624537279185,1.14727737395621,1.14727737395621,1.37995270230031
"1799",1799,0.624293133551255,0.908779067338561,0.769669643668458,0.902257684398326,0.967267074415344,0.924579307307606,5.93485340466112,5.4350429182045,1.31624537279185,1.14727737395621,1.14727737395621,-0.435649214220185
"1800",1800,0.685087158599403,0.511857971693389,0.457764557945076,0.486264509075088,0.63375600334839,0.0416704646461876,4.88304274847539,5.4350429182045,1.31624537279185,1.14727737395621,1.14727737395621,0.481139245190221
"1801",1801,0.575204955257941,0.0576372362842085,0.895040396958008,0.61292415598454,0.979483803064679,0.982497146672686,4.21172661693578,5.4350429182045,1.31624537279185,1.14727737395621,1.14727737395621,1.0662777189184
"1802",1802,0.0133135377991712,0.0097613890824141,0.54231885934039,0.889965324122226,0.141105911745457,0.860301938659395,5.30357139456449,5.4350429182045,1.31624537279185,1.14727737395621,1.14727737395621,0.11459436630102
"1803",1803,0.154858302329085,0.470176761919749,0.0363958326982101,0.551783278531162,0.946760075472295,0.0691290531206178,5.93405742088583,5.4350429182045,1.31624537279185,1.14727737395621,1.14727737395621,-0.434955411837815
"1804",1804,0.965907217112137,0.404511489205644,0.944481557444437,0.510472897648695,0.000189360147924162,0.420505023356294,4.62111446181695,5.4350429182045,1.31624537279185,1.14727737395621,1.14727737395621,0.70944348321003
"1805",1805,0.268559388379566,0.952267900055856,0.249872635589214,0.670972978977952,0.548682345096138,0.980113575843628,6.77008114579973,5.4350429182045,1.31624537279185,1.14727737395621,1.14727737395621,-1.16365776742511
"1806",1806,0.136571488288813,0.435111036890303,0.553360534145031,0.599382782010245,0.594635004659998,0.468942042201757,6.39235172292735,5.4350429182045,1.31624537279185,1.14727737395621,1.14727737395621,-0.834417924082053
"1807",1807,0.906433474872727,0.0439375555607257,0.444896097892546,0.715977568976232,0.857864834668348,0.277393935742555,3.24210477462666,5.4350429182045,1.31624537279185,1.14727737395621,1.14727737395621,1.91142804116831
"1808",1808,0.720591020029504,0.91751919350354,0.998871514872531,0.662192894494627,0.343691717978218,0.238017577839899,6.05471276438593,5.4350429182045,1.31624537279185,1.14727737395621,1.14727737395621,-0.54012208402977
"1809",1809,0.286959805430379,0.601938571760664,0.750063842598582,0.346918432177277,0.226724142454797,0.521498913106974,6.59046182957044,5.4350429182045,1.31624537279185,1.14727737395621,1.14727737395621,-1.00709639847743
"1810",1810,0.492782453051652,0.062854852594668,0.437566128749051,0.689892505656579,0.259798920364585,0.0396200795546174,3.95049173027968,5.4350429182045,1.31624537279185,1.14727737395621,1.14727737395621,1.29397756952669
"1811",1811,0.793912250511697,0.0499802045520628,0.164455669748131,0.949258644351387,0.00598627401550766,0.167311964210356,3.11335263404982,5.4350429182045,1.31624537279185,1.14727737395621,1.14727737395621,2.02365211487496
"1812",1812,0.944752225640928,0.412287377131055,0.733935815496603,0.169557751153596,0.698881923777401,0.00178669111907948,4.76667567831532,5.4350429182045,1.31624537279185,1.14727737395621,1.14727737395621,0.582568134839458
"1813",1813,0.0459211579231778,0.481906981995213,0.103209235215909,0.844463594954461,0.299508484717575,0.982585327488487,6.51702618649071,5.4350429182045,1.31624537279185,1.14727737395621,1.14727737395621,-0.943087777069251
"1814",1814,0.487633856413187,0.0178963162753498,0.994557692490052,0.34900280421041,0.590371874413569,0.222089885589317,4.58176603249307,5.4350429182045,1.31624537279185,1.14727737395621,1.14727737395621,0.7437407074185
"1815",1815,0.358333302049665,0.950417851467384,0.569894628471695,0.916318740887451,0.0305863689607941,0.815002901365166,6.63386031363329,5.4350429182045,1.31624537279185,1.14727737395621,1.14727737395621,-1.04492376703539
"1816",1816,0.0725371780615533,0.153343722938327,0.927958092790563,0.271872982469271,0.0335469672826584,0.39698612701823,6.38714621684326,5.4350429182045,1.31624537279185,1.14727737395621,1.14727737395621,-0.829880655063891
"1817",1817,0.416736099403701,0.340826247353922,0.494173037909088,0.707655947671039,0.897561227285536,0.876318006117595,5.01653768384296,5.4350429182045,1.31624537279185,1.14727737395621,1.14727737395621,0.364781214954488
"1818",1818,0.987772087753168,0.981184268055949,0.416847649195231,0.0269021471968153,0.844318695474649,0.214253843795857,5.48055496807829,5.4350429182045,1.31624537279185,1.14727737395621,1.14727737395621,-0.0396696133881283
"1819",1819,0.0212215361810522,0.424661099530174,0.00243531566625461,0.72631771853019,0.0258285474104341,0.217634599644109,6.41766797209221,5.4350429182045,1.31624537279185,1.14727737395621,1.14727737395621,-0.856484295946043
"1820",1820,0.479841734060552,0.271975934893591,0.403510717274505,0.424421484108199,0.851407845496899,0.40937091815169,4.68858413206485,5.4350429182045,1.31624537279185,1.14727737395621,1.14727737395621,0.650634975538305
"1821",1821,0.381525584788295,0.975559837479726,0.365460299423547,0.484160308146849,0.977174456202076,0.938664552880335,6.57864092181848,5.4350429182045,1.31624537279185,1.14727737395621,1.14727737395621,-0.996792954846183
"1822",1822,0.151977524282644,0.426113496777951,0.144481980315875,0.937958863703418,0.959642833676888,0.469618558557471,5.85293293208922,5.4350429182045,1.31624537279185,1.14727737395621,1.14727737395621,-0.364244971068932
"1823",1823,0.957945812744903,0.635442449691123,0.576237858601031,0.200959177040495,0.257921564674005,0.0848854984362842,4.96660852708971,5.4350429182045,1.31624537279185,1.14727737395621,1.14727737395621,0.408300905908626
"1824",1824,0.0147314408459933,0.860781978675979,0.622053562457673,0.995303015891346,0.489295462608919,0.492340711202938,7.99251457845506,5.4350429182045,1.31624537279185,1.14727737395621,1.14727737395621,-2.22916595263403
"1825",1825,0.634502367763082,0.57943437331554,0.978343911081669,0.990721262959763,0.720256427193875,0.120904070573044,5.36357105401323,5.4350429182045,1.31624537279185,1.14727737395621,1.14727737395621,0.0622969351734103
"1826",1826,0.961710473493091,0.80301615890977,0.400671761168167,0.413234545220854,0.496711991467979,0.807535000860924,4.92246993630167,5.4350429182045,1.31624537279185,1.14727737395621,1.14727737395621,0.446773372802865
"1827",1827,0.567111113164923,0.881415375982644,0.160626979897614,0.121785940320347,0.948379836937762,0.0685396003789501,5.7664302355106,5.4350429182045,1.31624537279185,1.14727737395621,1.14727737395621,-0.288846729508281
"1828",1828,0.00244153092859779,0.808982867853949,0.111282075065654,0.114951254862244,0.0929764329947066,0.509420849562506,7.76817689947751,5.4350429182045,1.31624537279185,1.14727737395621,1.14727737395621,-2.03362677085451
"1829",1829,0.771197316700243,0.287814106557169,0.0354559983725194,0.294358518799883,0.504531397647457,0.993326150351204,3.77568939950348,5.4350429182045,1.31624537279185,1.14727737395621,1.14727737395621,1.44634031522734
"1830",1830,0.938579869678244,0.058989950354211,0.321594591506408,0.151592750270385,0.0270173497993965,0.651980870192172,3.37083233224128,5.4350429182045,1.31624537279185,1.14727737395621,1.14727737395621,1.7992253946795
"1831",1831,0.416115636575618,0.0821587170878192,0.74853591587604,0.739401978094247,0.933944593746099,0.0389655382682104,4.44134610426544,5.4350429182045,1.31624537279185,1.14727737395621,1.14727737395621,0.866134760866458
"1832",1832,0.0159570424599806,0.401050348157063,0.930487414334901,0.345567178680329,0.801717307329411,0.36412639274192,7.47392272012843,5.4350429182045,1.31624537279185,1.14727737395621,1.14727737395621,-1.77714635380036
"1833",1833,0.678658653064515,0.65082994113618,0.569087359232479,0.100307936084107,0.624158095438965,0.710983184307464,5.59851294041368,5.4350429182045,1.31624537279185,1.14727737395621,1.14727737395621,-0.142485179190345
"1834",1834,0.809215731854667,0.401573759787017,0.186643273457768,0.943068972987472,0.974406774032512,0.977141963075264,4.00774583803661,5.4350429182045,1.31624537279185,1.14727737395621,1.14727737395621,1.24407324032381
"1835",1835,0.0518284019546118,0.331991250840598,0.040678663190105,0.0677206216484774,0.481603677567677,0.825451381205116,6.12545729102465,5.4350429182045,1.31624537279185,1.14727737395621,1.14727737395621,-0.601785050845517
"1836",1836,0.0358019724607002,0.0346634015730815,0.403224938155152,0.588768442881526,0.887174900870072,0.992405278733233,5.28786065918362,5.4350429182045,1.31624537279185,1.14727737395621,1.14727737395621,0.128288295718188
"1837",1837,0.0262773904812057,0.494345919764135,0.338578322848771,0.0330476299047004,0.693068794173538,0.483433633150882,7.22155282249711,5.4350429182045,1.31624537279185,1.14727737395621,1.14727737395621,-1.55717348293212
"1838",1838,0.481180026603746,0.180370384630631,0.0966512200846337,0.455035522548482,0.990018670489313,0.971301023420179,4.07630124785269,5.4350429182045,1.31624537279185,1.14727737395621,1.14727737395621,1.18431837077585
"1839",1839,0.619340811188566,0.50911754819809,0.956897434873157,0.973068511613412,0.47499404473952,0.855649241065956,5.21196772065588,5.4350429182045,1.31624537279185,1.14727737395621,1.14727737395621,0.194438766607398
"1840",1840,0.607486795800389,0.988369035076816,0.642795230885385,0.964868109688396,0.827406627118005,0.0477421295967652,6.01932729271537,5.4350429182045,1.31624537279185,1.14727737395621,1.14727737395621,-0.509279087842598
"1841",1841,0.351327564644162,0.872680302813649,0.101991673791665,0.324282870542491,0.493370423454442,0.0174342427027877,6.25399808650635,5.4350429182045,1.31624537279185,1.14727737395621,1.14727737395621,-0.713824910080645
"1842",1842,0.91830778643291,0.398000403449987,0.369318459963659,0.66494454776193,0.45967866786872,0.997750119925011,4.04102875576622,5.4350429182045,1.31624537279185,1.14727737395621,1.14727737395621,1.21506289070379
"1843",1843,0.00350410218175966,0.986690047370037,0.914971488237381,0.667023177283816,0.0840822961599333,0.47050993296213,8.69709286018895,5.4350429182045,1.31624537279185,1.14727737395621,1.14727737395621,-2.84329667440034
"1844",1844,0.911996963310288,0.00388255412178114,0.695066005434725,0.417744020969141,0.273703237873269,0.570100598383579,3.51531471920465,5.4350429182045,1.31624537279185,1.14727737395621,1.14727737395621,1.67329038520124
"1845",1845,0.323928558851825,0.974722394035081,0.517667913748184,0.789175549244043,0.173263429262443,0.162614129362046,6.80928731685025,5.4350429182045,1.31624537279185,1.14727737395621,1.14727737395621,-1.19783099522557
"1846",1846,0.882044783591409,0.979899623700418,0.230925702192355,0.0967370473977644,0.0731449218238704,0.632748720417265,5.34439971286383,5.4350429182045,1.31624537279185,1.14727737395621,1.14727737395621,0.0790072282416768
"1847",1847,0.0639659839518135,0.484593149189372,0.926461106199538,0.0144021678386489,0.238412054260029,0.719886154401698,7.89687556644163,5.4350429182045,1.31624537279185,1.14727737395621,1.14727737395621,-2.14580423542031
"1848",1848,0.417161829397315,0.57288254584535,0.212071362033603,0.98408161237149,0.56531531311688,0.47384159083548,5.3275505932997,5.4350429182045,1.31624537279185,1.14727737395621,1.14727737395621,0.0936934060977161
"1849",1849,0.00194022030162159,0.462775366847985,0.972088780118269,0.689110197862959,0.434202199963736,0.297361842619604,7.51094859387671,5.4350429182045,1.31624537279185,1.14727737395621,1.14727737395621,-1.80941917168101
"1850",1850,0.920615651724162,0.161411494013038,0.070648525777855,0.108356026932714,0.561020749699208,0.0238568301695632,3.34423083553851,5.4350429182045,1.31624537279185,1.14727737395621,1.14727737395621,1.82241202531184
"1851",1851,0.37854563329916,0.994793418272166,0.82726981405355,0.374201209382853,0.553993167712819,0.0202639925573021,7.19811860549123,5.4350429182045,1.31624537279185,1.14727737395621,1.14727737395621,-1.53674754449923
"1852",1852,0.524051320396829,0.47406102198537,0.977692697485094,0.659777861208306,0.972837119854521,0.551102041255916,5.54583026685087,5.4350429182045,1.31624537279185,1.14727737395621,1.14727737395621,-0.096565443685459
"1853",1853,0.407346857659519,0.897692506655469,0.419196169676958,0.0445196726395516,0.25261196750612,0.639399001722108,6.68056045106691,5.4350429182045,1.31624537279185,1.14727737395621,1.14727737395621,-1.08562895175683
"1854",1854,0.554650067776325,0.0122044861532049,0.0255436292086961,0.576286448608618,0.249542228397913,0.800668320484925,3.29611266752046,5.4350429182045,1.31624537279185,1.14727737395621,1.14727737395621,1.86435320632906
"1855",1855,0.885943414214533,0.610536448880681,0.555796988172107,0.982844980574097,0.211916743318434,0.430065774201299,4.60850312621821,5.4350429182045,1.31624537279185,1.14727737395621,1.14727737395621,0.720435886516348
"1856",1856,0.557282332684961,0.896909452376422,0.99534714775288,0.640197538171662,0.0314973424397176,0.966573845653329,6.41793326541319,5.4350429182045,1.31624537279185,1.14727737395621,1.14727737395621,-0.856715533244888
"1857",1857,0.227837833615718,0.0222796116699465,0.0439781398253981,0.257437298720935,0.7894368989754,0.145206243257388,4.19780802545245,5.4350429182045,1.31624537279185,1.14727737395621,1.14727737395621,1.07840956410187
"1858",1858,0.0675990967298858,0.0107073333546286,0.792158443754888,0.95793418357207,0.0624526270367205,0.278986384091899,5.22233794913375,5.4350429182045,1.31624537279185,1.14727737395621,1.14727737395621,0.185399776810092
"1859",1859,0.824913512241794,0.475646591573488,0.65614385911834,0.0471619452927262,0.0388800866742386,0.542897943207994,5.11617349527513,5.4350429182045,1.31624537279185,1.14727737395621,1.14727737395621,0.277935772262115
"1860",1860,0.052734873766196,0.992469197070459,0.5587227782259,0.850779823575285,0.960425760993734,0.970143960261019,8.04176386094997,5.4350429182045,1.31624537279185,1.14727737395621,1.14727737395621,-2.27209304560465
"1861",1861,0.990395761070424,0.486267796014319,0.410095599396387,0.0388615612812573,0.970412936996087,0.455238930406165,4.52029554023518,5.4350429182045,1.31624537279185,1.14727737395621,1.14727737395621,0.797320158781615
"1862",1862,0.0318935061228694,0.953704885080922,0.625974901978858,0.141533549697371,0.794068983330042,0.999872761794832,8.57564219124634,5.4350429182045,1.31624537279185,1.14727737395621,1.14727737395621,-2.73743677364783
"1863",1863,0.933092354916036,0.889478553630528,0.462486132808263,0.926143108141376,0.470171356499544,0.797184281584574,4.99965512927199,5.4350429182045,1.31624537279185,1.14727737395621,1.14727737395621,0.379496535725395
"1864",1864,0.455812630762579,0.491242517533246,0.347599144497653,0.961619919830933,0.0139011202395195,0.120343528271304,5.12657004756909,5.4350429182045,1.31624537279185,1.14727737395621,1.14727737395621,0.268873837868596
"1865",1865,0.694739512063796,0.954340920315124,0.549019153798814,0.507182029957883,0.0247701815933688,0.556490891034948,5.84151372566827,5.4350429182045,1.31624537279185,1.14727737395621,1.14727737395621,-0.354291661886539
"1866",1866,0.00291601271054242,0.863983767004567,0.983003611934022,0.562908824008424,0.663584182112245,0.633267723826691,8.5909560689052,5.4350429182045,1.31624537279185,1.14727737395621,1.14727737395621,-2.75078479044524
"1867",1867,0.0521060534915887,0.0686475172565551,0.421588008092134,0.452046270149178,0.00694514964520931,0.677918542038184,5.43425604155791,5.4350429182045,1.31624537279185,1.14727737395621,1.14727737395621,0.000685864346715298
"1868",1868,0.0787119085573358,0.706445273042074,0.573546807950595,0.992349214263959,0.97987936301704,0.50242045369721,7.2625577574555,5.4350429182045,1.31624537279185,1.14727737395621,1.14727737395621,-1.59291456515794
"1869",1869,0.99247484286176,0.035972305649193,0.996580017446773,0.971702405094286,0.840107042853022,0.862374425489688,3.46382857161099,5.4350429182045,1.31624537279185,1.14727737395621,1.14727737395621,1.71816719421222
"1870",1870,0.454430850091972,0.306149328741361,0.512795766133349,0.967955682585482,0.155548627282376,0.956789410618134,4.74759131846043,5.4350429182045,1.31624537279185,1.14727737395621,1.14727737395621,0.599202612506423
"1871",1871,0.130434537559748,0.525813307546894,0.00107246809441131,0.649929293251713,0.90254971384292,0.921994438309805,6.15033856591561,5.4350429182045,1.31624537279185,1.14727737395621,1.14727737395621,-0.623472286605394
"1872",1872,0.510294146132539,0.73267007618479,0.274889273491106,0.432910620166222,0.924627161087235,0.520137763401028,5.61723539290552,5.4350429182045,1.31624537279185,1.14727737395621,1.14727737395621,-0.158804207976975
"1873",1873,0.394831951577216,0.00429206627421081,0.641929490470793,0.647594419544912,0.503787072227336,0.412292581126094,4.14926112621078,5.4350429182045,1.31624537279185,1.14727737395621,1.14727737395621,1.12072443960077
"1874",1874,0.52732683888264,0.0455654371805722,0.982085519579821,0.411648758908152,0.442702481453889,0.904384163706098,4.50904118148764,5.4350429182045,1.31624537279185,1.14727737395621,1.14727737395621,0.807129781984356
"1875",1875,0.946311911585159,0.549125245943666,0.119081212274265,0.364998262504814,0.949177200287697,0.0549013722592499,4.17085248937834,5.4350429182045,1.31624537279185,1.14727737395621,1.14727737395621,1.10190478564638
"1876",1876,0.975128565189545,0.618630109471385,0.136076211877982,0.489094940410811,0.00114881549263373,0.134580245564692,4.25112314647552,5.4350429182045,1.31624537279185,1.14727737395621,1.14727737395621,1.03193856917653
"1877",1877,0.415566382541438,0.368175658723572,0.787289412006619,0.0280617240139982,0.77421712056594,0.444187077287934,5.97239772535998,5.4350429182045,1.31624537279185,1.14727737395621,1.14727737395621,-0.468373925393904
"1878",1878,0.819961262360215,0.0386599074418191,0.0887134495101636,0.32546674528718,0.589727456448483,0.531986907585175,3.09384084968376,5.4350429182045,1.31624537279185,1.14727737395621,1.14727737395621,2.04065914805542
"1879",1879,0.0607744009186281,0.452144687751425,0.474401610576315,0.903347954392899,0.110525376435253,0.580795135451946,6.63500368336022,5.4350429182045,1.31624537279185,1.14727737395621,1.14727737395621,-1.0459203610177
"1880",1880,0.937781652701902,0.600373301873333,0.079938776515075,0.414974504298996,0.918331135756569,0.865806727914722,4.22761235170333,5.4350429182045,1.31624537279185,1.14727737395621,1.14727737395621,1.05243125499593
"1881",1881,0.131490241734777,0.332106118880096,0.306032928428496,0.0395459621076006,0.123332420219784,0.461284110052278,6.14186572919218,5.4350429182045,1.31624537279185,1.14727737395621,1.14727737395621,-0.616087118104935
"1882",1882,0.996176994035137,0.378761482464964,0.577323494257638,0.144093115537311,0.413075642156531,0.998338355655549,4.413632524647,5.4350429182045,1.31624537279185,1.14727737395621,1.14727737395621,0.890290714995383
"1883",1883,0.701997347392957,0.500998984667705,0.749487835655455,0.364439876193181,0.961983466045232,0.988984796577715,5.19553013333006,5.4350429182045,1.31624537279185,1.14727737395621,1.14727737395621,0.208766241112659
"1884",1884,0.516246771156322,0.964783154682722,0.0328674897250021,0.528549988512648,0.473727493970306,0.603971654012799,5.79812281216007,5.4350429182045,1.31624537279185,1.14727737395621,1.14727737395621,-0.316470892042039
"1885",1885,0.919637261774275,0.303313005997683,0.931173732381314,0.947479322396102,0.531107038225513,0.385162084979704,4.18263860665927,5.4350429182045,1.31624537279185,1.14727737395621,1.14727737395621,1.09163166639163
"1886",1886,0.16472165696742,0.845599144587526,0.438783475209144,0.413948109739693,0.824737042370252,0.161163719211239,7.26865499353377,5.4350429182045,1.31624537279185,1.14727737395621,1.14727737395621,-1.59822909172029
"1887",1887,0.917180890676216,0.816712869848241,0.377460866254871,0.936825581477955,0.996119249674375,0.363021622649394,4.83032790945995,5.4350429182045,1.31624537279185,1.14727737395621,1.14727737395621,0.527087017029965
"1888",1888,0.529294685283676,0.0214730912755476,0.990995088192285,0.574159433195833,0.0543492565955967,0.418477379959775,4.30401337513546,5.4350429182045,1.31624537279185,1.14727737395621,1.14727737395621,0.985837922671532
"1889",1889,0.9847903187013,0.60147421261156,0.713348062127479,0.638362478666473,0.0268924999323208,0.874126137941261,4.69400098639284,5.4350429182045,1.31624537279185,1.14727737395621,1.14727737395621,0.645913489304065
"1890",1890,0.868562154392712,0.0482980794295436,0.352826729794266,0.822727177456371,0.432649463458802,0.632434416146367,3.18418453820546,5.4350429182045,1.31624537279185,1.14727737395621,1.14727737395621,1.96191298729905
"1891",1891,0.0299592906689504,0.235075981659349,0.878765449405415,0.354873527161311,0.564281608320423,0.944433082710719,6.76583075106574,5.4350429182045,1.31624537279185,1.14727737395621,1.14727737395621,-1.1599530009663
"1892",1892,0.455318266398273,0.973773586450727,0.872067284178222,0.502252699423931,0.947799053479219,0.395555086695473,6.84318753192525,5.4350429182045,1.31624537279185,1.14727737395621,1.14727737395621,-1.22737939898961
"1893",1893,0.941453227541875,0.888006905734888,0.998083675369504,0.275384103912162,0.456702059804113,0.978505088285659,5.89624864297104,5.4350429182045,1.31624537279185,1.14727737395621,1.14727737395621,-0.402000192138491
"1894",1894,0.0925693059187615,0.972429671453778,0.948893685289542,0.937291020019213,0.0355085399217205,0.00845740796613973,8.08359912980093,5.4350429182045,1.31624537279185,1.14727737395621,1.14727737395621,-2.30855787076432
"1895",1895,0.012238971473882,0.684442203594139,0.43235504415608,0.947671447440516,0.690977718695882,0.017505094070686,7.48890464797357,5.4350429182045,1.31624537279185,1.14727737395621,1.14727737395621,-1.79020503358019
"1896",1896,0.987333338208962,0.918395147391828,0.0913829181779875,0.029564177288441,0.385651150100282,0.0950317904576659,4.88288005733245,5.4350429182045,1.31624537279185,1.14727737395621,1.14727737395621,0.481281051475809
"1897",1897,0.424575922579155,0.169275959297083,0.605106668616878,0.0931961780644488,0.303382825977285,0.0139456462049857,5.02174398910504,5.4350429182045,1.31624537279185,1.14727737395621,1.14727737395621,0.360243249349773
"1898",1898,0.167652783446829,0.267352138817427,0.947830747658154,0.988704766228795,0.378480892527965,0.643359902061406,5.88333823952742,5.4350429182045,1.31624537279185,1.14727737395621,1.14727737395621,-0.390747112685612
"1899",1899,0.0614329410158098,0.564528752303566,0.908680604537949,0.0729433324380079,0.420623994073016,0.00334175954561215,8.01965009164924,5.4350429182045,1.31624537279185,1.14727737395621,1.14727737395621,-2.25281804741962
"1900",1900,0.831088729304029,0.948260901822592,0.607263066123007,0.477615479688393,0.553151115689077,0.374712223542272,5.61292596570293,5.4350429182045,1.31624537279185,1.14727737395621,1.14727737395621,-0.155047987118431
"1901",1901,0.411326884120004,0.00225458922528196,0.367181553224451,0.149316528890864,0.746983119191951,0.806397346574347,4.0882363203607,5.4350429182045,1.31624537279185,1.14727737395621,1.14727737395621,1.17391541785536
"1902",1902,0.460633150778129,0.00171615142480005,0.154935089479201,0.33468163131224,0.0178793481216999,0.408471836891607,3.6305588541189,5.4350429182045,1.31624537279185,1.14727737395621,1.14727737395621,1.57284027825208
"1903",1903,0.998548611597507,0.961186096558929,0.989808244261309,0.0667082988212351,0.673361998888198,0.116399768891162,6.22535071464244,5.4350429182045,1.31624537279185,1.14727737395621,1.14727737395621,-0.688855035737944
"1904",1904,0.0169147804362001,0.129309535828535,0.341623591658426,0.848273379478138,0.297775489246356,0.0716822197841248,5.6692005156163,5.4350429182045,1.31624537279185,1.14727737395621,1.14727737395621,-0.204098505494223
"1905",1905,0.325828175407019,0.0215075563442661,0.0471118266676785,0.709358572144527,0.644338803942199,0.438545948140323,3.82905004599868,5.4350429182045,1.31624537279185,1.14727737395621,1.14727737395621,1.39982963898939
"1906",1906,0.785627287628711,0.564134847861016,0.479604408901185,0.96119061674492,0.557596234977012,0.027102173444815,4.65256244562852,5.4350429182045,1.31624537279185,1.14727737395621,1.14727737395621,0.682032514837903
"1907",1907,0.239483735849732,0.999990487596486,0.609720827830839,0.00789068853366189,0.954685578691773,0.527184913185076,7.81701939671108,5.4350429182045,1.31624537279185,1.14727737395621,1.14727737395621,-2.07619929807619
"1908",1908,0.199411339275073,0.500399555703742,0.180881725018611,0.0480442637886154,0.981685891579371,0.0871625344364438,6.15949284453256,5.4350429182045,1.31624537279185,1.14727737395621,1.14727737395621,-0.631451419485338
"1909",1909,0.159171371624339,0.446576062004198,0.0247247036907356,0.491566533607431,0.00229512581427116,0.693994560797815,5.84222217006166,5.4350429182045,1.31624537279185,1.14727737395621,1.14727737395621,-0.354909162422567
"1910",1910,0.759724910853896,0.551988760608947,0.95191077444423,0.440479823130998,0.0324004829683108,0.00864663351199124,5.37949064158172,5.4350429182045,1.31624537279185,1.14727737395621,1.14727737395621,0.0484209641747024
"1911",1911,0.0394830552601488,0.0164419105298584,0.983772483908571,0.415759878788725,0.342953932354692,0.0287978330983315,5.9037726434159,5.4350429182045,1.31624537279185,1.14727737395621,1.14727737395621,-0.408558327612666
"1912",1912,0.544917566382675,0.798706109619001,0.223067253461224,0.426414591191802,0.0477458882257342,0.986966446746141,5.6088521365399,5.4350429182045,1.31624537279185,1.14727737395621,1.14727737395621,-0.151497120296241
"1913",1913,0.596917952113552,0.998554600929026,0.571673024996999,0.315913539787871,0.128544033966609,0.0541201473834226,6.31465978985819,5.4350429182045,1.31624537279185,1.14727737395621,1.14727737395621,-0.766699397740641
"1914",1914,0.552570845417911,0.515482748239418,0.0126246991202934,0.963684518453665,0.287823115223204,0.95148772114981,4.67062202140441,5.4350429182045,1.31624537279185,1.14727737395621,1.14727737395621,0.666291268487325
"1915",1915,0.977682381654624,0.0208736999569228,0.268456876473036,0.740547753780615,0.408146830949467,0.004054288077401,2.9526544066027,5.4350429182045,1.31624537279185,1.14727737395621,1.14727737395621,2.16372131792477
"1916",1916,0.669863663532655,0.839331505081966,0.101293984515592,0.859711370124482,0.0783650424063671,0.41473176454904,5.17408326466459,5.4350429182045,1.31624537279185,1.14727737395621,1.14727737395621,0.22745994949768
"1917",1917,0.829665520016919,0.999071117563872,0.925977186442702,0.929757240793435,0.760849385933019,0.499132686397526,5.75084724901254,5.4350429182045,1.31624537279185,1.14727737395621,1.14727737395621,-0.275264149696456
"1918",1918,0.0138622580497758,0.0200003429036587,0.00893658206844702,0.604183928825194,0.407935674704728,0.921218114709482,4.9573365358252,5.4350429182045,1.31624537279185,1.14727737395621,1.14727737395621,0.416382640522233
"1919",1919,0.473355416542967,0.46692190800095,0.928264503152459,0.420719349578838,0.767791384288692,0.0372008100734092,5.81297736113567,5.4350429182045,1.31624537279185,1.14727737395621,1.14727737395621,-0.329418544730749
"1920",1920,0.414331076309318,0.68970525945304,0.838360631058109,0.881194608289865,0.0722403285646578,0.426258948443341,6.12812695627117,5.4350429182045,1.31624537279185,1.14727737395621,1.14727737395621,-0.604112007959048
"1921",1921,0.526534891583142,0.169836711787386,0.490901895607356,0.455875328091439,0.0227348148905439,0.973492761822417,4.35267124421209,5.4350429182045,1.31624537279185,1.14727737395621,1.14727737395621,0.943426322668613
"1922",1922,0.187130999700865,0.0289425710514188,0.79118801670603,0.582491054849233,0.99863261147961,0.532000154702342,5.00716942088166,5.4350429182045,1.31624537279185,1.14727737395621,1.14727737395621,0.37294686275158
"1923",1923,0.385549569961149,0.912162486641086,0.970800647509517,0.010517839856213,0.409681911976193,0.430786320414976,7.6582530765366,5.4350429182045,1.31624537279185,1.14727737395621,1.14727737395621,-1.93781400104292
"1924",1924,0.838232579128933,0.179073696559179,0.600246880645398,0.00178094922250602,0.464058855923591,0.419396547292126,4.35779379813057,5.4350429182045,1.31624537279185,1.14727737395621,1.14727737395621,0.938961357146966
"1925",1925,0.976610614009318,0.0567158045214601,0.898571498974343,0.373862400813727,0.795278254825389,0.849464563401532,3.84026785809581,5.4350429182045,1.31624537279185,1.14727737395621,1.14727737395621,1.39005187089967
"1926",1926,0.978768053844338,0.160551866372931,0.0702353901551105,0.979797198052634,0.950299432723667,0.0473992656947812,3.09808514945738,5.4350429182045,1.31624537279185,1.14727737395621,1.14727737395621,2.0369596941396
"1927",1927,0.525218799388735,0.415173136904836,0.0557086682573427,0.0650160562715028,0.538028631638154,0.319671878485358,4.69697225187501,5.4350429182045,1.31624537279185,1.14727737395621,1.14727737395621,0.643323648739246
"1928",1928,0.980122145833797,0.443699423878221,0.401265809214092,0.551110660183011,0.697608317432925,0.420044646685827,4.1236405855115,5.4350429182045,1.31624537279185,1.14727737395621,1.14727737395621,1.14305604072957
"1929",1929,0.0441685952093685,0.888603355683852,0.0589422581028193,0.219712151351618,0.552666538140271,0.978136278600898,7.59444912697988,5.4350429182045,1.31624537279185,1.14727737395621,1.14727737395621,-1.88220064109606
"1930",1930,0.977187080264906,0.0705795512523036,0.801432767138816,0.993912203098647,0.14998817782884,0.010707130885683,3.44565612664144,5.4350429182045,1.31624537279185,1.14727737395621,1.14727737395621,1.73400682060256
"1931",1931,0.0373393946830183,0.447976962604211,0.427347887456301,0.987736240268918,0.693751083904994,0.850217699661735,6.68976795533932,5.4350429182045,1.31624537279185,1.14727737395621,1.14727737395621,-1.09365447765094
"1932",1932,0.176824953975622,0.0183678119179094,0.826056905047968,0.0235441906956257,0.0163233333003009,0.994533707367489,5.60214004756295,5.4350429182045,1.31624537279185,1.14727737395621,1.14727737395621,-0.145646670240032
"1933",1933,0.093469088744605,0.761064079043455,0.289254712714697,0.0252828895366983,0.161895936886431,0.0068286631165538,7.47888698495238,5.4350429182045,1.31624537279185,1.14727737395621,1.14727737395621,-1.78147334998859
"1934",1934,0.00304259352688678,0.614082946853246,0.00945425597776193,0.647269337361096,0.64166422938637,0.434574192469474,7.06702436438435,5.4350429182045,1.31624537279185,1.14727737395621,1.14727737395621,-1.42248202851958
"1935",1935,0.993052927519311,0.0336852059705416,0.992551116852439,0.0405569754765602,0.937247523760656,0.198236328247353,4.33160095793128,5.4350429182045,1.31624537279185,1.14727737395621,1.14727737395621,0.961791791001831
"1936",1936,0.350406328365323,0.83080041005509,0.73200606785866,0.77934639427287,0.578344257770572,0.926897654971108,6.60108139457368,5.4350429182045,1.31624537279185,1.14727737395621,1.14727737395621,-1.01635271717098
"1937",1937,0.0311676337734098,0.985586813989328,0.98853573466267,0.202029372838093,0.189105253144517,0.854805213393411,9.04143632353282,5.4350429182045,1.31624537279185,1.14727737395621,1.14727737395621,-3.14343635392392
"1938",1938,0.436738622815465,0.382674906650209,0.0980887034123298,0.625619033246418,0.425924645219347,0.0382199242116185,4.75068940504,5.4350429182045,1.31624537279185,1.14727737395621,1.14727737395621,0.596502231020744
"1939",1939,0.232116349508637,0.409720076569938,0.480692859428469,0.00527043242019136,0.41007837384392,0.981035662204027,6.25501251648655,5.4350429182045,1.31624537279185,1.14727737395621,1.14727737395621,-0.714709116466326
"1940",1940,0.0544184096348472,0.298256275074091,0.932420115169836,0.985019118871656,0.983555060987012,0.0942168026703876,6.51485930790303,5.4350429182045,1.31624537279185,1.14727737395621,1.14727737395621,-0.941199063287502
"1941",1941,0.116620180505794,0.395869241319131,0.572179608166218,0.471513328296016,0.00478877638361882,0.224897166893119,6.45514129001367,5.4350429182045,1.31624537279185,1.14727737395621,1.14727737395621,-0.889147119054146
"1942",1942,0.983807219822193,0.903162243181956,0.180148294781218,0.605009695939254,0.546365229733754,0.0244855407816358,4.78588393331829,5.4350429182045,1.31624537279185,1.14727737395621,1.14727737395621,0.565825666593323
"1943",1943,0.542852578693884,0.291725856473669,0.499589517502696,0.952077990267426,0.923102920631995,0.361760304977419,4.49207394564329,5.4350429182045,1.31624537279185,1.14727737395621,1.14727737395621,0.821918913391908
"1944",1944,0.868309329580166,0.997445914226468,0.548946609276463,0.486524823157117,0.945257900506607,0.836801426705671,5.55710390957247,5.4350429182045,1.31624537279185,1.14727737395621,1.14727737395621,-0.106391875355357
"1945",1945,0.994619295029319,0.478031051807338,0.116102925609099,0.275500249419711,0.240368990805,0.650706377184601,3.96622944087517,5.4350429182045,1.31624537279185,1.14727737395621,1.14727737395621,1.28026012773559
"1946",1946,0.921927904661163,0.00545675382716581,0.17183644032781,0.697595726574422,0.998171473333379,0.670737106972374,2.87935102393554,5.4350429182045,1.31624537279185,1.14727737395621,1.14727737395621,2.22761465734833
"1947",1947,0.00731494188623037,0.286638817306259,0.523827387660276,0.442494972830871,0.895160092555918,0.0441073123601964,6.63939892010176,5.4350429182045,1.31624537279185,1.14727737395621,1.14727737395621,-1.04975137594165
"1948",1948,0.224063737479155,0.025046932329773,0.953530803355388,0.000742599083343521,0.988848908220301,0.0837538846146781,5.72130389569912,5.4350429182045,1.31624537279185,1.14727737395621,1.14727737395621,-0.249513312118666
"1949",1949,0.0962581593684154,0.606760285854223,0.639463474745629,0.389321143795969,0.96239906011615,0.732161679227953,7.26140676182032,5.4350429182045,1.31624537279185,1.14727737395621,1.14727737395621,-1.59191132421437
"1950",1950,0.74890147549822,0.465993481482845,0.911365947521757,0.444286796949455,0.444322435440496,0.624696287686471,5.1338997372066,5.4350429182045,1.31624537279185,1.14727737395621,1.14727737395621,0.262485069290135
"1951",1951,0.481820422089077,0.628039932229905,0.134594009417109,0.0766452341616387,0.929981347738765,0.919462333988864,5.43834965450634,5.4350429182045,1.31624537279185,1.14727737395621,1.14727737395621,-0.0028822465925894
"1952",1952,0.949119732002378,0.0874458768250188,0.208602351925918,0.893612381014391,0.0074649237889098,0.964258617576794,3.06049286004097,5.4350429182045,1.31624537279185,1.14727737395621,1.14727737395621,2.069726216229
"1953",1953,0.614192873952678,0.718778279572493,0.799838388112956,0.148596699117799,0.0291348082796903,0.979779984513065,6.14995934151749,5.4350429182045,1.31624537279185,1.14727737395621,1.14727737395621,-0.62314174369857
"1954",1954,0.900355933621409,0.848085773354047,0.00719384817581158,0.920284507229459,0.787621977171977,0.939587344652391,4.63133487109746,5.4350429182045,1.31624537279185,1.14727737395621,1.14727737395621,0.700535080139841
"1955",1955,0.0219413065738045,0.925127801206894,0.500118727751891,0.483976072831196,0.357243255827692,0.445555621995823,8.18064586251318,5.4350429182045,1.31624537279185,1.14727737395621,1.14727737395621,-2.39314659788059
"1956",1956,0.36992679032532,0.000176001808838919,0.688748052933603,0.856684826273471,0.619773625259637,0.975373276035651,4.135582849454,5.4350429182045,1.31624537279185,1.14727737395621,1.14727737395621,1.13264681954767
"1957",1957,0.458426033733645,0.36571602997859,0.974427964226226,0.0206249951147474,0.0535758136862423,0.31579331687896,6.14710239789784,5.4350429182045,1.31624537279185,1.14727737395621,1.14727737395621,-0.620651549361522
"1958",1958,0.0445428764651297,0.957492361310753,0.139933699293993,0.907111527963658,0.113583917948534,0.814135605753632,7.67314157178929,5.4350429182045,1.31624537279185,1.14727737395621,1.14727737395621,-1.95079124228437
"1959",1959,0.948247691989993,0.634482875238638,0.979682870046236,0.0644640041110106,0.985792256821413,0.552752124873688,5.68806969195821,5.4350429182045,1.31624537279185,1.14727737395621,1.14727737395621,-0.220545423014128
"1960",1960,0.762874649966136,0.262318691960303,0.463777491521672,0.615342715124833,0.0108936569950311,0.340795404625009,4.07165478677018,5.4350429182045,1.31624537279185,1.14727737395621,1.14727737395621,1.18836836007049
"1961",1961,0.437710850172327,0.834047282394487,0.0922648537667701,0.715332296209061,0.999766446457128,0.0284435333078727,5.80164498740443,5.4350429182045,1.31624537279185,1.14727737395621,1.14727737395621,-0.319540921421433
"1962",1962,0.622555270133424,0.743571961940266,0.574628958834335,0.0649828813064378,0.649323501836159,0.024796155184973,5.98374562369068,5.4350429182045,1.31624537279185,1.14727737395621,1.14727737395621,-0.478265080391207
"1963",1963,0.415152692941832,0.140220643664361,0.941622164727421,0.00114095969218761,0.877302565194899,0.950726022756426,5.56249678190862,5.4350429182045,1.31624537279185,1.14727737395621,1.14727737395621,-0.111092458194843
"1964",1964,0.439400864150026,0.443407224696246,0.272939767529257,0.538504679311416,0.509277853870066,0.73638244963903,5.08757068087437,5.4350429182045,1.31624537279185,1.14727737395621,1.14727737395621,0.302866809036707
"1965",1965,0.159512868254096,0.923668922300334,0.966485104653751,0.877772790821502,0.681311570796301,0.180900911188568,7.70086918860132,5.4350429182045,1.31624537279185,1.14727737395621,1.14727737395621,-1.9749594316355
"1966",1966,0.106687307047541,0.300105858848547,0.899629308039439,0.617028032865608,0.00767571314610541,0.869118536645081,6.42062772624276,5.4350429182045,1.31624537279185,1.14727737395621,1.14727737395621,-0.859064102902702
"1967",1967,0.00643622829485685,0.179959513680777,0.0132400308276992,0.148385995342745,0.339876836752519,0.0764955690144561,5.77060222211357,5.4350429182045,1.31624537279185,1.14727737395621,1.14727737395621,-0.292483153181994
"1968",1968,0.813060361944954,0.976040181755787,0.246257974925684,0.0241826912481338,0.456256675895187,0.991872985643451,5.54326553731232,5.4350429182045,1.31624537279185,1.14727737395621,1.14727737395621,-0.0943299515570769
"1969",1969,0.840296303159674,0.941608154533664,0.921867730770842,0.999499838745338,0.163417128377594,0.759101546718506,5.59176198280797,5.4350429182045,1.31624537279185,1.14727737395621,1.14727737395621,-0.136600850117917
"1970",1970,0.518515578050865,0.835215087529155,0.0850674063982442,0.28258242174366,0.0121454215353588,0.373591634683893,5.64675233728482,5.4350429182045,1.31624537279185,1.14727737395621,1.14727737395621,-0.184532026767226
"1971",1971,0.451618385357317,0.0819204418165609,0.0541200098301051,0.0311399768940173,0.0287081471048296,0.893203914310318,3.90035645566847,5.4350429182045,1.31624537279185,1.14727737395621,1.14727737395621,1.33767691874189
"1972",1972,0.777525591862621,0.0154904262083583,0.952430965997395,0.634958329414018,0.950734735013801,0.30218745396391,3.81917840306147,5.4350429182045,1.31624537279185,1.14727737395621,1.14727737395621,1.40843404727051
"1973",1973,0.0669019700210774,0.16794609601819,0.0313276764212642,0.193287858956959,0.973893807152752,0.620479659078876,5.41412612766176,5.4350429182045,1.31624537279185,1.14727737395621,1.14727737395621,0.0182316770273364
"1974",1974,0.839758513775887,0.989899967262871,0.652910432280856,0.867886693273322,0.147735899696825,0.0313734495185781,5.54104837600926,5.4350429182045,1.31624537279185,1.14727737395621,1.14727737395621,-0.0923974099124926
"1975",1975,0.894159765394637,0.437928304618574,0.0115322852544487,0.997799171299557,0.430420746570686,0.402417614142178,3.81316852727447,5.4350429182045,1.31624537279185,1.14727737395621,1.14727737395621,1.41367242808707
"1976",1976,0.999884481245652,0.972696255780989,0.0274578813362168,0.249696278073126,0.964533638779889,0.470421829247847,4.79062310807922,5.4350429182045,1.31624537279185,1.14727737395621,1.14727737395621,0.561694865386473
"1977",1977,0.862911399403354,0.0477017635399243,0.795032522869064,0.0533301975661889,0.0565925225530518,0.864067783919629,4.19058741375802,5.4350429182045,1.31624537279185,1.14727737395621,1.14727737395621,1.08470325720376
"1978",1978,0.0462935234415345,0.22093292938231,0.0777840921094175,0.941321666760254,0.811248826250783,0.0511865571178496,5.63955928570598,5.4350429182045,1.31624537279185,1.14727737395621,1.14727737395621,-0.178262355855791
"1979",1979,0.89962731349282,0.504513048967696,0.701269510147744,0.901086503751227,0.823869915973744,0.835775551027968,4.49934519578462,5.4350429182045,1.31624537279185,1.14727737395621,1.14727737395621,0.815581082361338
"1980",1980,0.0231144553903723,0.805182627728907,0.966588887995691,0.194707690150826,0.954228982657543,0.0769570947269676,8.70761941156071,5.4350429182045,1.31624537279185,1.14727737395621,1.14727737395621,-2.85247191973396
"1981",1981,0.969475306626759,0.0615301134932088,0.995988371096319,0.271344375071931,0.310257115475135,0.0147942449796246,4.11439498382222,5.4350429182045,1.31624537279185,1.14727737395621,1.14727737395621,1.1511147734294
"1982",1982,0.0332015085375169,0.985073429137003,0.981860749160754,0.989736916114925,0.0808624099206645,0.911647548068315,8.40574935660284,5.4350429182045,1.31624537279185,1.14727737395621,1.14727737395621,-2.58935328616681
"1983",1983,0.935955862663803,0.926097450543079,0.81861730928428,0.00261550394853111,0.18214039468742,0.414491957727587,6.12020451660836,5.4350429182045,1.31624537279185,1.14727737395621,1.14727737395621,-0.597206581387712
"1984",1984,0.288158625842305,0.987919413803029,0.209774918523268,0.980221129166428,0.809287283221143,0.649725407384569,6.66989525041184,5.4350429182045,1.31624537279185,1.14727737395621,1.14727737395621,-1.07633285571487
"1985",1985,0.389948211262235,0.280723393038264,0.833794031144935,0.953153995203786,0.392582484436338,0.0927279643823858,5.11329236637399,5.4350429182045,1.31624537279185,1.14727737395621,1.14727737395621,0.280447047187031
"1986",1986,0.664826186763588,0.101117810867727,0.278074730698951,0.292570422093151,0.945708760664798,0.0301095912160818,3.74346662183955,5.4350429182045,1.31624537279185,1.14727737395621,1.14727737395621,1.47442661623475
"1987",1987,0.00795007647015154,0.77477074755542,0.371152099430678,0.246630230442039,0.00352433988137636,0.974014264285797,7.92842842243066,5.4350429182045,1.31624537279185,1.14727737395621,1.14727737395621,-2.17330661340257
"1988",1988,0.210973643915611,0.0142114581252681,0.170338918954134,0.906101144628832,0.0201709482526639,0.557970569824334,4.21240750229399,5.4350429182045,1.31624537279185,1.14727737395621,1.14727737395621,1.06568423963112
"1989",1989,0.134865265046712,0.995010446522501,0.997067371077603,0.35207221556874,0.0331168749057688,0.0672042638694402,8.37345814223457,5.4350429182045,1.31624537279185,1.14727737395621,1.14727737395621,-2.56120733375696
"1990",1990,0.971652936835075,0.12736891989049,0.318269007805618,0.0780251289898297,0.858510165076004,0.901564952631248,3.55336316603783,5.4350429182045,1.31624537279185,1.14727737395621,1.14727737395621,1.64012626317033
"1991",1991,0.0577440840718336,0.472119439966744,0.993213796968805,0.939254086067784,0.994052272882196,0.761812205470516,7.09653289588041,5.4350429182045,1.31624537279185,1.14727737395621,1.14727737395621,-1.44820251439852
"1992",1992,0.14291609418008,0.932255281439866,0.0515232126630144,0.0699650881494163,0.777144614953664,0.410208599126898,7.22374848339022,5.4350429182045,1.31624537279185,1.14727737395621,1.14727737395621,-1.5590872842002
"1993",1993,0.92402035593451,0.239416523883585,0.109009558356251,0.0513117369151441,0.0367940837711794,0.103798737562378,3.60911663501736,5.4350429182045,1.31624537279185,1.14727737395621,1.14727737395621,1.59152993394327
"1994",1994,0.879969400726492,0.103294266987243,0.938492824297166,0.95462911493436,0.066022871925612,0.805007678028895,3.73431918526328,5.4350429182045,1.31624537279185,1.14727737395621,1.14727737395621,1.482399785395
"1995",1995,0.381346251186798,0.144926718902891,0.00449321169254836,0.975185998657602,0.962584905102965,0.915565604284056,4.05584232404058,5.4350429182045,1.31624537279185,1.14727737395621,1.14727737395621,1.20215095797449
"1996",1996,0.47834096585284,0.969498693245463,0.941352366546285,0.164962685626699,0.788178799349698,0.981725029070629,7.18409494791431,5.4350429182045,1.31624537279185,1.14727737395621,1.14727737395621,-1.52452412068275
"1997",1997,0.14532592734939,0.893496420087176,0.0499326094926801,0.855591878566192,0.142931036332622,0.00221910266927443,6.97692917762649,5.4350429182045,1.31624537279185,1.14727737395621,1.14727737395621,-1.34395246905727
"1998",1998,0.981571755622281,0.754190504888305,0.787710115372203,0.654961803576793,0.88341362153471,0.0255242959975731,5.07311434727305,5.4350429182045,1.31624537279185,1.14727737395621,1.14727737395621,0.315467365736845
"1999",1999,0.999286208703183,0.97844598133862,0.152944881818607,0.748474216297618,0.088833885379252,0.995348443295225,4.82572693934574,5.4350429182045,1.31624537279185,1.14727737395621,1.14727737395621,0.531097355086527
"2000",2000,0.0770326953826006,0.0138164602827746,0.673791976990062,0.143140365371364,0.471868232896435,0.471475065208273,5.60385675462944,5.4350429182045,1.31624537279185,1.14727737395621,1.14727737395621,-0.147143001559258
